0.000000 -16.055770
0.010000 -16.057028
0.020000 -16.060594
0.030000 -16.065918
0.040000 -16.072273
0.050000 -16.079010
0.060000 -16.085536
0.070000 -16.091647
0.080000 -16.097374
0.090000 -16.102887
0.100000 -16.108377
0.110000 -16.113798
0.120000 -16.118782
0.130000 -16.122747
0.140000 -16.125133
0.150000 -16.125593
0.160000 -16.124121
0.170000 -16.121164
0.180000 -16.117378
0.190000 -16.113472
0.200000 -16.110074
0.210000 -16.107623
0.220000 -16.106317
0.230000 -16.106047
0.240000 -16.106396
0.250000 -16.106883
0.260000 -16.107091
0.270000 -16.106906
0.280000 -16.106609
0.290000 -16.106722
0.300000 -16.107788
0.310000 -16.110034
0.320000 -16.113171
0.330000 -16.116480
0.340000 -16.119086
0.350000 -16.120238
0.360000 -16.119606
0.370000 -16.117458
0.380000 -16.114523
0.390000 -16.111622
0.400000 -16.109396
0.410000 -16.108136
0.420000 -16.107841
0.430000 -16.108223
0.440000 -16.108757
0.450000 -16.108922
0.460000 -16.108454
0.470000 -16.107531
0.480000 -16.106674
0.490000 -16.106381
0.500000 -16.107223
0.510000 -16.109488
0.520000 -16.112864
0.530000 -16.116538
0.540000 -16.119529
0.550000 -16.120966
0.560000 -16.120382
0.570000 -16.117957
0.580000 -16.114359
0.590000 -16.110691
0.600000 -16.107937
0.610000 -16.106767
0.620000 -16.107072
0.630000 -16.108299
0.640000 -16.109551
0.650000 -16.109982
0.660000 -16.109077
0.670000 -16.107042
0.680000 -16.104625
0.690000 -16.103093
0.700000 -16.103734
0.710000 -16.107294
0.720000 -16.113579
0.730000 -16.121261
0.740000 -16.128402
0.750000 -16.132749
0.760000 -16.132533
0.770000 -16.127130
0.780000 -16.117258
0.790000 -16.105019
0.800000 -16.093361
0.810000 -16.085450
0.820000 -16.083339
0.830000 -16.087405
0.840000 -16.096913
0.850000 -16.109814
0.860000 -16.122862
0.870000 -16.132814
0.880000 -16.137600
0.890000 -16.136353
0.900000 -16.129553
0.910000 -16.119322
0.920000 -16.108503
0.930000 -16.099946
0.940000 -16.095264
0.950000 -16.095071
0.960000 -16.098675
0.970000 -16.104498
0.980000 -16.110678
0.990000 -16.115542
1.000000 -16.118052
1.010000 -16.118067
1.020000 -16.116294
1.030000 -16.113847
1.040000 -16.111840
1.050000 -16.110929
1.060000 -16.111300
1.070000 -16.112529
1.080000 -16.113929
1.090000 -16.114726
1.100000 -16.114418
1.110000 -16.112994
1.120000 -16.110934
1.130000 -16.108901
1.140000 -16.107578
1.150000 -16.107308
1.160000 -16.108243
1.170000 -16.110020
1.180000 -16.112098
1.190000 -16.113822
1.200000 -16.114769
1.210000 -16.114777
1.220000 -16.113949
1.230000 -16.112784
1.240000 -16.111781
1.250000 -16.111237
1.260000 -16.111303
1.270000 -16.111846
1.280000 -16.112530
1.290000 -16.112970
1.300000 -16.112930
1.310000 -16.112328
1.320000 -16.111382
1.330000 -16.110438
1.340000 -16.109833
1.350000 -16.109764
1.360000 -16.110320
1.370000 -16.111327
1.380000 -16.112506
1.390000 -16.113491
1.400000 -16.113999
1.410000 -16.113962
1.420000 -16.113405
1.430000 -16.112638
1.440000 -16.111919
1.450000 -16.111501
1.460000 -16.111478
1.470000 -16.111772
1.480000 -16.112196
1.490000 -16.112515
1.500000 -16.112524
1.510000 -16.112219
1.520000 -16.111692
1.530000 -16.111190
1.540000 -16.110864
1.550000 -16.110876
1.560000 -16.111290
1.570000 -16.111999
1.580000 -16.112770
1.590000 -16.113420
1.600000 -16.113753
1.610000 -16.113670
1.620000 -16.113247
1.630000 -16.112658
1.640000 -16.112111
1.650000 -16.111790
1.660000 -16.111715
1.670000 -16.111889
1.680000 -16.112210
1.690000 -16.112426
1.700000 -16.112486
1.710000 -16.112313
1.720000 -16.112022
1.730000 -16.111711
1.740000 -16.111525
1.750000 -16.111576
1.760000 -16.111896
1.770000 -16.112424
1.780000 -16.112989
1.790000 -16.113463
1.800000 -16.113678
1.810000 -16.113579
1.820000 -16.113255
1.830000 -16.112782
1.840000 -16.112332
1.850000 -16.112055
1.860000 -16.111994
1.870000 -16.112107
1.880000 -16.112338
1.890000 -16.112535
1.900000 -16.112613
1.910000 -16.112545
1.920000 -16.112359
1.930000 -16.112169
1.940000 -16.112054
1.950000 -16.112108
1.960000 -16.112356
1.970000 -16.112758
1.980000 -16.113206
1.990000 -16.113557
2.000000 -16.113690
2.010000 -16.113598
2.020000 -16.113304
2.030000 -16.112917
2.040000 -16.112567
2.050000 -16.112345
2.060000 -16.112293
2.070000 -16.112405
2.080000 -16.112589
2.090000 -16.112767
2.100000 -16.112866
2.110000 -16.112850
2.120000 -16.112733
2.130000 -16.112587
2.140000 -16.112514
2.150000 -16.112562
2.160000 -16.112752
2.170000 -16.113052
2.180000 -16.113391
2.190000 -16.113635
2.200000 -16.113744
2.210000 -16.113658
2.220000 -16.113417
2.230000 -16.113105
2.240000 -16.112833
2.250000 -16.112661
2.260000 -16.112645
2.270000 -16.112743
2.280000 -16.112919
2.290000 -16.113086
2.300000 -16.113202
2.310000 -16.113226
2.320000 -16.113135
2.330000 -16.113019
2.340000 -16.112956
2.350000 -16.112956
2.360000 -16.113103
2.370000 -16.113332
2.380000 -16.113579
2.390000 -16.113774
2.400000 -16.113847
2.410000 -16.113760
2.420000 -16.113576
2.430000 -16.113349
2.440000 -16.113123
2.450000 -16.113003
2.460000 -16.113017
2.470000 -16.113136
2.480000 -16.113319
2.490000 -16.113472
2.500000 -16.113599
2.510000 -16.113633
2.520000 -16.113568
2.530000 -16.113466
2.540000 -16.113362
2.550000 -16.113344
2.560000 -16.113449
2.570000 -16.113592
2.580000 -16.113778
2.590000 -16.113927
2.600000 -16.113978
2.610000 -16.113907
2.620000 -16.113770
2.630000 -16.113599
2.640000 -16.113452
2.650000 -16.113413
2.660000 -16.113434
2.670000 -16.113558
2.680000 -16.113748
2.690000 -16.113920
2.700000 -16.114038
2.710000 -16.114066
2.720000 -16.113998
2.730000 -16.113874
2.740000 -16.113773
2.750000 -16.113756
2.760000 -16.113775
2.770000 -16.113866
2.780000 -16.114065
2.790000 -16.114143
2.800000 -16.114183
2.810000 -16.114127
2.820000 -16.114004
2.830000 -16.113902
2.840000 -16.113854
2.850000 -16.113817
2.860000 -16.113855
2.870000 -16.113997
2.880000 -16.114206
2.890000 -16.114388
2.900000 -16.114464
2.910000 -16.114465
2.920000 -16.114426
2.930000 -16.114321
2.940000 -16.114199
2.950000 -16.114105
2.960000 -16.114123
2.970000 -16.114224
2.980000 -16.114312
2.990000 -16.114383
3.000000 -16.114410
3.010000 -16.114435
3.020000 -16.114364
3.030000 -16.114277
3.040000 -16.114226
3.050000 -16.114253
3.060000 -16.114335
3.070000 -16.114484
3.080000 -16.114639
3.090000 -16.114804
3.100000 -16.114902
3.110000 -16.114897
3.120000 -16.114820
3.130000 -16.114714
3.140000 -16.114608
3.150000 -16.114532
3.160000 -16.114515
3.170000 -16.114571
3.180000 -16.114651
3.190000 -16.114740
3.200000 -16.114779
3.210000 -16.114790
3.220000 -16.114759
3.230000 -16.114706
3.240000 -16.114679
3.250000 -16.114724
3.260000 -16.114804
3.270000 -16.114927
3.280000 -16.115077
3.290000 -16.115214
3.300000 -16.115250
3.310000 -16.115291
3.320000 -16.115234
3.330000 -16.115115
3.340000 -16.115016
3.350000 -16.114962
3.360000 -16.114941
3.370000 -16.114979
3.380000 -16.115066
3.390000 -16.115164
3.400000 -16.115229
3.410000 -16.115248
3.420000 -16.115246
3.430000 -16.115190
3.440000 -16.115184
3.450000 -16.115182
3.460000 -16.115255
3.470000 -16.115370
3.480000 -16.115490
3.490000 -16.115600
3.500000 -16.115666
3.510000 -16.115657
3.520000 -16.115605
3.530000 -16.115511
3.540000 -16.115443
3.550000 -16.115393
3.560000 -16.115394
3.570000 -16.115455
3.580000 -16.115556
3.590000 -16.115654
3.600000 -16.115723
3.610000 -16.115761
3.620000 -16.115735
3.630000 -16.115713
3.640000 -16.115692
3.650000 -16.115696
3.660000 -16.115724
3.670000 -16.115808
3.680000 -16.115895
3.690000 -16.115988
3.700000 -16.116047
3.710000 -16.116040
3.720000 -16.115995
3.730000 -16.115936
3.740000 -16.115902
3.750000 -16.115892
3.760000 -16.115916
3.770000 -16.115997
3.780000 -16.116106
3.790000 -16.116204
3.800000 -16.116270
3.810000 -16.116315
3.820000 -16.116297
3.830000 -16.116250
3.840000 -16.116213
3.850000 -16.116171
3.860000 -16.116197
3.870000 -16.116247
3.880000 -16.116327
3.890000 -16.116411
3.900000 -16.116454
3.910000 -16.116453
3.920000 -16.116426
3.930000 -16.116402
3.940000 -16.116387
3.950000 -16.116391
3.960000 -16.116449
3.970000 -16.116537
3.980000 -16.116640
3.990000 -16.116741
4.000000 -16.116823
4.010000 -16.116860
4.020000 -16.116834
4.030000 -16.116791
4.040000 -16.116760
4.050000 -16.116700
4.060000 -16.116709
4.070000 -16.116740
4.080000 -16.116808
4.090000 -16.116874
4.100000 -16.116910
4.110000 -16.116938
4.120000 -16.116941
4.130000 -16.116934
4.140000 -16.116912
4.150000 -16.116933
4.160000 -16.117007
4.170000 -16.117078
4.180000 -16.117185
4.190000 -16.117298
4.200000 -16.117348
4.210000 -16.117372
4.220000 -16.117366
4.230000 -16.117308
4.240000 -16.117265
4.250000 -16.117242
4.260000 -16.117230
4.270000 -16.117279
4.280000 -16.117336
4.290000 -16.117398
4.300000 -16.117466
4.310000 -16.117498
4.320000 -16.117513
4.330000 -16.117493
4.340000 -16.117490
4.350000 -16.117509
4.360000 -16.117566
4.370000 -16.117625
4.380000 -16.117713
4.390000 -16.117819
4.400000 -16.117867
4.410000 -16.117877
4.420000 -16.117862
4.430000 -16.117826
4.440000 -16.117803
4.450000 -16.117791
4.460000 -16.117818
4.470000 -16.117858
4.480000 -16.117918
4.490000 -16.117998
4.500000 -16.118072
4.510000 -16.118123
4.520000 -16.118141
4.530000 -16.118122
4.540000 -16.118109
4.550000 -16.118115
4.560000 -16.118127
4.570000 -16.118175
4.580000 -16.118253
4.590000 -16.118314
4.600000 -16.118360
4.610000 -16.118383
4.620000 -16.118388
4.630000 -16.118354
4.640000 -16.118364
4.650000 -16.118366
4.660000 -16.118397
4.670000 -16.118475
4.680000 -16.118542
4.690000 -16.118633
4.700000 -16.118707
4.710000 -16.118767
4.720000 -16.118763
4.730000 -16.118754
4.740000 -16.118741
4.750000 -16.118721
4.760000 -16.118730
4.770000 -16.118759
4.780000 -16.118805
4.790000 -16.118865
4.800000 -16.118919
4.810000 -16.118943
4.820000 -16.118955
4.830000 -16.118954
4.840000 -16.118955
4.850000 -16.118996
4.860000 -16.119016
4.870000 -16.119105
4.880000 -16.119181
4.890000 -16.119269
4.900000 -16.119343
4.910000 -16.119367
4.920000 -16.119383
4.930000 -16.119370
4.940000 -16.119343
4.950000 -16.119318
4.960000 -16.119327
4.970000 -16.119373
4.980000 -16.119423
4.990000 -16.119487
5.000000 -16.119540
