0.00        -33076060.0695584  -33077289.3361711  -33077289.3361711 IE: -6.9219296381  FE:  -6.9221868905
0.01        -33076060.1348103  -33077291.9132952  -33077291.9132952 IE: -6.9219296518  FE:  -6.9221874299
0.02        -33076060.4255536  -33077293.2943523  -33077293.2943523 IE: -6.9219297126  FE:  -6.9221877189
0.03        -33076060.8431797  -33077294.1233907  -33077294.1233907 IE: -6.9219298000  FE:  -6.9221878924
0.04        -33076061.3073018  -33077293.9394461  -33077293.9394461 IE: -6.9219298971  FE:  -6.9221878539
0.05        -33076061.7075695  -33077295.1318691  -33077295.1318691 IE: -6.9219299809  FE:  -6.9221881034
0.06        -33076061.8035196   -33077299.478876   -33077299.478876 IE: -6.9219300010  FE:  -6.9221890131
0.07        -33076061.7702819  -33077300.1238659  -33077300.1238659 IE: -6.9219299940  FE:  -6.9221891481
0.08        -33076061.5609353  -33077300.0055131  -33077300.0055131 IE: -6.9219299502  FE:  -6.9221891233
0.09        -33076061.4482716  -33077302.3212863  -33077302.3212863 IE: -6.9219299266  FE:  -6.9221896080
0.10        -33076061.4525631  -33077298.6867478  -33077298.6867478 IE: -6.9219299275  FE:  -6.9221888474
0.11        -33076061.6301868  -33077298.0884957  -33077298.0884957 IE: -6.9219299647  FE:  -6.9221887222
0.12         -33076061.856845  -33077301.9120072  -33077301.9120072 IE: -6.9219300121  FE:  -6.9221895223
0.13        -33076062.1166495  -33077304.7338771  -33077304.7338771 IE: -6.9219300665  FE:  -6.9221901129
0.14        -33076062.2848473  -33077305.0286828  -33077305.0286828 IE: -6.9219301017  FE:  -6.9221901746
0.15        -33076062.3262694  -33077306.3543554  -33077306.3543554 IE: -6.9219301104  FE:  -6.9221904520
0.16        -33076062.1767896  -33077305.9317088  -33077305.9317088 IE: -6.9219300791  FE:  -6.9221903635
0.17          -33076061.78966  -33077307.0057702  -33077307.0057702 IE: -6.9219299981  FE:  -6.9221905883
0.18        -33076061.2100806  -33077308.1767886  -33077308.1767886 IE: -6.9219298768  FE:  -6.9221908334
0.19        -33076060.5573811  -33077308.5890637  -33077308.5890637 IE: -6.9219297402  FE:  -6.9221909197
0.20        -33076060.0592483  -33077311.5791268  -33077311.5791268 IE: -6.9219296359  FE:  -6.9221915454
0.21        -33076059.8986828  -33077308.6161198  -33077308.6161198 IE: -6.9219296023  FE:  -6.9221909253
0.22        -33076060.2391371  -33077308.4817202  -33077308.4817202 IE: -6.9219296736  FE:  -6.9221908972
0.23         -33076060.967127  -33077304.0612713  -33077304.0612713 IE: -6.9219298259  FE:  -6.9221899721
0.24        -33076061.8638497  -33077318.5702243  -33077318.5702243 IE: -6.9219300136  FE:  -6.9221930084
0.25        -33076062.6145393  -33077320.9911515  -33077320.9911515 IE: -6.9219301707  FE:  -6.9221935151
0.26        -33076063.0562115  -33077321.7552956  -33077321.7552956 IE: -6.9219302631  FE:  -6.9221936750
0.27        -33076062.8976357  -33077322.1627433  -33077322.1627433 IE: -6.9219302299  FE:  -6.9221937603
0.28        -33076062.0524543  -33077322.7895939  -33077322.7895939 IE: -6.9219300531  FE:  -6.9221938914
0.29        -33076060.7987381  -33077320.9102619  -33077320.9102619 IE: -6.9219297907  FE:  -6.9221934981
0.30        -33076059.3792196  -33077322.3592147  -33077322.3592147 IE: -6.9219294936  FE:  -6.9221938014
0.31        -33076058.1190169  -33077323.3488693  -33077323.3488693 IE: -6.9219292299  FE:  -6.9221940085
0.32        -33076057.4590116  -33077323.1188419  -33077323.1188419 IE: -6.9219290918  FE:  -6.9221939603
0.33        -33076057.6013722  -33077322.2789085  -33077322.2789085 IE: -6.9219291216  FE:  -6.9221937846
0.34        -33076058.6090933  -33077322.4431886  -33077322.4431886 IE: -6.9219293325  FE:  -6.9221938189
0.35        -33076060.1889436   -33077343.000852   -33077343.000852 IE: -6.9219296631  FE:  -6.9221981211
0.36        -33076061.8705785   -33077342.953821   -33077342.953821 IE: -6.9219300150  FE:  -6.9221981113
0.37        -33076063.1130325  -33077342.6048903  -33077342.6048903 IE: -6.9219302750  FE:  -6.9221980383
0.38         -33076063.477257  -33077342.0904598  -33077342.0904598 IE: -6.9219303512  FE:  -6.9221979306
0.39        -33076062.6542744  -33077343.3578625  -33077343.3578625 IE: -6.9219301790  FE:  -6.9221981958
0.40        -33076060.6961907   -33077342.495462   -33077342.495462 IE: -6.9219297692  FE:  -6.9221980154
0.41        -33076057.9218621  -33077342.2990846  -33077342.2990846 IE: -6.9219291887  FE:  -6.9221979743
0.42        -33076054.9660086  -33077342.9960559  -33077342.9960559 IE: -6.9219285701  FE:  -6.9221981201
0.43        -33076052.6239331   -33077341.955679   -33077341.955679 IE: -6.9219280799  FE:  -6.9221979024
0.44        -33076051.6256364  -33077342.5329683  -33077342.5329683 IE: -6.9219278710  FE:  -6.9221980232
0.45         -33076052.435275  -33077345.0354665  -33077345.0354665 IE: -6.9219280405  FE:  -6.9221985469
0.46        -33076054.8423625  -33077348.8607732  -33077348.8607732 IE: -6.9219285442  FE:  -6.9221993474
0.47        -33076058.2113476  -33077374.9995218  -33077374.9995218 IE: -6.9219292492  FE:  -6.9222048176
0.48        -33076061.5110144  -33077375.1415898  -33077375.1415898 IE: -6.9219299398  FE:  -6.9222048473
0.49        -33076063.7297164  -33077375.0578075  -33077375.0578075 IE: -6.9219304041  FE:  -6.9222048298
0.50        -33076063.5963311  -33077374.8211422  -33077374.8211422 IE: -6.9219303762  FE:  -6.9222047802
0.51        -33076060.3830049   -33077375.045735   -33077375.045735 IE: -6.9219297037  FE:  -6.9222048272
0.52        -33076054.1083264  -33077375.0496951  -33077375.0496951 IE: -6.9219283906  FE:  -6.9222048281
0.53        -33076045.4038556  -33077373.3361957  -33077373.3361957 IE: -6.9219265690  FE:  -6.9222044695
0.54        -33076035.7064726  -33077373.4701164  -33077373.4701164 IE: -6.9219245396  FE:  -6.9222044975
0.55        -33076026.9350604  -33077373.0896428  -33077373.0896428 IE: -6.9219227039  FE:  -6.9222044179
0.56        -33076021.4999242  -33077348.0158302  -33077348.0158302 IE: -6.9219215665  FE:  -6.9221991706
0.57        -33076020.8388396   -33077348.670853   -33077348.670853 IE: -6.9219214282  FE:  -6.9221993077
0.58         -33076025.965152  -33077347.2451542  -33077347.2451542 IE: -6.9219225010  FE:  -6.9221990093
0.59        -33076036.6312594  -33077342.4568059  -33077342.4568059 IE: -6.9219247331  FE:  -6.9221980073
0.60        -33076051.9809502  -33077385.7534531  -33077385.7534531 IE: -6.9219279454  FE:  -6.9222070681
0.61        -33076070.2192982    -33077385.19149    -33077385.19149 IE: -6.9219317622  FE:  -6.9222069505
0.62        -33076088.6293183  -33077385.8651535  -33077385.8651535 IE: -6.9219356149  FE:  -6.9222070915
0.63         -33076104.468702  -33077385.7098122  -33077385.7098122 IE: -6.9219389297  FE:  -6.9222070590
0.64        -33076115.6074779  -33077385.3729635  -33077385.3729635 IE: -6.9219412607  FE:  -6.9222069885
0.65        -33076120.8114561  -33077386.1701598  -33077386.1701598 IE: -6.9219423498  FE:  -6.9222071553
0.66         -33076119.577473  -33077386.1820918  -33077386.1820918 IE: -6.9219420915  FE:  -6.9222071578
0.67        -33076112.6704857    -33077385.55895    -33077385.55895 IE: -6.9219406461  FE:  -6.9222070274
0.68        -33076101.8693096  -33077383.5825669  -33077383.5825669 IE: -6.9219383857  FE:  -6.9222066138
0.69        -33076089.6960159  -33077386.2079112  -33077386.2079112 IE: -6.9219358381  FE:  -6.9222071632
0.71        -33076069.8966529  -33077386.1997995  -33077386.1997995 IE: -6.9219316947  FE:  -6.9222071615
0.73        -33076064.2841735   -33077386.163191   -33077386.163191 IE: -6.9219305201  FE:  -6.9222071538
0.74        -33076066.7942421  -33077348.6378191  -33077348.6378191 IE: -6.9219310454  FE:  -6.9221993008
0.75        -33076071.2714982  -33077344.2799923  -33077344.2799923 IE: -6.9219319824  FE:  -6.9221983888
0.76        -33076076.1030792  -33077346.4176905  -33077346.4176905 IE: -6.9219329935  FE:  -6.9221988362
0.77        -33076079.8437054  -33077347.1937824  -33077347.1937824 IE: -6.9219337763  FE:  -6.9221989986
0.78        -33076081.5068206  -33077346.6159518  -33077346.6159518 IE: -6.9219341243  FE:  -6.9221988777
0.79        -33076080.7149244  -33077346.3100663  -33077346.3100663 IE: -6.9219339586  FE:  -6.9221988136
0.80        -33076077.8210341  -33077345.9426486  -33077345.9426486 IE: -6.9219333530  FE:  -6.9221987368
0.81        -33076073.7971892  -33077345.7831766  -33077345.7831766 IE: -6.9219325109  FE:  -6.9221987034
0.82        -33076069.5849377  -33077345.3408434  -33077345.3408434 IE: -6.9219316294  FE:  -6.9221986108
0.83        -33076066.3704039  -33077346.6627308  -33077346.6627308 IE: -6.9219309567  FE:  -6.9221988874
0.85        -33076065.0238795  -33077346.3366146  -33077346.3366146 IE: -6.9219306749  FE:  -6.9221988192
0.86        -33076066.9325595  -33077319.7940819  -33077319.7940819 IE: -6.9219310743  FE:  -6.9221932646
0.87        -33076069.7698867  -33077318.2246848  -33077318.2246848 IE: -6.9219316681  FE:  -6.9221929361
0.88        -33076072.6555871  -33077318.6590604  -33077318.6590604 IE: -6.9219322720  FE:  -6.9221930270
0.89         -33076074.725511  -33077318.2420387  -33077318.2420387 IE: -6.9219327052  FE:  -6.9221929398
0.90        -33076075.4221847  -33077318.9744831  -33077318.9744831 IE: -6.9219328510  FE:  -6.9221930930
0.91        -33076074.6382897   -33077318.411487   -33077318.411487 IE: -6.9219326869  FE:  -6.9221929752
0.92        -33076072.6368332  -33077316.5686289  -33077316.5686289 IE: -6.9219322681  FE:  -6.9221925896
0.93        -33076069.9947802  -33077318.4775801  -33077318.4775801 IE: -6.9219317152  FE:  -6.9221929891
0.94        -33076067.4305028  -33077318.4462873  -33077318.4462873 IE: -6.9219311786  FE:  -6.9221929825
0.96        -33076064.9576863  -33077318.6872819  -33077318.6872819 IE: -6.9219306611  FE:  -6.9221930329
0.98        -33076067.3783661  -33077318.3513114  -33077318.3513114 IE: -6.9219311676  FE:  -6.9221929626
0.99        -33076069.4656425  -33077294.5557812  -33077294.5557812 IE: -6.9219316045  FE:  -6.9221879829
1.00        -33076071.5318354  -33077294.3833657  -33077294.3833657 IE: -6.9219320369  FE:  -6.9221879468
