
0.00        -33076070.4939084  -33077299.3997844  -33077299.3997844 IE: -6.9219318196  FE:  -6.9221889966
0.01        -33076070.5217018  -33077299.1778529  -33077299.1778529 IE: -6.9219318255  FE:  -6.9221889501
0.02        -33076070.6991133  -33077298.4251735  -33077298.4251735 IE: -6.9219318626  FE:  -6.9221887926
0.03        -33076071.0331232  -33077297.1269604  -33077297.1269604 IE: -6.9219319325  FE:  -6.9221885209
0.04         -33076071.487102   -33077295.604809   -33077295.604809 IE: -6.9219320275  FE:  -6.9221882024
0.05        -33076072.1651328  -33077298.2322515  -33077298.2322515 IE: -6.9219321694  FE:  -6.9221887523
0.06        -33076072.7846801  -33077303.1548487  -33077303.1548487 IE: -6.9219322990  FE:  -6.9221897824
0.07        -33076073.3921388  -33077305.2944036  -33077305.2944036 IE: -6.9219324262  FE:  -6.9221902302
0.08        -33076073.7994375  -33077304.9535066  -33077304.9535066 IE: -6.9219325114  FE:  -6.9221901588
0.09        -33076073.9414081  -33077305.6267939  -33077305.6267939 IE: -6.9219325411  FE:  -6.9221902997
0.10        -33076073.6744471  -33077306.0671688  -33077306.0671688 IE: -6.9219324852  FE:  -6.9221903919
0.11        -33076073.0987022  -33077305.2780026  -33077305.2780026 IE: -6.9219323648  FE:  -6.9221902267
0.12        -33076072.2734898  -33077302.7983291  -33077302.7983291 IE: -6.9219321921  FE:  -6.9221897078
0.13        -33076071.5198137   -33077302.480591   -33077302.480591 IE: -6.9219320343  FE:  -6.9221896413
0.14        -33076071.0878859  -33077303.7453748  -33077303.7453748 IE: -6.9219319439  FE:  -6.9221899060
0.15        -33076071.0629386    -33077304.32092    -33077304.32092 IE: -6.9219319387  FE:  -6.9221900264
0.16        -33076071.6217192  -33077304.1888779  -33077304.1888779 IE: -6.9219320557  FE:  -6.9221899988
0.17        -33076072.6379787  -33077305.4756511  -33077305.4756511 IE: -6.9219322683  FE:  -6.9221902681
0.18        -33076073.8373508  -33077312.8523003  -33077312.8523003 IE: -6.9219325193  FE:  -6.9221918118
0.19        -33076074.9809271  -33077312.9548282  -33077312.9548282 IE: -6.9219327587  FE:  -6.9221918333
0.20        -33076075.7129799  -33077314.7262609  -33077314.7262609 IE: -6.9219329119  FE:  -6.9221922040
0.21        -33076075.7560877  -33077315.5147527  -33077315.5147527 IE: -6.9219329209  FE:  -6.9221923690
0.22        -33076075.1137431  -33077316.9287838  -33077316.9287838 IE: -6.9219327864  FE:  -6.9221926649
0.23           -33076073.8323  -33077317.2255523  -33077317.2255523 IE: -6.9219325183  FE:  -6.9221927270
0.24        -33076072.3182272  -33077316.4784074  -33077316.4784074 IE: -6.9219322014  FE:  -6.9221925707
0.25         -33076071.061443  -33077315.1912146  -33077315.1912146 IE: -6.9219319384  FE:  -6.9221923013
0.26        -33076070.3788599  -33077314.5658357  -33077314.5658357 IE: -6.9219317956  FE:  -6.9221921704
0.27        -33076070.7334611   -33077316.411201   -33077316.411201 IE: -6.9219318698  FE:  -6.9221925566
0.28        -33076072.2036532  -33077318.5625759  -33077318.5625759 IE: -6.9219321774  FE:  -6.9221930068
0.29        -33076074.3537215  -33077333.0301771  -33077333.0301771 IE: -6.9219326274  FE:  -6.9221960345
0.30        -33076076.7223344  -33077335.3834827  -33077335.3834827 IE: -6.9219331231  FE:  -6.9221965270
0.31        -33076078.6706401  -33077335.5405586  -33077335.5405586 IE: -6.9219335308  FE:  -6.9221965599
0.32        -33076079.6489826  -33077335.4948092  -33077335.4948092 IE: -6.9219337356  FE:  -6.9221965503
0.33        -33076079.2849406  -33077335.1368756  -33077335.1368756 IE: -6.9219336594  FE:  -6.9221964754
0.34        -33076077.6565143  -33077335.4932576  -33077335.4932576 IE: -6.9219333186  FE:  -6.9221965500
0.35        -33076075.0859624  -33077333.6901099  -33077333.6901099 IE: -6.9219327806  FE:  -6.9221961726
0.36        -33076072.4315473  -33077332.9877478  -33077332.9877478 IE: -6.9219322251  FE:  -6.9221960256
0.37        -33076070.4647167  -33077333.8414012  -33077333.8414012 IE: -6.9219318135  FE:  -6.9221962043
0.38        -33076069.9985991  -33077333.7221828  -33077333.7221828 IE: -6.9219317160  FE:  -6.9221961793
0.39        -33076071.4221036  -33077361.3419077  -33077361.3419077 IE: -6.9219320139  FE:  -6.9222019594
0.40        -33076074.6750075  -33077361.3216321  -33077361.3216321 IE: -6.9219326946  FE:  -6.9222019552
0.41        -33076079.1011874  -33077361.7060909  -33077361.7060909 IE: -6.9219336209  FE:  -6.9222020356
0.42        -33076083.7384639  -33077363.1029777  -33077363.1029777 IE: -6.9219345914  FE:  -6.9222023279
0.43        -33076087.2180007  -33077363.0579545  -33077363.0579545 IE: -6.9219353195  FE:  -6.9222023185
0.44        -33076088.5803307  -33077362.3243525  -33077362.3243525 IE: -6.9219356046  FE:  -6.9222021650
0.45        -33076087.2790832   -33077363.013521   -33077363.013521 IE: -6.9219353323  FE:  -6.9222023092
0.46        -33076083.5103794  -33077361.3963472  -33077361.3963472 IE: -6.9219345436  FE:  -6.9222019708
0.47        -33076078.2127073  -33077359.5148311  -33077359.5148311 IE: -6.9219334350  FE:  -6.9222015770
0.48        -33076073.0589207  -33077359.4642386  -33077359.4642386 IE: -6.9219323564  FE:  -6.9222015665
0.49        -33076069.7656142  -33077355.5688332  -33077355.5688332 IE: -6.9219316672  FE:  -6.9222007513
0.50        -33076070.2146131  -33077356.1445624  -33077356.1445624 IE: -6.9219317612  FE:  -6.9222008717
0.51        -33076075.3731005   -33077414.546496   -33077414.546496 IE: -6.9219328407  FE:  -6.9222130937
0.52        -33076085.3600777   -33077414.524363   -33077414.524363 IE: -6.9219349307  FE:  -6.9222130891
0.53         -33076098.905084  -33077414.4273098  -33077414.4273098 IE: -6.9219377653  FE:  -6.9222130688
0.54         -33076113.618986  -33077414.1207816  -33077414.1207816 IE: -6.9219408446  FE:  -6.9222130046
0.55        -33076126.6597171  -33077414.2240008  -33077414.2240008 IE: -6.9219435736  FE:  -6.9222130262
0.56        -33076134.7500605  -33077414.2283522  -33077414.2283522 IE: -6.9219452667  FE:  -6.9222130271
0.57        -33076135.3661574  -33077414.2656224  -33077414.2656224 IE: -6.9219453957  FE:  -6.9222130349
0.58        -33076126.8973638  -33077414.1232903  -33077414.1232903 IE: -6.9219436234  FE:  -6.9222130051
0.59        -33076109.7012279  -33077414.3674321  -33077414.3674321 IE: -6.9219400247  FE:  -6.9222130562
0.60        -33076085.7154306  -33077414.3649312  -33077414.3649312 IE: -6.9219350051  FE:  -6.9222130557
0.61        -33076057.7634594  -33077414.1144849  -33077414.1144849 IE: -6.9219291555  FE:  -6.9222130033
0.62        -33076030.0890933  -33077413.6408944  -33077413.6408944 IE: -6.9219233640  FE:  -6.9222129042
0.63        -33076006.1641716  -33077414.4187719  -33077414.4187719 IE: -6.9219183572  FE:  -6.9222130670
0.64        -33075989.4384676  -33077414.0782402  -33077414.0782402 IE: -6.9219148569  FE:  -6.9222129957
0.65        -33075982.2384319  -33077414.2383038  -33077414.2383038 IE: -6.9219133501  FE:  -6.9222130292
0.66         -33075984.946757  -33077358.5115536  -33077358.5115536 IE: -6.9219139169  FE:  -6.9222013671
0.67        -33075996.0928412  -33077358.7599453  -33077358.7599453 IE: -6.9219162495  FE:  -6.9222014191
0.69        -33076031.6093579  -33077358.1754033  -33077358.1754033 IE: -6.9219236822  FE:  -6.9222012967
0.70        -33076048.9188005   -33077358.205064   -33077358.205064 IE: -6.9219273046  FE:  -6.9222013029
0.71        -33076061.8975063  -33077358.3860114  -33077358.3860114 IE: -6.9219300206  FE:  -6.9222013408
0.72        -33076068.9115922  -33077358.5922619  -33077358.5922619 IE: -6.9219314885  FE:  -6.9222013840
0.73         -33076069.874064  -33077358.4503059  -33077358.4503059 IE: -6.9219316899  FE:  -6.9222013543
0.74        -33076065.9101729   -33077358.888491   -33077358.888491 IE: -6.9219308604  FE:  -6.9222014460
0.75        -33076059.1372442    -33077358.81539    -33077358.81539 IE: -6.9219294430  FE:  -6.9222014307
0.76        -33076051.8436067  -33077358.7463283  -33077358.7463283 IE: -6.9219279166  FE:  -6.9222014162
0.77        -33076046.2780439   -33077358.204513   -33077358.204513 IE: -6.9219267519  FE:  -6.9222013028
0.78        -33076043.9110252  -33077318.3368899  -33077318.3368899 IE: -6.9219262566  FE:  -6.9221929596
0.79        -33076045.2463021  -33077320.3740419  -33077320.3740419 IE: -6.9219265360  FE:  -6.9221933859
0.80        -33076049.8128743  -33077326.0964372  -33077326.0964372 IE: -6.9219274917  FE:  -6.9221945835
0.81        -33076056.1731668   -33077324.355108   -33077324.355108 IE: -6.9219288227  FE:  -6.9221942191
0.82        -33076062.5621986  -33077327.4272732  -33077327.4272732 IE: -6.9219301597  FE:  -6.9221948620
0.83        -33076067.4216439  -33077327.7866921  -33077327.7866921 IE: -6.9219311767  FE:  -6.9221949372
0.84        -33076069.7634918  -33077328.6559638  -33077328.6559638 IE: -6.9219316668  FE:  -6.9221951191
0.85        -33076069.2687092  -33077328.9940747  -33077328.9940747 IE: -6.9219315632  FE:  -6.9221951899
0.86        -33076066.3507965  -33077328.7515871  -33077328.7515871 IE: -6.9219309526  FE:  -6.9221951391
0.87        -33076062.0789699  -33077327.7957902  -33077327.7957902 IE: -6.9219300586  FE:  -6.9221949391
0.88        -33076057.7716856  -33077327.8283036  -33077327.8283036 IE: -6.9219291572  FE:  -6.9221949459
0.89        -33076054.6929812  -33077327.0098453  -33077327.0098453 IE: -6.9219285129  FE:  -6.9221947746
0.90        -33076053.7370775  -33077299.0888075  -33077299.0888075 IE: -6.9219283129  FE:  -6.9221889315
0.91        -33076055.0786919  -33077299.5591768  -33077299.5591768 IE: -6.9219285937  FE:  -6.9221890299
0.92        -33076058.2376872  -33077301.5418295  -33077301.5418295 IE: -6.9219292547  FE:  -6.9221894449
0.93        -33076062.3924274  -33077302.0374313  -33077302.0374313 IE: -6.9219301242  FE:  -6.9221895486
0.94        -33076066.3209631  -33077303.5543014  -33077303.5543014 IE: -6.9219309464  FE:  -6.9221898660
0.95        -33076068.9307496  -33077304.1719102  -33077304.1719102 IE: -6.9219314925  FE:  -6.9221899953
0.96        -33076069.8205055  -33077304.0519399  -33077304.0519399 IE: -6.9219316787  FE:  -6.9221899702
0.97          -33076068.80796  -33077303.3140479  -33077303.3140479 IE: -6.9219314668  FE:  -6.9221898157
0.98        -33076066.2626894  -33077302.1885054  -33077302.1885054 IE: -6.9219309342  FE:  -6.9221895802
0.99        -33076063.1747425  -33077301.6578419  -33077301.6578419 IE: -6.9219302879  FE:  -6.9221894691
1.00        -33076060.1736207  -33077301.2271242  -33077301.2271242 IE: -6.9219296599  FE:  -6.9221893790
