0.00        -6608791.74692725  -6608791.74692725  -6608831.31875276 IE: -6.8733254225  FE:  -6.8733665782
0.01        -6608791.81631103  -6608791.81631103  -6608831.40633628 IE: -6.8733254946  FE:  -6.8733666693
0.02        -6608792.05481171  -6608792.05481171  -6608831.64300379 IE: -6.8733257427  FE:  -6.8733669155
0.03        -6608792.45002537  -6608792.45002537  -6608832.01932359 IE: -6.8733261537  FE:  -6.8733673069
0.04        -6608792.91070612  -6608792.91070612   -6608832.5240398 IE: -6.8733266328  FE:  -6.8733678318
0.05        -6608793.53678132  -6608793.53678132   -6608833.1352085 IE: -6.8733272840  FE:  -6.8733684674
0.06        -6608794.20554279  -6608794.20554279  -6608833.81257885 IE: -6.8733279795  FE:  -6.8733691719
0.07        -6608794.92657598  -6608794.92657598  -6608834.52788538 IE: -6.8733287294  FE:  -6.8733699158
0.08        -6608795.63626665  -6608795.63626665  -6608835.24530189 IE: -6.8733294675  FE:  -6.8733706620
0.09        -6608796.32328611  -6608796.32328611  -6608835.92367974 IE: -6.8733301820  FE:  -6.8733713675
0.10        -6608796.91612746  -6608796.91612746  -6608836.52773546 IE: -6.8733307986  FE:  -6.8733719957
0.11        -6608797.42736729  -6608797.42736729  -6608837.02112659 IE: -6.8733313303  FE:  -6.8733725089
0.12        -6608797.78258055  -6608797.78258055  -6608837.37520566 IE: -6.8733316997  FE:  -6.8733728771
0.13        -6608797.95845507  -6608797.95845507  -6608837.58087887 IE: -6.8733318826  FE:  -6.8733730910
0.14        -6608798.01601457  -6608798.01601457  -6608837.61317597 IE: -6.8733319425  FE:  -6.8733731246
0.15        -6608797.83688506  -6608797.83688506  -6608837.46437342 IE: -6.8733317562  FE:  -6.8733729699
0.16        -6608797.52689819  -6608797.52689819  -6608837.14045514 IE: -6.8733314338  FE:  -6.8733726330
0.17        -6608797.04049509  -6608797.04049509  -6608836.65361149 IE: -6.8733309279  FE:  -6.8733721266
0.18        -6608796.41534366  -6608796.41534366  -6608836.01911766 IE: -6.8733302777  FE:  -6.8733714668
0.19        -6608795.66456454  -6608795.66456454  -6608835.27366271 IE: -6.8733294969  FE:  -6.8733706915
0.20        -6608794.82509605  -6608794.82509605   -6608834.4369839 IE: -6.8733286238  FE:  -6.8733698213
0.21        -6608793.95426694  -6608793.95426694  -6608833.57974632 IE: -6.8733277182  FE:  -6.8733689297
0.22        -6608793.10096529  -6608793.10096529  -6608832.69298833 IE: -6.8733268307  FE:  -6.8733680075
0.23        -6608792.27728081  -6608792.27728081  -6608831.88271003 IE: -6.8733259740  FE:  -6.8733671648
0.24        -6608791.54124793  -6608791.54124793  -6608831.14945981 IE: -6.8733252085  FE:  -6.8733664022
0.25        -6608790.95345846  -6608790.95345846  -6608830.53776656 IE: -6.8733245972  FE:  -6.8733657660
0.26        -6608790.47350441  -6608790.47350441  -6608830.08673349 IE: -6.8733240981  FE:  -6.8733652969
0.27        -6608790.23241184  -6608790.23241184  -6608829.82978564 IE: -6.8733238473  FE:  -6.8733650297
0.28        -6608790.14207759  -6608790.14207759  -6608829.77436809 IE: -6.8733237534  FE:  -6.8733649720
0.29          -6608790.330081    -6608790.330081  -6608829.92415182 IE: -6.8733239489  FE:  -6.8733651278
0.30        -6608790.72832599  -6608790.72832599  -6608830.33363799 IE: -6.8733243631  FE:  -6.8733655537
0.31        -6608791.31843757  -6608791.31843757  -6608830.93710716 IE: -6.8733249768  FE:  -6.8733661813
0.32        -6608792.14654163  -6608792.14654163  -6608831.74294685 IE: -6.8733258381  FE:  -6.8733670194
0.33        -6608793.12753136  -6608793.12753136  -6608832.72506056 IE: -6.8733268583  FE:  -6.8733680408
0.34        -6608794.23891994  -6608794.23891994  -6608833.84654832 IE: -6.8733280142  FE:  -6.8733692072
0.35        -6608795.46547389  -6608795.46547389   -6608835.0509859 IE: -6.8733292899  FE:  -6.8733704599
0.36        -6608796.73207305  -6608796.73207305  -6608836.33890383 IE: -6.8733306072  FE:  -6.8733717993
0.37        -6608797.97859984  -6608797.97859984  -6608837.60197943 IE: -6.8733319036  FE:  -6.8733731130
0.38        -6608799.17779389  -6608799.17779389  -6608838.79865928 IE: -6.8733331508  FE:  -6.8733743576
0.39        -6608800.23021957  -6608800.23021957  -6608839.86631214 IE: -6.8733342453  FE:  -6.8733754679
0.40         -6608801.1185222   -6608801.1185222  -6608840.74693751 IE: -6.8733351692  FE:  -6.8733763838
0.41        -6608801.74807204  -6608801.74807204  -6608841.37158735 IE: -6.8733358239  FE:  -6.8733770335
0.42        -6608802.08168557  -6608802.08168557  -6608841.71783961 IE: -6.8733361709  FE:  -6.8733773936
0.43        -6608802.07502304  -6608802.07502304  -6608841.71603557 IE: -6.8733361640  FE:  -6.8733773917
0.44        -6608801.67872701  -6608801.67872701  -6608841.36701885 IE: -6.8733357518  FE:  -6.8733770287
0.45        -6608800.92575839  -6608800.92575839  -6608840.62653735 IE: -6.8733349687  FE:  -6.8733762586
0.46        -6608799.79184148  -6608799.79184148   -6608839.5020646 IE: -6.8733337894  FE:  -6.8733750891
0.47         -6608798.2671535   -6608798.2671535  -6608837.98676663 IE: -6.8733322037  FE:  -6.8733735132
0.48         -6608796.3663074   -6608796.3663074  -6608836.09539876 IE: -6.8733302267  FE:  -6.8733715461
0.49         -6608794.1838383   -6608794.1838383  -6608833.90026448 IE: -6.8733279569  FE:  -6.8733692631
0.50        -6608791.70091978  -6608791.70091978  -6608831.40273596 IE: -6.8733253746  FE:  -6.8733666656
0.51        -6608788.91125645  -6608788.91125645   -6608828.6666482 IE: -6.8733224733  FE:  -6.8733638200
0.52        -6608786.07074715  -6608786.07074715  -6608825.76597249 IE: -6.8733195191  FE:  -6.8733608032
0.53        -6608783.05332417  -6608783.05332417  -6608822.79340911 IE: -6.8733163809  FE:  -6.8733577117
0.54        -6608780.09424691  -6608780.09424691  -6608819.79443677 IE: -6.8733133034  FE:  -6.8733545926
0.55        -6608777.16181935  -6608777.16181935  -6608816.89384019 IE: -6.8733102535  FE:  -6.8733515759
0.56        -6608774.45982968  -6608774.45982968  -6608814.16166918 IE: -6.8733074434  FE:  -6.8733487344
0.57        -6608772.03765304  -6608772.03765304   -6608811.6544449 IE: -6.8733049243  FE:  -6.8733461268
0.58        -6608769.82867073  -6608769.82867073  -6608809.48861579 IE: -6.8733026269  FE:  -6.8733438743
0.59        -6608768.04032017  -6608768.04032017  -6608807.67062519 IE: -6.8733007669  FE:  -6.8733419835
0.60        -6608766.66523449  -6608766.66523449  -6608806.26105214 IE: -6.8732993368  FE:  -6.8733405176
0.61        -6608765.67148917  -6608765.67148917  -6608805.27484276 IE: -6.8732983033  FE:  -6.8733394919
0.62        -6608765.21014626  -6608765.21014626  -6608804.78431915 IE: -6.8732978235  FE:  -6.8733389817
0.63        -6608765.17855307  -6608765.17855307   -6608804.7381217 IE: -6.8732977906  FE:  -6.8733389337
0.64        -6608765.66875763  -6608765.66875763  -6608805.15963663 IE: -6.8732983004  FE:  -6.8733393720
0.65        -6608766.55556048  -6608766.55556048  -6608806.02198279 IE: -6.8732992227  FE:  -6.8733402689
0.66        -6608767.84025006  -6608767.84025006  -6608807.31665898 IE: -6.8733005589  FE:  -6.8733416154
0.67         -6608769.5372402   -6608769.5372402  -6608808.98183743 IE: -6.8733023238  FE:  -6.8733433472
0.68        -6608771.57348078  -6608771.57348078  -6608810.99521538 IE: -6.8733044415  FE:  -6.8733454412
0.69        -6608773.86450428  -6608773.86450428  -6608813.28805635 IE: -6.8733068242  FE:  -6.8733478258
0.70        -6608776.37044702  -6608776.37044702   -6608815.7913526 IE: -6.8733094305  FE:  -6.8733504293
0.71        -6608779.03262727  -6608779.03262727  -6608818.42505698 IE: -6.8733121992  FE:  -6.8733531685
0.72        -6608781.70614719  -6608781.70614719  -6608821.12413958 IE: -6.8733149798  FE:  -6.8733559756
0.73        -6608784.40412727  -6608784.40412727  -6608823.81235127 IE: -6.8733177857  FE:  -6.8733587714
0.74        -6608786.96586662  -6608786.96586662  -6608826.40758746 IE: -6.8733204500  FE:  -6.8733614705
0.75        -6608789.44383771  -6608789.44383771  -6608828.85527573 IE: -6.8733230272  FE:  -6.8733640162
0.76        -6608791.65510649  -6608791.65510649   -6608831.1049426 IE: -6.8733253270  FE:  -6.8733663559
0.77         -6608793.6271149   -6608793.6271149  -6608833.09629657 IE: -6.8733273779  FE:  -6.8733684269
0.78        -6608795.32015433  -6608795.32015433  -6608834.79396319 IE: -6.8733291387  FE:  -6.8733701926
0.79         -6608796.6515401   -6608796.6515401  -6608836.17917671 IE: -6.8733305234  FE:  -6.8733716332
0.80        -6608797.71395133  -6608797.71395133  -6608837.22521977 IE: -6.8733316283  FE:  -6.8733727211
0.81        -6608798.39174733  -6608798.39174733  -6608837.92830243 IE: -6.8733323333  FE:  -6.8733734524
0.82        -6608798.77117694  -6608798.77117694  -6608838.29998461 IE: -6.8733327279  FE:  -6.8733738389
0.83        -6608798.81408954  -6608798.81408954  -6608838.36689212 IE: -6.8733327725  FE:  -6.8733739085
0.84         -6608798.5710226   -6608798.5710226  -6608838.14519078 IE: -6.8733325197  FE:  -6.8733736779
0.85        -6608798.09415477  -6608798.09415477  -6608837.66818078 IE: -6.8733320238  FE:  -6.8733731818
0.86        -6608797.38264079  -6608797.38264079   -6608836.9813241 IE: -6.8733312838  FE:  -6.8733724675
0.87        -6608796.52832848  -6608796.52832848  -6608836.12907843 IE: -6.8733303953  FE:  -6.8733715811
0.88        -6608795.56326122  -6608795.56326122  -6608835.17327913 IE: -6.8733293916  FE:  -6.8733705871
0.89         -6608794.5505797   -6608794.5505797  -6608834.16723409 IE: -6.8733283383  FE:  -6.8733695407
0.90        -6608793.53712889  -6608793.53712889  -6608833.14071278 IE: -6.8733272843  FE:  -6.8733684731
0.91        -6608792.57047154  -6608792.57047154  -6608832.19940828 IE: -6.8733262790  FE:  -6.8733674942
0.92        -6608791.71257036  -6608791.71257036  -6608831.31046866 IE: -6.8733253867  FE:  -6.8733665696
0.93        -6608790.97087386  -6608790.97087386  -6608830.57707785 IE: -6.8733246153  FE:  -6.8733658069
0.94        -6608790.36152959  -6608790.36152959  -6608829.98188885 IE: -6.8733239816  FE:  -6.8733651879
0.95        -6608789.95022742  -6608789.95022742  -6608829.55194836 IE: -6.8733235538  FE:  -6.8733647407
0.96        -6608789.71586689  -6608789.71586689  -6608829.29987658 IE: -6.8733233101  FE:  -6.8733644786
0.97        -6608789.65483017  -6608789.65483017  -6608829.24800089 IE: -6.8733232466  FE:  -6.8733644246
0.98        -6608789.79664812  -6608789.79664812   -6608829.3687496 IE: -6.8733233941  FE:  -6.8733645502
0.99        -6608790.10391342  -6608790.10391342  -6608829.62957219 IE: -6.8733237137  FE:  -6.8733648215
1.00        -6608790.49958934  -6608790.49958934   -6608830.0744595 IE: -6.8733241252  FE:  -6.8733652842
1.01        -6608791.03109406  -6608791.03109406  -6608830.59631009 IE: -6.8733246780  FE:  -6.8733658269
1.02        -6608791.67309339  -6608791.67309339  -6608831.22938653 IE: -6.8733253457  FE:  -6.8733664853
1.03        -6608792.36520586  -6608792.36520586  -6608831.90547946 IE: -6.8733260655  FE:  -6.8733671885
1.04        -6608793.05596126  -6608793.05596126  -6608832.59592386 IE: -6.8733267839  FE:  -6.8733679065
1.05        -6608793.72571877  -6608793.72571877  -6608833.25637017 IE: -6.8733274805  FE:  -6.8733685934
1.06        -6608794.36254342  -6608794.36254342  -6608833.90690728 IE: -6.8733281428  FE:  -6.8733692700
1.07        -6608794.94169435  -6608794.94169435  -6608834.48440406 IE: -6.8733287451  FE:  -6.8733698706
1.08        -6608795.41764797  -6608795.41764797  -6608834.97896719 IE: -6.8733292401  FE:  -6.8733703850
1.09        -6608795.78950532  -6608795.78950532  -6608835.36675891 IE: -6.8733296269  FE:  -6.8733707883
1.10         -6608796.0569171   -6608796.0569171  -6608835.61276114 IE: -6.8733299050  FE:  -6.8733710441
1.11        -6608796.16362941  -6608796.16362941  -6608835.76007213 IE: -6.8733300160  FE:  -6.8733711973
1.12         -6608796.1673975   -6608796.1673975  -6608835.76482632 IE: -6.8733300199  FE:  -6.8733712023
1.13        -6608796.06045639  -6608796.06045639   -6608835.6567194 IE: -6.8733299087  FE:  -6.8733710899
1.14        -6608795.82380299  -6608795.82380299  -6608835.43368969 IE: -6.8733296625  FE:  -6.8733708579
1.15        -6608795.48790393  -6608795.48790393  -6608835.10413678 IE: -6.8733293132  FE:  -6.8733705152
1.16        -6608795.05869837  -6608795.05869837  -6608834.69257463 IE: -6.8733288668  FE:  -6.8733700871
1.17        -6608794.59469854  -6608794.59469854  -6608834.21018484 IE: -6.8733283842  FE:  -6.8733695854
1.18        -6608794.01571686  -6608794.01571686  -6608833.66496039 IE: -6.8733277821  FE:  -6.8733690184
1.19         -6608793.5000883   -6608793.5000883  -6608833.14087497 IE: -6.8733272458  FE:  -6.8733684733
1.20        -6608792.97907639  -6608792.97907639  -6608832.59021506 IE: -6.8733267039  FE:  -6.8733679006
1.21        -6608792.46780222  -6608792.46780222  -6608832.10288365 IE: -6.8733261722  FE:  -6.8733673938
1.22        -6608792.09009254  -6608792.09009254   -6608831.6777731 IE: -6.8733257794  FE:  -6.8733669516
1.23        -6608791.78751597  -6608791.78751597  -6608831.34781728 IE: -6.8733254647  FE:  -6.8733666085
1.24        -6608791.54547442  -6608791.54547442  -6608831.14352971 IE: -6.8733252129  FE:  -6.8733663960
1.25         -6608791.5005464   -6608791.5005464  -6608831.06102361 IE: -6.8733251662  FE:  -6.8733663102
1.26        -6608791.50084734  -6608791.50084734  -6608831.10048071 IE: -6.8733251665  FE:  -6.8733663512
1.27        -6608791.67188996  -6608791.67188996  -6608831.24002049 IE: -6.8733253444  FE:  -6.8733664964
1.28        -6608791.88629146  -6608791.88629146  -6608831.46680645 IE: -6.8733255674  FE:  -6.8733667322
1.29        -6608792.17213706  -6608792.17213706  -6608831.76400838 IE: -6.8733258647  FE:  -6.8733670413
1.30        -6608792.50880421  -6608792.50880421  -6608832.11236625 IE: -6.8733262148  FE:  -6.8733674036
1.31        -6608792.90855424  -6608792.90855424   -6608832.5029422 IE: -6.8733266306  FE:  -6.8733678098
1.32        -6608793.32295659  -6608793.32295659  -6608832.90872873 IE: -6.8733270616  FE:  -6.8733682319
1.33        -6608793.72010809  -6608793.72010809  -6608833.31989199 IE: -6.8733274746  FE:  -6.8733686595
1.34        -6608794.14843173  -6608794.14843173  -6608833.72934513 IE: -6.8733279201  FE:  -6.8733690853
1.35        -6608794.53384076  -6608794.53384076  -6608834.11352996 IE: -6.8733283209  FE:  -6.8733694849
1.36        -6608794.87789048  -6608794.87789048   -6608834.4557216 IE: -6.8733286787  FE:  -6.8733698408
1.37        -6608795.14095311  -6608795.14095311  -6608834.75234549 IE: -6.8733289523  FE:  -6.8733701493
1.38        -6608795.39720993  -6608795.39720993  -6608834.98264668 IE: -6.8733292189  FE:  -6.8733703888
1.39        -6608795.54011918  -6608795.54011918  -6608835.14467905 IE: -6.8733293675  FE:  -6.8733705573
1.40        -6608795.60272116  -6608795.60272116  -6608835.20209077 IE: -6.8733294326  FE:  -6.8733706170
1.41        -6608795.58473467  -6608795.58473467   -6608835.1827674 IE: -6.8733294139  FE:  -6.8733705969
1.42        -6608795.46816357  -6608795.46816357  -6608835.08757128 IE: -6.8733292926  FE:  -6.8733704979
1.43         -6608795.3003647   -6608795.3003647  -6608834.90013487 IE: -6.8733291181  FE:  -6.8733703030
1.44         -6608794.9964565   -6608794.9964565  -6608834.64331894 IE: -6.8733288021  FE:  -6.8733700359
1.45        -6608794.72968773  -6608794.72968773  -6608834.35986483 IE: -6.8733285246  FE:  -6.8733697411
1.46        -6608794.39974377  -6608794.39974377  -6608833.99928102 IE: -6.8733281815  FE:  -6.8733693661
1.47         -6608793.9975279   -6608793.9975279  -6608833.63544199 IE: -6.8733277631  FE:  -6.8733689877
1.48        -6608793.61616082  -6608793.61616082  -6608833.25270619 IE: -6.8733273665  FE:  -6.8733685896
1.49        -6608793.24747121  -6608793.24747121  -6608832.88933976 IE: -6.8733269831  FE:  -6.8733682117
1.50        -6608792.92509227  -6608792.92509227  -6608832.56978353 IE: -6.8733266478  FE:  -6.8733678794
1.51        -6608792.64509106  -6608792.64509106  -6608832.29017741 IE: -6.8733263566  FE:  -6.8733675886
1.52        -6608792.43275466  -6608792.43275466  -6608832.06576411 IE: -6.8733261357  FE:  -6.8733673552
1.53         -6608792.3105543   -6608792.3105543  -6608831.91666426 IE: -6.8733260086  FE:  -6.8733672001
1.54        -6608792.23151794  -6608792.23151794   -6608831.8610102 IE: -6.8733259264  FE:  -6.8733671422
1.55        -6608792.26531661  -6608792.26531661  -6608831.88250884 IE: -6.8733259616  FE:  -6.8733671646
1.56         -6608792.4012839   -6608792.4012839  -6608831.99287529 IE: -6.8733261030  FE:  -6.8733672794
1.57        -6608792.56869587  -6608792.56869587  -6608832.16134588 IE: -6.8733262771  FE:  -6.8733674546
1.58        -6608792.81159717  -6608792.81159717  -6608832.40726902 IE: -6.8733265297  FE:  -6.8733677103
1.59        -6608793.10973892  -6608793.10973892  -6608832.69264516 IE: -6.8733268398  FE:  -6.8733680071
1.60        -6608793.42557187  -6608793.42557187  -6608833.01702077 IE: -6.8733271683  FE:  -6.8733683445
1.61        -6608793.74076305  -6608793.74076305  -6608833.34107835 IE: -6.8733274961  FE:  -6.8733686815
1.62        -6608794.06159572  -6608794.06159572  -6608833.64599182 IE: -6.8733278298  FE:  -6.8733689986
1.63        -6608794.35452591  -6608794.35452591  -6608833.96064566 IE: -6.8733281344  FE:  -6.8733693259
1.64        -6608794.65196369  -6608794.65196369  -6608834.24522237 IE: -6.8733284438  FE:  -6.8733696219
1.65        -6608794.89498466  -6608794.89498466   -6608834.4753143 IE: -6.8733286965  FE:  -6.8733698612
1.66        -6608795.07424671  -6608795.07424671  -6608834.68452382 IE: -6.8733288830  FE:  -6.8733700787
1.67         -6608795.2434644   -6608795.2434644  -6608834.85452025 IE: -6.8733290590  FE:  -6.8733702555
1.68        -6608795.37373583  -6608795.37373583  -6608834.95666116 IE: -6.8733291944  FE:  -6.8733703618
1.69        -6608795.41629821  -6608795.41629821  -6608835.01619461 IE: -6.8733292387  FE:  -6.8733704237
1.70        -6608795.37636611  -6608795.37636611  -6608835.02736422 IE: -6.8733291972  FE:  -6.8733704353
1.71        -6608795.34238251  -6608795.34238251  -6608834.95953145 IE: -6.8733291618  FE:  -6.8733703648
1.72        -6608795.22521508  -6608795.22521508  -6608834.82578018 IE: -6.8733290400  FE:  -6.8733702257
1.73        -6608795.07106619  -6608795.07106619  -6608834.66534044 IE: -6.8733288797  FE:  -6.8733700588
1.74         -6608794.8458024   -6608794.8458024  -6608834.46563314 IE: -6.8733286454  FE:  -6.8733698511
1.75        -6608794.57011477  -6608794.57011477  -6608834.20498978 IE: -6.8733283587  FE:  -6.8733695800
1.76        -6608794.24369759  -6608794.24369759    -6608833.907002 IE: -6.8733280192  FE:  -6.8733692701
1.77        -6608793.93622816  -6608793.93622816  -6608833.55738043 IE: -6.8733276994  FE:  -6.8733689065
1.78        -6608793.59777022  -6608793.59777022  -6608833.23683679 IE: -6.8733273474  FE:  -6.8733685731
1.79        -6608793.24761023  -6608793.24761023   -6608832.9028206 IE: -6.8733269832  FE:  -6.8733682257
1.80        -6608792.95883009  -6608792.95883009  -6608832.59956682 IE: -6.8733266829  FE:  -6.8733679103
1.81        -6608792.70576207  -6608792.70576207  -6608832.34251348 IE: -6.8733264197  FE:  -6.8733676430
1.82        -6608792.51794381  -6608792.51794381  -6608832.16307738 IE: -6.8733262243  FE:  -6.8733674564
1.83        -6608792.43107312  -6608792.43107312  -6608832.05994764 IE: -6.8733261340  FE:  -6.8733673491
1.84        -6608792.43709949  -6608792.43709949  -6608832.05119072 IE: -6.8733261403  FE:  -6.8733673400
1.85        -6608792.52874816  -6608792.52874816  -6608832.14380861 IE: -6.8733262356  FE:  -6.8733674363
1.86        -6608792.75313976  -6608792.75313976  -6608832.31312699 IE: -6.8733264690  FE:  -6.8733676124
1.87        -6608793.01566488  -6608793.01566488  -6608832.57839764 IE: -6.8733267420  FE:  -6.8733678883
1.88        -6608793.35133636  -6608793.35133636  -6608832.91080416 IE: -6.8733270911  FE:  -6.8733682340
1.89        -6608793.75302302  -6608793.75302302   -6608833.2935148 IE: -6.8733275089  FE:  -6.8733686321
1.90        -6608794.14328843  -6608794.14328843  -6608833.69345036 IE: -6.8733279147  FE:  -6.8733690480
1.91        -6608794.55784891  -6608794.55784891  -6608834.08171952 IE: -6.8733283459  FE:  -6.8733694518
1.92        -6608794.91077336  -6608794.91077336   -6608834.4454135 IE: -6.8733287129  FE:  -6.8733698301
1.93        -6608795.18166161  -6608795.18166161  -6608834.76715642 IE: -6.8733289947  FE:  -6.8733701647
1.94        -6608795.42352668  -6608795.42352668  -6608835.01293248 IE: -6.8733292462  FE:  -6.8733704203
1.95        -6608795.55737807  -6608795.55737807  -6608835.15094439 IE: -6.8733293854  FE:  -6.8733705638
1.96        -6608795.61538262  -6608795.61538262  -6608835.23865725 IE: -6.8733294458  FE:  -6.8733706551
1.97        -6608795.58651073  -6608795.58651073  -6608835.22073459 IE: -6.8733294157  FE:  -6.8733706364
1.98        -6608795.49297531  -6608795.49297531  -6608835.12215351 IE: -6.8733293185  FE:  -6.8733705339
1.99        -6608795.32833468  -6608795.32833468  -6608834.98067401 IE: -6.8733291472  FE:  -6.8733703867
2.00        -6608795.14067871  -6608795.14067871  -6608834.78220072 IE: -6.8733289521  FE:  -6.8733701803
2.01        -6608794.89692907  -6608794.89692907  -6608834.55119207 IE: -6.8733286986  FE:  -6.8733699401
2.02        -6608794.66910833  -6608794.66910833  -6608834.30379286 IE: -6.8733284616  FE:  -6.8733696828
2.03        -6608794.42474797  -6608794.42474797  -6608834.06717043 IE: -6.8733282075  FE:  -6.8733694367
2.04        -6608794.19212616  -6608794.19212616  -6608833.83717573 IE: -6.8733279655  FE:  -6.8733691975
2.05        -6608793.96954633  -6608793.96954633  -6608833.61524489 IE: -6.8733277340  FE:  -6.8733689667
2.06        -6608793.76016825  -6608793.76016825  -6608833.41414673 IE: -6.8733275163  FE:  -6.8733687575
2.07        -6608793.60547473  -6608793.60547473  -6608833.24534852 IE: -6.8733273554  FE:  -6.8733685820
2.08        -6608793.47804168  -6608793.47804168  -6608833.09678348 IE: -6.8733272229  FE:  -6.8733684275
2.09        -6608793.34761446  -6608793.34761446  -6608832.97268733 IE: -6.8733270872  FE:  -6.8733682984
2.10        -6608793.26236921  -6608793.26236921    -6608832.881794 IE: -6.8733269986  FE:  -6.8733682039
2.11        -6608793.21163911  -6608793.21163911  -6608832.85604117 IE: -6.8733269458  FE:  -6.8733681771
2.12        -6608793.21587907  -6608793.21587907  -6608832.82963844 IE: -6.8733269502  FE:  -6.8733681496
2.13        -6608793.24138798  -6608793.24138798  -6608832.88251805 IE: -6.8733269767  FE:  -6.8733682046
2.14        -6608793.34240564  -6608793.34240564  -6608832.94115619 IE: -6.8733270818  FE:  -6.8733682656
2.15        -6608793.44557964  -6608793.44557964  -6608833.07412912 IE: -6.8733271891  FE:  -6.8733684039
2.16        -6608793.58945363  -6608793.58945363   -6608833.2357893 IE: -6.8733273387  FE:  -6.8733685720
2.17         -6608793.8104848   -6608793.8104848  -6608833.42407286 IE: -6.8733275686  FE:  -6.8733687678
2.18        -6608794.02828853  -6608794.02828853  -6608833.65368384 IE: -6.8733277951  FE:  -6.8733690066
2.19         -6608794.2751173   -6608794.2751173  -6608833.90525219 IE: -6.8733280518  FE:  -6.8733692683
2.20        -6608794.54164696  -6608794.54164696  -6608834.14444772 IE: -6.8733283290  FE:  -6.8733695171
2.21        -6608794.79324471  -6608794.79324471  -6608834.40325596 IE: -6.8733285907  FE:  -6.8733697862
2.22        -6608795.00630571  -6608795.00630571   -6608834.6364934 IE: -6.8733288123  FE:  -6.8733700288
2.23        -6608795.21117732  -6608795.21117732  -6608834.84484591 IE: -6.8733290254  FE:  -6.8733702455
2.24        -6608795.37135454  -6608795.37135454  -6608835.00142751 IE: -6.8733291920  FE:  -6.8733704083
2.25        -6608795.48060293  -6608795.48060293  -6608835.10477914 IE: -6.8733293056  FE:  -6.8733705158
2.26        -6608795.52528853  -6608795.52528853  -6608835.15255355 IE: -6.8733293521  FE:  -6.8733705655
2.27        -6608795.49468741  -6608795.49468741  -6608835.14017681 IE: -6.8733293202  FE:  -6.8733705526
2.28         -6608795.4344639   -6608795.4344639  -6608835.06625822 IE: -6.8733292576  FE:  -6.8733704758
2.29        -6608795.30283681  -6608795.30283681  -6608834.92973503 IE: -6.8733291207  FE:  -6.8733703338
2.30        -6608795.13791329  -6608795.13791329  -6608834.78419616 IE: -6.8733289492  FE:  -6.8733701824
2.31        -6608794.93842882  -6608794.93842882   -6608834.5889444 IE: -6.8733287417  FE:  -6.8733699793
2.32        -6608794.71732639  -6608794.71732639  -6608834.36158522 IE: -6.8733285118  FE:  -6.8733697429
2.33        -6608794.49046657  -6608794.49046657  -6608834.15011988 IE: -6.8733282758  FE:  -6.8733695229
2.34        -6608794.27717541  -6608794.27717541   -6608833.9382843 IE: -6.8733280540  FE:  -6.8733693026
2.35        -6608794.06031314  -6608794.06031314  -6608833.74249047 IE: -6.8733278284  FE:  -6.8733690990
2.36        -6608793.89771716  -6608793.89771716  -6608833.56432152 IE: -6.8733276593  FE:  -6.8733689137
2.37        -6608793.75095298  -6608793.75095298  -6608833.38679738 IE: -6.8733275067  FE:  -6.8733687291
2.38         -6608793.6075584   -6608793.6075584  -6608833.25928123 IE: -6.8733273576  FE:  -6.8733685965
2.39         -6608793.5291844   -6608793.5291844  -6608833.18616132 IE: -6.8733272761  FE:  -6.8733685204
2.40        -6608793.50032259  -6608793.50032259  -6608833.13583937 IE: -6.8733272460  FE:  -6.8733684681
2.41         -6608793.4822114   -6608793.4822114  -6608833.12420905 IE: -6.8733272272  FE:  -6.8733684560
2.42        -6608793.52438886  -6608793.52438886  -6608833.15473947 IE: -6.8733272711  FE:  -6.8733684877
2.43        -6608793.60264071  -6608793.60264071  -6608833.24090852 IE: -6.8733273525  FE:  -6.8733685773
2.44        -6608793.72903375  -6608793.72903375  -6608833.35657149 IE: -6.8733274839  FE:  -6.8733686976
2.45        -6608793.87614025  -6608793.87614025  -6608833.50884437 IE: -6.8733276369  FE:  -6.8733688560
2.46        -6608794.06666216  -6608794.06666216  -6608833.69458024 IE: -6.8733278350  FE:  -6.8733690492
2.47        -6608794.29325357  -6608794.29325357  -6608833.89985404 IE: -6.8733280707  FE:  -6.8733692627
2.48        -6608794.52508962  -6608794.52508962  -6608834.13208297 IE: -6.8733283118  FE:  -6.8733695042
2.49        -6608794.72020919  -6608794.72020919  -6608834.35669813 IE: -6.8733285148  FE:  -6.8733697378
2.50        -6608794.96282675  -6608794.96282675  -6608834.58335209 IE: -6.8733287671  FE:  -6.8733699735
2.51        -6608795.16666544  -6608795.16666544  -6608834.78328653 IE: -6.8733289791  FE:  -6.8733701815
2.52        -6608795.33813787  -6608795.33813787  -6608834.95158162 IE: -6.8733291574  FE:  -6.8733703565
2.53        -6608795.45563618  -6608795.45563618  -6608835.09816149 IE: -6.8733292796  FE:  -6.8733705089
2.54        -6608795.54936689  -6608795.54936689  -6608835.18542148 IE: -6.8733293771  FE:  -6.8733705997
2.55        -6608795.59000735  -6608795.59000735  -6608835.24157499 IE: -6.8733294194  FE:  -6.8733706581
2.56        -6608795.58449445  -6608795.58449445  -6608835.23607157 IE: -6.8733294136  FE:  -6.8733706524
2.57        -6608795.51314546  -6608795.51314546  -6608835.17938649 IE: -6.8733293394  FE:  -6.8733705934
2.58        -6608795.40961214  -6608795.40961214  -6608835.07091364 IE: -6.8733292318  FE:  -6.8733704806
2.59         -6608795.2698886   -6608795.2698886  -6608834.92309847 IE: -6.8733290864  FE:  -6.8733703269
2.60        -6608795.10726323  -6608795.10726323  -6608834.75666215 IE: -6.8733289173  FE:  -6.8733701538
2.61        -6608794.90996187  -6608794.90996187  -6608834.55651055 IE: -6.8733287121  FE:  -6.8733699456
2.62        -6608794.70832731  -6608794.70832731  -6608834.38405272 IE: -6.8733285024  FE:  -6.8733697662
2.63        -6608794.51657075  -6608794.51657075  -6608834.18979941 IE: -6.8733283030  FE:  -6.8733695642
2.64        -6608794.34137198  -6608794.34137198  -6608834.00727192 IE: -6.8733281208  FE:  -6.8733693744
2.65        -6608794.16367361  -6608794.16367361  -6608833.83375741 IE: -6.8733279359  FE:  -6.8733691939
2.66        -6608794.00671899  -6608794.00671899  -6608833.68443951 IE: -6.8733277727  FE:  -6.8733690386
2.67        -6608793.90167624  -6608793.90167624  -6608833.56137601 IE: -6.8733276635  FE:  -6.8733689106
2.68          -6608793.814611    -6608793.814611  -6608833.49014143 IE: -6.8733275729  FE:  -6.8733688366
2.69        -6608793.79340635  -6608793.79340635  -6608833.44505342 IE: -6.8733275509  FE:  -6.8733687897
2.70        -6608793.76565369  -6608793.76565369  -6608833.42574206 IE: -6.8733275220  FE:  -6.8733687696
2.71        -6608793.81931135  -6608793.81931135  -6608833.47659092 IE: -6.8733275778  FE:  -6.8733688225
2.72        -6608793.91310546  -6608793.91310546  -6608833.54436143 IE: -6.8733276753  FE:  -6.8733688929
2.73        -6608794.04023296  -6608794.04023296  -6608833.67018438 IE: -6.8733278076  FE:  -6.8733690238
2.74        -6608794.16045779  -6608794.16045779  -6608833.80811838 IE: -6.8733279326  FE:  -6.8733691673
2.75        -6608794.34777143  -6608794.34777143   -6608833.9863832 IE: -6.8733281274  FE:  -6.8733693527
2.76        -6608794.54255052  -6608794.54255052  -6608834.15838309 IE: -6.8733283300  FE:  -6.8733695315
2.77        -6608794.73307915  -6608794.73307915   -6608834.3526531 IE: -6.8733285281  FE:  -6.8733697336
2.78        -6608794.94245328  -6608794.94245328  -6608834.55486586 IE: -6.8733287459  FE:  -6.8733699439
2.79        -6608795.13971598  -6608795.13971598  -6608834.75928886 IE: -6.8733289511  FE:  -6.8733701565
2.80        -6608795.30128346  -6608795.30128346  -6608834.93165194 IE: -6.8733291191  FE:  -6.8733703358
2.81         -6608795.4633832   -6608795.4633832  -6608835.10325164 IE: -6.8733292877  FE:  -6.8733705142
2.82        -6608795.58145551  -6608795.58145551  -6608835.21252895 IE: -6.8733294105  FE:  -6.8733706279
2.83        -6608795.67749285  -6608795.67749285  -6608835.31606663 IE: -6.8733295104  FE:  -6.8733707356
2.84        -6608795.70195403  -6608795.70195403  -6608835.35520733 IE: -6.8733295358  FE:  -6.8733707763
2.85        -6608795.68917494  -6608795.68917494  -6608835.35671503 IE: -6.8733295225  FE:  -6.8733707778
2.86        -6608795.63416138  -6608795.63416138  -6608835.29220326 IE: -6.8733294653  FE:  -6.8733707107
2.87        -6608795.54785018  -6608795.54785018  -6608835.20608929 IE: -6.8733293755  FE:  -6.8733706212
2.88        -6608795.40689167  -6608795.40689167  -6608835.07711709 IE: -6.8733292289  FE:  -6.8733704871
2.89        -6608795.27568836  -6608795.27568836  -6608834.93449812 IE: -6.8733290925  FE:  -6.8733703387
2.90        -6608795.08350322  -6608795.08350322  -6608834.76584288 IE: -6.8733288926  FE:  -6.8733701633
2.91        -6608794.95820409  -6608794.95820409   -6608834.5877446 IE: -6.8733287623  FE:  -6.8733699781
2.92        -6608794.75686963  -6608794.75686963  -6608834.43109115 IE: -6.8733285529  FE:  -6.8733698152
2.93        -6608794.58047557  -6608794.58047557  -6608834.26233932 IE: -6.8733283694  FE:  -6.8733696397
2.94        -6608794.46483889  -6608794.46483889   -6608834.1106359 IE: -6.8733282492  FE:  -6.8733694819
2.95        -6608794.30682165  -6608794.30682165  -6608833.98238417 IE: -6.8733280848  FE:  -6.8733693485
2.96         -6608794.2121766   -6608794.2121766  -6608833.88765618 IE: -6.8733279864  FE:  -6.8733692500
2.97        -6608794.14122225  -6608794.14122225  -6608833.79901331 IE: -6.8733279126  FE:  -6.8733691578
2.98        -6608794.09860708  -6608794.09860708  -6608833.77588646 IE: -6.8733278683  FE:  -6.8733691337
2.99        -6608794.10629741  -6608794.10629741  -6608833.75060054 IE: -6.8733278763  FE:  -6.8733691074
3.00        -6608794.12013705  -6608794.12013705   -6608833.7948603 IE: -6.8733278907  FE:  -6.8733691535
3.01        -6608794.22847267  -6608794.22847267  -6608833.87279185 IE: -6.8733280033  FE:  -6.8733692345
3.02        -6608794.37074076  -6608794.37074076  -6608833.95899656 IE: -6.8733281513  FE:  -6.8733693242
3.03        -6608794.45484692  -6608794.45484692  -6608834.09217453 IE: -6.8733282388  FE:  -6.8733694627
3.04        -6608794.61881569  -6608794.61881569  -6608834.25968337 IE: -6.8733284093  FE:  -6.8733696369
3.05        -6608794.77663635  -6608794.77663635  -6608834.42994714 IE: -6.8733285734  FE:  -6.8733698140
3.06        -6608794.98152302  -6608794.98152302  -6608834.60494864 IE: -6.8733287865  FE:  -6.8733699960
3.07        -6608795.12364451  -6608795.12364451  -6608834.76847985 IE: -6.8733289343  FE:  -6.8733701661
3.08        -6608795.30979176  -6608795.30979176  -6608834.94284374 IE: -6.8733291279  FE:  -6.8733703474
3.09        -6608795.45417648  -6608795.45417648  -6608835.11101564 IE: -6.8733292781  FE:  -6.8733705223
3.10        -6608795.60680011  -6608795.60680011  -6608835.25552155 IE: -6.8733294368  FE:  -6.8733706726
3.11        -6608795.72987939  -6608795.72987939  -6608835.36382199 IE: -6.8733295648  FE:  -6.8733707852
3.12        -6608795.78912643  -6608795.78912643  -6608835.44943736 IE: -6.8733296265  FE:  -6.8733708743
3.13        -6608795.81840447  -6608795.81840447  -6608835.49563575 IE: -6.8733296569  FE:  -6.8733709223
3.14        -6608795.84568657  -6608795.84568657  -6608835.49798935 IE: -6.8733296853  FE:  -6.8733709248
3.15        -6608795.77693338  -6608795.77693338  -6608835.45355316 IE: -6.8733296138  FE:  -6.8733708786
3.16         -6608795.7065935   -6608795.7065935  -6608835.37448585 IE: -6.8733295406  FE:  -6.8733707963
3.17        -6608795.60686859  -6608795.60686859  -6608835.25746265 IE: -6.8733294369  FE:  -6.8733706746
3.18        -6608795.44033522  -6608795.44033522  -6608835.11275648 IE: -6.8733292637  FE:  -6.8733705241
3.19        -6608795.26947634  -6608795.26947634   -6608834.9515005 IE: -6.8733290860  FE:  -6.8733703564
3.20        -6608795.14526136  -6608795.14526136  -6608834.81030509 IE: -6.8733289568  FE:  -6.8733702096
3.21        -6608794.97353358  -6608794.97353358  -6608834.65634681 IE: -6.8733287782  FE:  -6.8733700494
3.22        -6608794.85623341  -6608794.85623341   -6608834.5431623 IE: -6.8733286562  FE:  -6.8733699317
3.23        -6608794.73707427  -6608794.73707427   -6608834.4249711 IE: -6.8733285323  FE:  -6.8733698088
3.24        -6608794.64921794  -6608794.64921794  -6608834.32520112 IE: -6.8733284409  FE:  -6.8733697050
3.25        -6608794.56404526  -6608794.56404526  -6608834.23632227 IE: -6.8733283523  FE:  -6.8733696126
3.26        -6608794.51716806  -6608794.51716806  -6608834.17696368 IE: -6.8733283036  FE:  -6.8733695509
3.27        -6608794.47045541  -6608794.47045541  -6608834.12882517 IE: -6.8733282550  FE:  -6.8733695008
3.28        -6608794.44648065  -6608794.44648065  -6608834.11105781 IE: -6.8733282301  FE:  -6.8733694823
3.29        -6608794.47618958  -6608794.47618958  -6608834.11183381 IE: -6.8733282610  FE:  -6.8733694831
3.30        -6608794.51619398  -6608794.51619398  -6608834.15273691 IE: -6.8733283026  FE:  -6.8733695257
3.31        -6608794.60694424  -6608794.60694424  -6608834.23807596 IE: -6.8733283970  FE:  -6.8733696144
3.32        -6608794.74005993  -6608794.74005993  -6608834.36170704 IE: -6.8733285354  FE:  -6.8733697430
3.33         -6608794.8805093   -6608794.8805093  -6608834.52505141 IE: -6.8733286815  FE:  -6.8733699129
3.34        -6608795.04573047  -6608795.04573047  -6608834.67964036 IE: -6.8733288533  FE:  -6.8733700737
3.35        -6608795.20362155  -6608795.20362155  -6608834.87726824 IE: -6.8733290175  FE:  -6.8733702792
3.36         -6608795.4086392   -6608795.4086392  -6608835.04982594 IE: -6.8733292307  FE:  -6.8733704587
3.37        -6608795.54160468  -6608795.54160468  -6608835.20471032 IE: -6.8733293690  FE:  -6.8733706198
3.38        -6608795.69044434  -6608795.69044434  -6608835.33663187 IE: -6.8733295238  FE:  -6.8733707570
3.39        -6608795.76149107  -6608795.76149107  -6608835.42998544 IE: -6.8733295977  FE:  -6.8733708540
3.40        -6608795.85470561  -6608795.85470561  -6608835.49682365 IE: -6.8733296947  FE:  -6.8733709236
3.41        -6608795.89790117  -6608795.89790117  -6608835.53968797 IE: -6.8733297396  FE:  -6.8733709681
3.42        -6608795.92082083  -6608795.92082083  -6608835.55426987 IE: -6.8733297634  FE:  -6.8733709833
3.43         -6608795.9146289   -6608795.9146289   -6608835.5632702 IE: -6.8733297570  FE:  -6.8733709927
3.44        -6608795.91098892  -6608795.91098892  -6608835.55385053 IE: -6.8733297532  FE:  -6.8733709829
3.45        -6608795.83293572  -6608795.83293572  -6608835.51033577 IE: -6.8733296720  FE:  -6.8733709376
3.46        -6608795.79842727  -6608795.79842727    -6608835.442488 IE: -6.8733296361  FE:  -6.8733708670
3.47        -6608795.66596363  -6608795.66596363  -6608835.35200943 IE: -6.8733294984  FE:  -6.8733707729
3.48        -6608795.55862658  -6608795.55862658  -6608835.24336302 IE: -6.8733293867  FE:  -6.8733706600
3.49        -6608795.40593213  -6608795.40593213  -6608835.11548021 IE: -6.8733292279  FE:  -6.8733705270
3.50        -6608795.28806235  -6608795.28806235  -6608834.97502783 IE: -6.8733291053  FE:  -6.8733703809
3.51        -6608795.18024988  -6608795.18024988  -6608834.84566647 IE: -6.8733289932  FE:  -6.8733702463
3.52        -6608795.04305757  -6608795.04305757   -6608834.7163856 IE: -6.8733288505  FE:  -6.8733701119
3.53        -6608794.91555317  -6608794.91555317    -6608834.610015 IE: -6.8733287179  FE:  -6.8733700013
3.54        -6608794.83372938  -6608794.83372938  -6608834.52278797 IE: -6.8733286328  FE:  -6.8733699105
3.55        -6608794.81432555  -6608794.81432555  -6608834.49929821 IE: -6.8733286126  FE:  -6.8733698861
3.56        -6608794.80171728  -6608794.80171728  -6608834.47777696 IE: -6.8733285995  FE:  -6.8733698637
3.57        -6608794.81353575  -6608794.81353575  -6608834.49133192 IE: -6.8733286118  FE:  -6.8733698778
3.58        -6608794.85367268  -6608794.85367268  -6608834.52885917 IE: -6.8733286536  FE:  -6.8733699168
3.59         -6608794.9215281   -6608794.9215281  -6608834.57619571 IE: -6.8733287241  FE:  -6.8733699661
3.60        -6608795.00396692  -6608795.00396692  -6608834.67299161 IE: -6.8733288099  FE:  -6.8733700668
3.61        -6608795.08502959  -6608795.08502959  -6608834.75423715 IE: -6.8733288942  FE:  -6.8733701512
3.62        -6608795.21742999  -6608795.21742999  -6608834.88302956 IE: -6.8733290319  FE:  -6.8733702852
3.63        -6608795.34870322  -6608795.34870322  -6608835.00224695 IE: -6.8733291684  FE:  -6.8733704092
3.64        -6608795.48410813  -6608795.48410813  -6608835.11834092 IE: -6.8733293092  FE:  -6.8733705299
3.65        -6608795.60792835  -6608795.60792835  -6608835.25602915 IE: -6.8733294380  FE:  -6.8733706731
3.66        -6608795.70840992  -6608795.70840992  -6608835.38083736 IE: -6.8733295425  FE:  -6.8733708029
3.67        -6608795.84837328  -6608795.84837328  -6608835.49546186 IE: -6.8733296881  FE:  -6.8733709221
3.68        -6608795.95278005  -6608795.95278005  -6608835.60067668 IE: -6.8733297967  FE:  -6.8733710316
3.69        -6608796.00072677  -6608796.00072677  -6608835.67100709 IE: -6.8733298465  FE:  -6.8733711047
3.70        -6608796.05497967  -6608796.05497967  -6608835.73846077 IE: -6.8733299030  FE:  -6.8733711749
3.71        -6608796.07632467  -6608796.07632467  -6608835.76022224 IE: -6.8733299252  FE:  -6.8733711975
3.72        -6608796.09097744  -6608796.09097744  -6608835.74592494 IE: -6.8733299404  FE:  -6.8733711826
3.73        -6608796.06250531  -6608796.06250531  -6608835.73087426 IE: -6.8733299108  FE:  -6.8733711670
3.74        -6608795.99279333  -6608795.99279333  -6608835.68647516 IE: -6.8733298383  FE:  -6.8733711208
3.75        -6608795.92921827  -6608795.92921827  -6608835.62492562 IE: -6.8733297722  FE:  -6.8733710568
3.76        -6608795.85331473  -6608795.85331473  -6608835.53346097 IE: -6.8733296932  FE:  -6.8733709617
3.77        -6608795.76762115  -6608795.76762115  -6608835.44580879 IE: -6.8733296041  FE:  -6.8733708705
3.78        -6608795.68816489  -6608795.68816489  -6608835.34690616 IE: -6.8733295215  FE:  -6.8733707676
3.79        -6608795.55932334  -6608795.55932334  -6608835.24799176 IE: -6.8733293875  FE:  -6.8733706648
3.80        -6608795.41932342  -6608795.41932342  -6608835.16323067 IE: -6.8733292419  FE:  -6.8733705766
3.81        -6608795.36620527  -6608795.36620527   -6608835.0621389 IE: -6.8733291866  FE:  -6.8733704715
3.82        -6608795.27203773  -6608795.27203773  -6608834.99666124 IE: -6.8733290887  FE:  -6.8733704034
3.83        -6608795.24887895  -6608795.24887895  -6608834.94590672 IE: -6.8733290646  FE:  -6.8733703506
3.84        -6608795.24057374  -6608795.24057374  -6608834.90224064 IE: -6.8733290560  FE:  -6.8733703052
3.85         -6608795.2108771   -6608795.2108771  -6608834.89287241 IE: -6.8733290251  FE:  -6.8733702954
3.86        -6608795.22184199  -6608795.22184199  -6608834.91203665 IE: -6.8733290365  FE:  -6.8733703154
3.87        -6608795.26750358  -6608795.26750358  -6608834.94524057 IE: -6.8733290840  FE:  -6.8733703499
3.88        -6608795.31395467  -6608795.31395467  -6608834.98833072 IE: -6.8733291323  FE:  -6.8733703947
3.89        -6608795.34710282  -6608795.34710282  -6608835.06339056 IE: -6.8733291667  FE:  -6.8733704728
3.90        -6608795.49018122  -6608795.49018122  -6608835.14748733 IE: -6.8733293155  FE:  -6.8733705602
3.91        -6608795.54729237  -6608795.54729237  -6608835.23762219 IE: -6.8733293749  FE:  -6.8733706540
3.92        -6608795.64761618  -6608795.64761618  -6608835.33516653 IE: -6.8733294793  FE:  -6.8733707554
3.93        -6608795.77000918  -6608795.77000918  -6608835.43613468 IE: -6.8733296066  FE:  -6.8733708604
3.94        -6608795.87780359  -6608795.87780359   -6608835.5271919 IE: -6.8733297187  FE:  -6.8733709551
3.95        -6608795.97820326  -6608795.97820326  -6608835.62273011 IE: -6.8733298231  FE:  -6.8733710545
3.96        -6608796.07195014  -6608796.07195014  -6608835.73618459 IE: -6.8733299206  FE:  -6.8733711725
3.97        -6608796.14333983  -6608796.14333983  -6608835.80032951 IE: -6.8733299949  FE:  -6.8733712392
3.98        -6608796.20217088  -6608796.20217088   -6608835.8676948 IE: -6.8733300560  FE:  -6.8733713093
3.99        -6608796.23140374  -6608796.23140374  -6608835.91234488 IE: -6.8733300864  FE:  -6.8733713557
