0.00        -935579.604112662  -935579.604112662   -935595.50436544 IE: -6.8934542007  FE:  -6.8935713555
0.01        -935579.603640849  -935579.603640849  -935595.506580804 IE: -6.8934541972  FE:  -6.8935713718
0.02        -935579.611022772  -935579.611022772  -935595.512686744 IE: -6.8934542516  FE:  -6.8935714168
0.03        -935579.616903325  -935579.616903325  -935595.522945088 IE: -6.8934542949  FE:  -6.8935714924
0.04        -935579.632530554  -935579.632530554  -935595.538065458 IE: -6.8934544100  FE:  -6.8935716038
0.05        -935579.655131553  -935579.655131553  -935595.558167809 IE: -6.8934545766  FE:  -6.8935717519
0.06        -935579.678513202  -935579.678513202  -935595.583172028 IE: -6.8934547488  FE:  -6.8935719361
0.07        -935579.707375929  -935579.707375929  -935595.613699813 IE: -6.8934549615  FE:  -6.8935721611
0.08        -935579.742754425  -935579.742754425  -935595.650821557 IE: -6.8934552222  FE:  -6.8935724346
0.09        -935579.798527377  -935579.798527377  -935595.693934816 IE: -6.8934556331  FE:  -6.8935727522
0.10        -935579.836677246  -935579.836677246  -935595.744455701 IE: -6.8934559142  FE:  -6.8935731245
0.11        -935579.898915213  -935579.898915213  -935595.802623749 IE: -6.8934563728  FE:  -6.8935735531
0.12        -935579.967391268  -935579.967391268   -935595.86896989 IE: -6.8934568773  FE:  -6.8935740419
0.13         -935580.04026474   -935580.04026474  -935595.944068951 IE: -6.8934574143  FE:  -6.8935745953
0.14        -935580.127646119  -935580.127646119  -935596.028080052 IE: -6.8934580581  FE:  -6.8935752143
0.15        -935580.219986386  -935580.219986386  -935596.121924523 IE: -6.8934587385  FE:  -6.8935759057
0.16        -935580.301008522  -935580.301008522  -935596.225582517 IE: -6.8934593355  FE:  -6.8935766695
0.17        -935580.437603132  -935580.437603132  -935596.339288763 IE: -6.8934603419  FE:  -6.8935775073
0.18        -935580.560735446  -935580.560735446  -935596.463952149 IE: -6.8934612492  FE:  -6.8935784258
0.19        -935580.703768158  -935580.703768158  -935596.598895788 IE: -6.8934623030  FE:  -6.8935794201
0.20        -935580.841960191  -935580.841960191  -935596.745005605 IE: -6.8934633213  FE:  -6.8935804967
0.21        -935581.004648265  -935581.004648265  -935596.901863979 IE: -6.8934645200  FE:  -6.8935816524
0.22        -935581.160762085  -935581.160762085  -935597.069626928 IE: -6.8934656702  FE:  -6.8935828885
0.23        -935581.345702734  -935581.345702734  -935597.248782598 IE: -6.8934670329  FE:  -6.8935842085
0.24         -935581.53278386   -935581.53278386  -935597.438353281 IE: -6.8934684113  FE:  -6.8935856053
0.25        -935581.736616647  -935581.736616647  -935597.639046017 IE: -6.8934699132  FE:  -6.8935870840
0.26        -935581.944807341  -935581.944807341  -935597.849310804 IE: -6.8934714472  FE:  -6.8935886333
0.27        -935582.161745876  -935582.161745876  -935598.070887087 IE: -6.8934730456  FE:  -6.8935902659
0.28        -935582.400480281  -935582.400480281  -935598.302600381 IE: -6.8934748046  FE:  -6.8935919732
0.29        -935582.638603282  -935582.638603282  -935598.544441626 IE: -6.8934765591  FE:  -6.8935937551
0.30        -935582.886942972  -935582.886942972  -935598.796376747 IE: -6.8934783889  FE:  -6.8935956114
0.31        -935583.159355572  -935583.159355572  -935599.057880308 IE: -6.8934803961  FE:  -6.8935975382
0.32        -935583.423035137  -935583.423035137  -935599.328777356 IE: -6.8934823389  FE:  -6.8935995342
0.33        -935583.702205663  -935583.702205663    -935599.6089973 IE: -6.8934843959  FE:  -6.8936015989
0.34        -935583.999801874  -935583.999801874  -935599.898145152 IE: -6.8934865886  FE:  -6.8936037293
0.35        -935584.306374187  -935584.306374187  -935600.195795929 IE: -6.8934888474  FE:  -6.8936059225
0.36        -935584.589982001  -935584.589982001  -935600.501833906 IE: -6.8934909371  FE:  -6.8936081774
0.37        -935584.917676184  -935584.917676184  -935600.815550218 IE: -6.8934933516  FE:  -6.8936104889
0.38        -935585.232232012  -935585.232232012  -935601.136225145 IE: -6.8934956693  FE:  -6.8936128516
0.39        -935585.567490393  -935585.567490393  -935601.463642949 IE: -6.8934981395  FE:  -6.8936152641
0.40        -935585.894082605  -935585.894082605  -935601.796746791 IE: -6.8935005458  FE:  -6.8936177184
0.41        -935586.239128458  -935586.239128458  -935602.134680995 IE: -6.8935030882  FE:  -6.8936202084
0.42        -935586.568501564  -935586.568501564  -935602.476361498 IE: -6.8935055150  FE:  -6.8936227259
0.43        -935586.915417908  -935586.915417908  -935602.821648483 IE: -6.8935080712  FE:  -6.8936252700
0.44        -935587.280261876  -935587.280261876  -935603.168418106 IE: -6.8935107594  FE:  -6.8936278251
0.45        -935587.638004882  -935587.638004882  -935603.515976749 IE: -6.8935133953  FE:  -6.8936303859
0.46        -935587.979681062  -935587.979681062  -935603.863684686 IE: -6.8935159128  FE:  -6.8936329479
0.47        -935588.320590553  -935588.320590553  -935604.209786339 IE: -6.8935184246  FE:  -6.8936354980
0.48        -935588.664154691  -935588.664154691  -935604.553308274 IE: -6.8935209560  FE:  -6.8936380291
0.49        -935589.000218777  -935589.000218777  -935604.893520004 IE: -6.8935234322  FE:  -6.8936405358
0.50        -935589.337604749  -935589.337604749  -935605.228454897 IE: -6.8935259181  FE:  -6.8936430036
0.51         -935589.68169986   -935589.68169986  -935605.557601494 IE: -6.8935284534  FE:  -6.8936454288
0.52        -935589.978212086  -935589.978212086  -935605.879958227 IE: -6.8935306382  FE:  -6.8936478040
0.53        -935590.317807467  -935590.317807467  -935606.193638778 IE: -6.8935331403  FE:  -6.8936501152
0.54        -935590.591343887  -935590.591343887  -935606.498032259 IE: -6.8935351558  FE:  -6.8936523580
0.55        -935590.906112953  -935590.906112953  -935606.793345469 IE: -6.8935374750  FE:  -6.8936545339
0.56        -935591.196281135  -935591.196281135  -935607.076297138 IE: -6.8935396130  FE:  -6.8936566188
0.57        -935591.458961384  -935591.458961384  -935607.347950509 IE: -6.8935415485  FE:  -6.8936586203
0.58        -935591.708794544  -935591.708794544   -935607.60570659 IE: -6.8935433893  FE:  -6.8936605195
0.59        -935591.939783834  -935591.939783834  -935607.849812022 IE: -6.8935450912  FE:  -6.8936623181
0.60        -935592.178207822  -935592.178207822  -935608.079223266 IE: -6.8935468480  FE:  -6.8936640084
0.61        -935592.401063781  -935592.401063781  -935608.292725689 IE: -6.8935484900  FE:  -6.8936655815
0.62        -935592.584613268  -935592.584613268  -935608.489878827 IE: -6.8935498424  FE:  -6.8936670342
0.63        -935592.768976583  -935592.768976583  -935608.669484861 IE: -6.8935512008  FE:  -6.8936683575
0.64        -935592.915472702  -935592.915472702  -935608.830158512 IE: -6.8935522802  FE:  -6.8936695414
0.65        -935593.064421173  -935593.064421173  -935608.972088292 IE: -6.8935533777  FE:  -6.8936705872
0.66        -935593.193457412  -935593.193457412  -935609.093787208 IE: -6.8935543285  FE:  -6.8936714838
0.67        -935593.286734778  -935593.286734778  -935609.194167215 IE: -6.8935550157  FE:  -6.8936722235
0.68        -935593.355726568  -935593.355726568  -935609.273490503 IE: -6.8935555241  FE:  -6.8936728079
0.69        -935593.408083701  -935593.408083701  -935609.330233471 IE: -6.8935559098  FE:  -6.8936732260
0.70        -935593.447972515  -935593.447972515  -935609.363848562 IE: -6.8935562037  FE:  -6.8936734737
0.71        -935593.442951058  -935593.442951058  -935609.373204526 IE: -6.8935561667  FE:  -6.8936735426
0.72        -935593.427912876  -935593.427912876  -935609.359184899 IE: -6.8935560559  FE:  -6.8936734393
0.73        -935593.394526516  -935593.394526516  -935609.320390814 IE: -6.8935558100  FE:  -6.8936731535
0.74        -935593.323917032  -935593.323917032  -935609.257109018 IE: -6.8935552897  FE:  -6.8936726872
0.75        -935593.262196244  -935593.262196244  -935609.168984606 IE: -6.8935548349  FE:  -6.8936720379
0.76        -935593.125102503  -935593.125102503   -935609.05610312 IE: -6.8935538248  FE:  -6.8936712062
0.77        -935592.986300291  -935592.986300291  -935608.919475084 IE: -6.8935528021  FE:  -6.8936701995
0.78        -935592.812665344  -935592.812665344  -935608.758818132 IE: -6.8935515227  FE:  -6.8936690158
0.79        -935592.635150224  -935592.635150224  -935608.575584174 IE: -6.8935502148  FE:  -6.8936676657
0.80        -935592.406974107  -935592.406974107  -935608.369825984 IE: -6.8935485336  FE:  -6.8936661496
0.81        -935592.195670436  -935592.195670436  -935608.142955301 IE: -6.8935469766  FE:  -6.8936644780
0.82         -935591.94292686   -935591.94292686   -935607.89577803 IE: -6.8935451144  FE:  -6.8936626568
0.83        -935591.667946737  -935591.667946737  -935607.630332664 IE: -6.8935430883  FE:  -6.8936607009
0.84        -935591.387493602  -935591.387493602  -935607.347467129 IE: -6.8935410219  FE:  -6.8936586168
0.85        -935591.090185127  -935591.090185127  -935607.048876024 IE: -6.8935388313  FE:  -6.8936564167
0.86        -935590.760004531  -935590.760004531  -935606.736425565 IE: -6.8935363985  FE:  -6.8936541145
0.87         -935590.44059623   -935590.44059623  -935606.411285179 IE: -6.8935340451  FE:  -6.8936517189
0.88        -935590.097512638  -935590.097512638  -935606.075418126 IE: -6.8935315172  FE:  -6.8936492442
0.89        -935589.757165769  -935589.757165769  -935605.730833656 IE: -6.8935290095  FE:  -6.8936467052
0.90         -935589.38995791   -935589.38995791  -935605.379241564 IE: -6.8935263038  FE:  -6.8936441147
0.91        -935589.032944947  -935589.032944947  -935605.021922147 IE: -6.8935236733  FE:  -6.8936414819
0.92        -935588.665237739  -935588.665237739  -935604.660676887 IE: -6.8935209640  FE:  -6.8936388202
0.93        -935588.312176844  -935588.312176844  -935604.297277852 IE: -6.8935183626  FE:  -6.8936361426
0.94        -935587.923653802  -935587.923653802   -935603.93285181 IE: -6.8935155000  FE:  -6.8936334575
0.95        -935587.577204727  -935587.577204727  -935603.568934301 IE: -6.8935129473  FE:  -6.8936307761
0.96        -935587.197228181  -935587.197228181  -935603.206985211 IE: -6.8935101476  FE:  -6.8936281092
0.97        -935586.849531755  -935586.849531755  -935602.848378061 IE: -6.8935075857  FE:  -6.8936254670
0.98        -935586.486897565  -935586.486897565  -935602.494148216 IE: -6.8935049138  FE:  -6.8936228570
0.99        -935586.121240042  -935586.121240042  -935602.145087806 IE: -6.8935022196  FE:  -6.8936202851
1.00        -935585.793845621  -935585.793845621  -935601.802602914 IE: -6.8934998073  FE:  -6.8936177616
1.01        -935585.482926427  -935585.482926427  -935601.467855446 IE: -6.8934975164  FE:  -6.8936152951
1.02         -935585.13530048   -935585.13530048  -935601.141166407 IE: -6.8934949551  FE:  -6.8936128881
1.03        -935584.821574716  -935584.821574716  -935600.824283899 IE: -6.8934926435  FE:  -6.8936105532
1.04         -935584.52129609   -935584.52129609   -935600.51745752 IE: -6.8934904310  FE:  -6.8936082925
1.05        -935584.215107886  -935584.215107886  -935600.222222738 IE: -6.8934881750  FE:  -6.8936061172
1.06        -935583.935455089  -935583.935455089  -935599.938497817 IE: -6.8934861145  FE:  -6.8936040267
1.07        -935583.665494313  -935583.665494313  -935599.668260224 IE: -6.8934841254  FE:  -6.8936020355
1.08        -935583.415607365  -935583.415607365  -935599.411415966 IE: -6.8934822842  FE:  -6.8936001431
1.09        -935583.175222435  -935583.175222435  -935599.169480495 IE: -6.8934805130  FE:  -6.8935983605
1.10        -935582.935791742  -935582.935791742  -935598.942933487 IE: -6.8934787488  FE:  -6.8935966912
1.11        -935582.740947607  -935582.740947607  -935598.732355151 IE: -6.8934773132  FE:  -6.8935951397
1.12        -935582.542641715  -935582.542641715  -935598.538983759 IE: -6.8934758521  FE:  -6.8935937149
1.13        -935582.371849795  -935582.371849795  -935598.362928468 IE: -6.8934745936  FE:  -6.8935924177
1.14         -935582.21713914   -935582.21713914  -935598.204872353 IE: -6.8934734537  FE:  -6.8935912531
1.15        -935582.057643447  -935582.057643447  -935598.065356977 IE: -6.8934722785  FE:  -6.8935902251
1.16        -935581.956184531  -935581.956184531  -935597.944526693 IE: -6.8934715310  FE:  -6.8935893349
1.17        -935581.856406052  -935581.856406052  -935597.842408922 IE: -6.8934707958  FE:  -6.8935885824
1.18        -935581.813422943  -935581.813422943    -935597.7597816 IE: -6.8934704791  FE:  -6.8935879736
1.19        -935581.720293184  -935581.720293184  -935597.695789391 IE: -6.8934697929  FE:  -6.8935875021
1.20        -935581.689679656  -935581.689679656  -935597.650756427 IE: -6.8934695673  FE:  -6.8935871703
1.21        -935581.655414703  -935581.655414703  -935597.624934234 IE: -6.8934693149  FE:  -6.8935869801
1.22         -935581.65368775   -935581.65368775  -935597.617418697 IE: -6.8934693021  FE:  -6.8935869247
1.23        -935581.665313944  -935581.665313944  -935597.627664651 IE: -6.8934693878  FE:  -6.8935870002
1.24        -935581.715565811  -935581.715565811  -935597.655836305 IE: -6.8934697581  FE:  -6.8935872078
1.25        -935581.759649507  -935581.759649507  -935597.700053689 IE: -6.8934700829  FE:  -6.8935875336
1.26        -935581.830829884  -935581.830829884  -935597.760551079 IE: -6.8934706074  FE:  -6.8935879793
1.27        -935581.900335802  -935581.900335802   -935597.83605699 IE: -6.8934711195  FE:  -6.8935885356
1.28        -935582.003032886  -935582.003032886  -935597.925427549 IE: -6.8934718762  FE:  -6.8935891941
1.29        -935582.099384461  -935582.099384461  -935598.027928239 IE: -6.8934725861  FE:  -6.8935899494
1.30        -935582.204289812  -935582.204289812  -935598.141960421 IE: -6.8934733590  FE:  -6.8935907896
1.31        -935582.334677332  -935582.334677332  -935598.266622477 IE: -6.8934743198  FE:  -6.8935917081
1.32        -935582.483136658  -935582.483136658  -935598.400712155 IE: -6.8934754136  FE:  -6.8935926961
1.33        -935582.632893995  -935582.632893995  -935598.543146146 IE: -6.8934765170  FE:  -6.8935937456
1.34        -935582.769737405  -935582.769737405  -935598.691628343 IE: -6.8934775253  FE:  -6.8935948396
1.35        -935582.924415299  -935582.924415299  -935598.845642474 IE: -6.8934786650  FE:  -6.8935959744
1.36        -935583.093080144  -935583.093080144  -935599.004116495 IE: -6.8934799078  FE:  -6.8935971420
1.37        -935583.247928816  -935583.247928816  -935599.164577966 IE: -6.8934810487  FE:  -6.8935983243
1.38        -935583.411355836  -935583.411355836  -935599.326673235 IE: -6.8934822528  FE:  -6.8935995187
1.39        -935583.569634944  -935583.569634944  -935599.489002469 IE: -6.8934834191  FE:  -6.8936007147
1.40        -935583.733424528  -935583.733424528  -935599.649526335 IE: -6.8934846259  FE:  -6.8936018975
1.41        -935583.892666615  -935583.892666615  -935599.807838528 IE: -6.8934857992  FE:  -6.8936030639
1.42        -935584.052186567  -935584.052186567  -935599.962304659 IE: -6.8934869746  FE:  -6.8936042021
1.43        -935584.202737086  -935584.202737086  -935600.111957789 IE: -6.8934880838  FE:  -6.8936053047
1.44        -935584.348735933  -935584.348735933  -935600.255160923 IE: -6.8934891596  FE:  -6.8936063599
1.45        -935584.477359553  -935584.477359553  -935600.391643316 IE: -6.8934901073  FE:  -6.8936073655
1.46        -935584.600110462  -935584.600110462  -935600.519993659 IE: -6.8934910117  FE:  -6.8936083112
1.47        -935584.716183685  -935584.716183685  -935600.639931461 IE: -6.8934918670  FE:  -6.8936091949
1.48        -935584.839015446  -935584.839015446  -935600.750086941 IE: -6.8934927720  FE:  -6.8936100065
1.49        -935584.935449266  -935584.935449266  -935600.849948452 IE: -6.8934934825  FE:  -6.8936107423
1.50        -935585.018007204  -935585.018007204  -935600.939529257 IE: -6.8934940908  FE:  -6.8936114024
1.51          -935585.0948884    -935585.0948884  -935601.017966292 IE: -6.8934946573  FE:  -6.8936119803
1.52        -935585.163217652  -935585.163217652  -935601.085120721 IE: -6.8934951608  FE:  -6.8936124751
1.53        -935585.224953845  -935585.224953845  -935601.140668865 IE: -6.8934956156  FE:  -6.8936128844
1.54        -935585.261092457  -935585.261092457  -935601.183902533 IE: -6.8934958819  FE:  -6.8936132029
1.55        -935585.269292942  -935585.269292942  -935601.215817712 IE: -6.8934959423  FE:  -6.8936134381
1.56        -935585.310281735  -935585.310281735  -935601.236478199 IE: -6.8934962443  FE:  -6.8936135903
1.57        -935585.304475134  -935585.304475134  -935601.245116448 IE: -6.8934962016  FE:  -6.8936136540
1.58        -935585.308350822  -935585.308350822  -935601.242269998 IE: -6.8934962301  FE:  -6.8936136330
1.59        -935585.290642072  -935585.290642072  -935601.228915989 IE: -6.8934960996  FE:  -6.8936135346
1.60         -935585.26576856   -935585.26576856  -935601.205415398 IE: -6.8934959164  FE:  -6.8936133614
1.61         -935585.23128638   -935585.23128638  -935601.172153333 IE: -6.8934956623  FE:  -6.8936131164
1.62        -935585.185274365  -935585.185274365  -935601.129880011 IE: -6.8934953233  FE:  -6.8936128049
1.63        -935585.124279515  -935585.124279515  -935601.079797592 IE: -6.8934948739  FE:  -6.8936124359
1.64        -935585.069676684  -935585.069676684  -935601.021294144 IE: -6.8934944715  FE:  -6.8936120048
1.65        -935584.989552533  -935584.989552533    -935600.9562172 IE: -6.8934938812  FE:  -6.8936115253
1.66        -935584.946443189  -935584.946443189  -935600.885769863 IE: -6.8934935635  FE:  -6.8936110063
1.67        -935584.847140106  -935584.847140106  -935600.808931017 IE: -6.8934928319  FE:  -6.8936104401
1.68        -935584.763631239  -935584.763631239  -935600.728593629 IE: -6.8934922166  FE:  -6.8936098482
1.69         -935584.65937335   -935584.65937335  -935600.644257016 IE: -6.8934914484  FE:  -6.8936092268
1.70        -935584.571109517  -935584.571109517  -935600.556565101 IE: -6.8934907980  FE:  -6.8936085806
1.71        -935584.490300906  -935584.490300906   -935600.46709543 IE: -6.8934902026  FE:  -6.8936079214
1.72        -935584.404059414  -935584.404059414  -935600.375986767 IE: -6.8934895672  FE:  -6.8936072501
1.73        -935584.309348267  -935584.309348267  -935600.284162436 IE: -6.8934888694  FE:  -6.8936065736
1.74          -935584.2188573    -935584.2188573    -935600.1923091 IE: -6.8934882026  FE:  -6.8936058968
1.75        -935584.119008549  -935584.119008549  -935600.100118711 IE: -6.8934874669  FE:  -6.8936052175
1.76        -935584.022822007  -935584.022822007   -935600.00910382 IE: -6.8934867582  FE:  -6.8936045469
1.77         -935583.94134996   -935583.94134996  -935599.919199923 IE: -6.8934861579  FE:  -6.8936038845
1.78        -935583.837452574  -935583.837452574  -935599.830860889 IE: -6.8934853924  FE:  -6.8936032336
1.79        -935583.756449914  -935583.756449914  -935599.744230406 IE: -6.8934847955  FE:  -6.8936025953
1.80        -935583.672551338  -935583.672551338  -935599.659535176 IE: -6.8934841774  FE:  -6.8936019712
1.81        -935583.589813441  -935583.589813441  -935599.577137948 IE: -6.8934835677  FE:  -6.8936013641
1.82        -935583.504326755  -935583.504326755  -935599.497310801 IE: -6.8934829379  FE:  -6.8936007759
1.83        -935583.445334804  -935583.445334804  -935599.420102762 IE: -6.8934825032  FE:  -6.8936002071
1.84        -935583.373343518  -935583.373343518  -935599.345459286 IE: -6.8934819728  FE:  -6.8935996571
1.85        -935583.291745646  -935583.291745646  -935599.274161237 IE: -6.8934813715  FE:  -6.8935991318
1.86        -935583.220351289  -935583.220351289   -935599.20593415 IE: -6.8934808455  FE:  -6.8935986290
1.87        -935583.162364495  -935583.162364495  -935599.141278069 IE: -6.8934804182  FE:  -6.8935981527
1.88        -935583.096068308  -935583.096068308   -935599.08031562 IE: -6.8934799298  FE:  -6.8935977035
1.89        -935583.046527827  -935583.046527827  -935599.023740825 IE: -6.8934795647  FE:  -6.8935972866
1.90        -935582.986324972  -935582.986324972  -935598.971646797 IE: -6.8934791212  FE:  -6.8935969028
1.91        -935582.968903233  -935582.968903233  -935598.923587632 IE: -6.8934789928  FE:  -6.8935965487
1.92        -935582.898508425  -935582.898508425  -935598.881226859 IE: -6.8934784741  FE:  -6.8935962366
1.93        -935582.871269331  -935582.871269331  -935598.843638714 IE: -6.8934782734  FE:  -6.8935959596
1.94        -935582.851614706  -935582.851614706  -935598.811891994 IE: -6.8934781286  FE:  -6.8935957257
1.95        -935582.825484652  -935582.825484652  -935598.785673731 IE: -6.8934779361  FE:  -6.8935955325
1.96        -935582.811813151  -935582.811813151  -935598.765473382 IE: -6.8934778353  FE:  -6.8935953837
1.97        -935582.796994021  -935582.796994021  -935598.751493067 IE: -6.8934777262  FE:  -6.8935952807
1.98        -935582.792814325  -935582.792814325    -935598.7437627 IE: -6.8934776954  FE:  -6.8935952237
1.99        -935582.793127408  -935582.793127408  -935598.742748385 IE: -6.8934776977  FE:  -6.8935952162
2.00           -935582.797725     -935582.797725  -935598.748006534 IE: -6.8934777315  FE:  -6.8935952550
2.01        -935582.820561595  -935582.820561595  -935598.760483688 IE: -6.8934778998  FE:  -6.8935953469
2.02         -935582.84410807   -935582.84410807  -935598.779566144 IE: -6.8934780733  FE:  -6.8935954875
2.03         -935582.87028301   -935582.87028301  -935598.805441809 IE: -6.8934782662  FE:  -6.8935956782
2.04        -935582.908493487  -935582.908493487   -935598.83785529 IE: -6.8934785477  FE:  -6.8935959170
2.05        -935582.962152054  -935582.962152054  -935598.877327383 IE: -6.8934789431  FE:  -6.8935962078
2.06        -935582.989136822  -935582.989136822  -935598.923026626 IE: -6.8934791419  FE:  -6.8935965446
2.07        -935583.063895402  -935583.063895402  -935598.974844452 IE: -6.8934796927  FE:  -6.8935969264
2.08        -935583.111118635  -935583.111118635  -935599.032620167 IE: -6.8934800407  FE:  -6.8935973520
2.09          -935583.1712371    -935583.1712371  -935599.095494714 IE: -6.8934804836  FE:  -6.8935978153
2.10          -935583.2472619    -935583.2472619   -935599.16325729 IE: -6.8934810438  FE:  -6.8935983146
2.11        -935583.318596635  -935583.318596635  -935599.235214215 IE: -6.8934815694  FE:  -6.8935988448
2.12        -935583.396694957  -935583.396694957  -935599.310866445 IE: -6.8934821448  FE:  -6.8935994022
2.13        -935583.472367202  -935583.472367202  -935599.389445473 IE: -6.8934827024  FE:  -6.8935999812
2.14        -935583.565448541  -935583.565448541  -935599.470587408 IE: -6.8934833882  FE:  -6.8936005790
2.15        -935583.645824698  -935583.645824698  -935599.553362209 IE: -6.8934839804  FE:  -6.8936011889
2.16        -935583.726720373  -935583.726720373  -935599.636818581 IE: -6.8934845765  FE:  -6.8936018039
2.17        -935583.812792731  -935583.812792731  -935599.720539631 IE: -6.8934852107  FE:  -6.8936024207
2.18        -935583.894154669  -935583.894154669  -935599.804339324 IE: -6.8934858102  FE:  -6.8936030382
2.19         -935583.97402987   -935583.97402987  -935599.885936904 IE: -6.8934863987  FE:  -6.8936036394
2.20        -935584.058592119  -935584.058592119  -935599.966322489 IE: -6.8934870218  FE:  -6.8936042317
2.21        -935584.129138762  -935584.129138762  -935600.043047263 IE: -6.8934875415  FE:  -6.8936047970
2.22        -935584.193699738  -935584.193699738  -935600.116774085 IE: -6.8934880172  FE:  -6.8936053402
2.23        -935584.260734777  -935584.260734777  -935600.186951023 IE: -6.8934885112  FE:  -6.8936058573
2.24        -935584.342723357  -935584.342723357  -935600.251331032 IE: -6.8934891153  FE:  -6.8936063316
2.25        -935584.388087481  -935584.388087481  -935600.311104875 IE: -6.8934894495  FE:  -6.8936067721
2.26        -935584.453434306  -935584.453434306  -935600.364871112 IE: -6.8934899310  FE:  -6.8936071682
2.27        -935584.496348461  -935584.496348461   -935600.41260616 IE: -6.8934902472  FE:  -6.8936075199
2.28         -935584.53077204   -935584.53077204  -935600.453779906 IE: -6.8934905008  FE:  -6.8936078233
2.29        -935584.565924781  -935584.565924781  -935600.487727509 IE: -6.8934907598  FE:  -6.8936080734
2.30        -935584.571851956  -935584.571851956  -935600.514778459 IE: -6.8934908035  FE:  -6.8936082728
2.31        -935584.601117113  -935584.601117113  -935600.535288408 IE: -6.8934910191  FE:  -6.8936084239
2.32        -935584.608475393  -935584.608475393  -935600.548050612 IE: -6.8934910734  FE:  -6.8936085179
2.33        -935584.611127127  -935584.611127127  -935600.553959864 IE: -6.8934910929  FE:  -6.8936085614
2.34        -935584.609476087  -935584.609476087  -935600.552767784 IE: -6.8934910807  FE:  -6.8936085527
2.35        -935584.598371885  -935584.598371885  -935600.544755629 IE: -6.8934909989  FE:  -6.8936084936
2.36        -935584.593030998  -935584.593030998  -935600.529840462 IE: -6.8934909596  FE:  -6.8936083837
2.37        -935584.561736802  -935584.561736802  -935600.508443563 IE: -6.8934907290  FE:  -6.8936082261
2.38        -935584.531558123  -935584.531558123  -935600.481228199 IE: -6.8934905066  FE:  -6.8936080256
2.39        -935584.493518445  -935584.493518445  -935600.448218914 IE: -6.8934902263  FE:  -6.8936077823
2.40        -935584.421380038  -935584.421380038  -935600.409781814 IE: -6.8934896948  FE:  -6.8936074991
2.41        -935584.404095655  -935584.404095655   -935600.36638176 IE: -6.8934895675  FE:  -6.8936071794
2.42        -935584.355022926  -935584.355022926  -935600.319229762 IE: -6.8934892059  FE:  -6.8936068319
2.43        -935584.294508784  -935584.294508784  -935600.267713014 IE: -6.8934887600  FE:  -6.8936064524
2.44        -935584.226711494  -935584.226711494  -935600.213090403 IE: -6.8934882605  FE:  -6.8936060499
2.45        -935584.171589998  -935584.171589998  -935600.155943873 IE: -6.8934878543  FE:  -6.8936056288
2.46        -935584.107166732  -935584.107166732  -935600.096062245 IE: -6.8934873797  FE:  -6.8936051876
2.47        -935584.063605617  -935584.063605617  -935600.034756553 IE: -6.8934870587  FE:  -6.8936047359
2.48        -935584.004353174  -935584.004353174  -935599.972223756 IE: -6.8934866221  FE:  -6.8936042752
2.49        -935583.924465394  -935583.924465394  -935599.908848386 IE: -6.8934860335  FE:  -6.8936038082
2.50        -935583.864897696  -935583.864897696  -935599.845497509 IE: -6.8934855946  FE:  -6.8936033414
2.51        -935583.797929583  -935583.797929583  -935599.782557619 IE: -6.8934851012  FE:  -6.8936028777
2.52        -935583.724969625  -935583.724969625  -935599.720652601 IE: -6.8934845636  FE:  -6.8936024215
2.53        -935583.665101117  -935583.665101117  -935599.659912444 IE: -6.8934841225  FE:  -6.8936019740
2.54        -935583.614011462  -935583.614011462  -935599.601478364 IE: -6.8934837460  FE:  -6.8936015435
2.55        -935583.568246855  -935583.568246855  -935599.545129476 IE: -6.8934834088  FE:  -6.8936011283
2.56        -935583.505825533  -935583.505825533  -935599.491450739 IE: -6.8934829489  FE:  -6.8936007328
2.57        -935583.439123018  -935583.439123018  -935599.440902563 IE: -6.8934824574  FE:  -6.8936003603
2.58        -935583.412549109  -935583.412549109  -935599.393738635 IE: -6.8934822616  FE:  -6.8936000128
2.59        -935583.371270418  -935583.371270418   -935599.34979396 IE: -6.8934819575  FE:  -6.8935996890
2.60        -935583.328819994  -935583.328819994  -935599.309647236 IE: -6.8934816447  FE:  -6.8935993932
2.61        -935583.299636354  -935583.299636354   -935599.27334118 IE: -6.8934814297  FE:  -6.8935991257
2.62          -935583.2722396    -935583.2722396  -935599.240742976 IE: -6.8934812278  FE:  -6.8935988855
2.63        -935583.232237649  -935583.232237649  -935599.211693621 IE: -6.8934809331  FE:  -6.8935986715
2.64        -935583.206036384  -935583.206036384  -935599.186869454 IE: -6.8934807400  FE:  -6.8935984886
2.65        -935583.184480365  -935583.184480365  -935599.165679352 IE: -6.8934805812  FE:  -6.8935983324
2.66        -935583.179611908  -935583.179611908  -935599.148711937 IE: -6.8934805453  FE:  -6.8935982074
2.67        -935583.176515794  -935583.176515794  -935599.135810644 IE: -6.8934805225  FE:  -6.8935981124
2.68        -935583.142380966  -935583.142380966   -935599.12678515 IE: -6.8934802710  FE:  -6.8935980459
2.69        -935583.161401882  -935583.161401882  -935599.121583595 IE: -6.8934804112  FE:  -6.8935980075
2.70        -935583.175986511  -935583.175986511   -935599.12091011 IE: -6.8934805186  FE:  -6.8935980026
2.71         -935583.16605781   -935583.16605781  -935599.124115261 IE: -6.8934804455  FE:  -6.8935980262
2.72        -935583.194734773  -935583.194734773  -935599.131305048 IE: -6.8934806568  FE:  -6.8935980792
2.73        -935583.196738032  -935583.196738032  -935599.142530965 IE: -6.8934806715  FE:  -6.8935981619
2.74         -935583.22336707   -935583.22336707  -935599.157765051 IE: -6.8934808677  FE:  -6.8935982741
2.75        -935583.246206175  -935583.246206175  -935599.177171966 IE: -6.8934810360  FE:  -6.8935984171
2.76        -935583.273027897  -935583.273027897   -935599.20020854 IE: -6.8934812336  FE:  -6.8935985869
2.77        -935583.308018059  -935583.308018059   -935599.22722268 IE: -6.8934814914  FE:  -6.8935987859
2.78        -935583.334076389  -935583.334076389  -935599.257928926 IE: -6.8934816834  FE:  -6.8935990121
2.79        -935583.356561907  -935583.356561907  -935599.291845338 IE: -6.8934818491  FE:  -6.8935992620
2.80        -935583.394502469  -935583.394502469  -935599.328575785 IE: -6.8934821287  FE:  -6.8935995327
2.81         -935583.44156487   -935583.44156487  -935599.368699807 IE: -6.8934824754  FE:  -6.8935998283
2.82        -935583.487917446  -935583.487917446  -935599.411335058 IE: -6.8934828170  FE:  -6.8936001425
2.83         -935583.53259098   -935583.53259098  -935599.455826932 IE: -6.8934831461  FE:  -6.8936004703
2.84        -935583.586942679  -935583.586942679  -935599.502367581 IE: -6.8934835466  FE:  -6.8936008132
2.85        -935583.639750554  -935583.639750554  -935599.549881314 IE: -6.8934839357  FE:  -6.8936011633
2.86        -935583.678802985  -935583.678802985  -935599.598021764 IE: -6.8934842234  FE:  -6.8936015180
2.87        -935583.730875633  -935583.730875633  -935599.647039833 IE: -6.8934846071  FE:  -6.8936018792
2.88        -935583.789468082  -935583.789468082  -935599.696521652 IE: -6.8934850388  FE:  -6.8936022437
2.89         -935583.83207489   -935583.83207489  -935599.745298611 IE: -6.8934853527  FE:  -6.8936026031
2.90        -935583.874673173  -935583.874673173  -935599.793183766 IE: -6.8934856666  FE:  -6.8936029560
2.91          -935583.9402458    -935583.9402458  -935599.839872747 IE: -6.8934861498  FE:  -6.8936033000
2.92        -935583.968499886  -935583.968499886  -935599.884675799 IE: -6.8934863579  FE:  -6.8936036301
2.93         -935584.01725012   -935584.01725012  -935599.927748218 IE: -6.8934867171  FE:  -6.8936039475
2.94        -935584.054712599  -935584.054712599  -935599.968410307 IE: -6.8934869932  FE:  -6.8936042471
2.95         -935584.09512085   -935584.09512085  -935600.006784451 IE: -6.8934872909  FE:  -6.8936045298
2.96        -935584.123832727  -935584.123832727  -935600.042135344 IE: -6.8934875025  FE:  -6.8936047903
2.97        -935584.156093499  -935584.156093499  -935600.074272333 IE: -6.8934877402  FE:  -6.8936050271
2.98        -935584.182402903  -935584.182402903   -935600.10338766 IE: -6.8934879340  FE:  -6.8936052416
2.99        -935584.208776107  -935584.208776107  -935600.129115933 IE: -6.8934881283  FE:  -6.8936054312
3.00        -935584.235035234  -935584.235035234  -935600.151559945 IE: -6.8934883218  FE:  -6.8936055965
3.01        -935584.242732354  -935584.242732354  -935600.170563731 IE: -6.8934883785  FE:  -6.8936057365
3.02        -935584.254590202  -935584.254590202  -935600.185812429 IE: -6.8934884659  FE:  -6.8936058489
3.03        -935584.265870639  -935584.265870639  -935600.197851477 IE: -6.8934885490  FE:  -6.8936059376
3.04        -935584.293517178  -935584.293517178  -935600.206798476 IE: -6.8934887527  FE:  -6.8936060035
3.05        -935584.268395695  -935584.268395695   -935600.21180692 IE: -6.8934885676  FE:  -6.8936060404
3.06        -935584.270086295  -935584.270086295   -935600.21394383 IE: -6.8934885801  FE:  -6.8936060562
3.07        -935584.267409539  -935584.267409539  -935600.213205826 IE: -6.8934885603  FE:  -6.8936060507
3.08        -935584.271785887  -935584.271785887  -935600.208984878 IE: -6.8934885926  FE:  -6.8936060196
3.09        -935584.246580079  -935584.246580079  -935600.202309115 IE: -6.8934884069  FE:  -6.8936059704
3.10         -935584.24284339   -935584.24284339  -935600.192862693 IE: -6.8934883793  FE:  -6.8936059008
3.11        -935584.235196428  -935584.235196428  -935600.180092632 IE: -6.8934883230  FE:  -6.8936058068
3.12        -935584.197769181  -935584.197769181  -935600.164783572 IE: -6.8934880472  FE:  -6.8936056940
3.13        -935584.204850557  -935584.204850557  -935600.147055417 IE: -6.8934880994  FE:  -6.8936055633
3.14        -935584.169160118  -935584.169160118   -935600.12643458 IE: -6.8934878364  FE:  -6.8936054114
3.15        -935584.145397743  -935584.145397743  -935600.103930717 IE: -6.8934876613  FE:  -6.8936052456
3.16        -935584.111817379  -935584.111817379  -935600.078552441 IE: -6.8934874139  FE:  -6.8936050586
3.17         -935584.08781607   -935584.08781607   -935600.05133258 IE: -6.8934872371  FE:  -6.8936048580
3.18        -935584.052166153  -935584.052166153  -935600.022124662 IE: -6.8934869744  FE:  -6.8936046428
3.19        -935584.010752772  -935584.010752772  -935599.991246648 IE: -6.8934866693  FE:  -6.8936044153
3.20        -935583.990155439  -935583.990155439  -935599.959059215 IE: -6.8934865175  FE:  -6.8936041782
3.21         -935583.94323728   -935583.94323728  -935599.924933123 IE: -6.8934861718  FE:  -6.8936039267
3.22        -935583.903406638  -935583.903406638   -935599.89073295 IE: -6.8934858783  FE:  -6.8936036747
3.23          -935583.8746923    -935583.8746923  -935599.855208169 IE: -6.8934856668  FE:  -6.8936034130
3.24        -935583.841187042  -935583.841187042  -935599.819720985 IE: -6.8934854199  FE:  -6.8936031515
3.25        -935583.800107679  -935583.800107679  -935599.784161382 IE: -6.8934851172  FE:  -6.8936028895
3.26        -935583.755535323  -935583.755535323  -935599.748971727 IE: -6.8934847888  FE:  -6.8936026302
3.27        -935583.727429109  -935583.727429109  -935599.714779697 IE: -6.8934845817  FE:  -6.8936023783
3.28        -935583.691375662  -935583.691375662  -935599.681278244 IE: -6.8934843161  FE:  -6.8936021314
3.29        -935583.664942548  -935583.664942548  -935599.649702059 IE: -6.8934841213  FE:  -6.8936018988
3.30        -935583.649939842  -935583.649939842  -935599.619951081 IE: -6.8934840108  FE:  -6.8936016796
3.31        -935583.611819977  -935583.611819977  -935599.592251188 IE: -6.8934837299  FE:  -6.8936014755
3.32        -935583.589613598  -935583.589613598  -935599.566688905 IE: -6.8934835663  FE:  -6.8936012871
3.33        -935583.564799229  -935583.564799229   -935599.54403552 IE: -6.8934833834  FE:  -6.8936011202
3.34        -935583.551522911  -935583.551522911  -935599.524526934 IE: -6.8934832856  FE:  -6.8936009765
3.35        -935583.525570186  -935583.525570186  -935599.507611055 IE: -6.8934830944  FE:  -6.8936008518
3.36         -935583.52493613   -935583.52493613  -935599.494144266 IE: -6.8934830897  FE:  -6.8936007526
3.37        -935583.508990562  -935583.508990562  -935599.483726058 IE: -6.8934829722  FE:  -6.8936006758
3.38        -935583.507180527  -935583.507180527  -935599.475869046 IE: -6.8934829589  FE:  -6.8936006180
3.39        -935583.484374661  -935583.484374661  -935599.471471449 IE: -6.8934827909  FE:  -6.8936005856
3.40          -935583.5016186    -935583.5016186  -935599.469083444 IE: -6.8934829179  FE:  -6.8936005680
3.41        -935583.515499336  -935583.515499336  -935599.469675192 IE: -6.8934830202  FE:  -6.8936005723
3.42        -935583.511725567  -935583.511725567  -935599.472634884 IE: -6.8934829924  FE:  -6.8936005941
3.43        -935583.526485131  -935583.526485131  -935599.477990646 IE: -6.8934831011  FE:  -6.8936006336
3.44        -935583.514286732  -935583.514286732  -935599.485370283 IE: -6.8934830112  FE:  -6.8936006880
3.45        -935583.545826545  -935583.545826545  -935599.494754642 IE: -6.8934832436  FE:  -6.8936007571
3.46        -935583.550728079  -935583.550728079  -935599.506458913 IE: -6.8934832798  FE:  -6.8936008433
3.47        -935583.581365203  -935583.581365203  -935599.519234886 IE: -6.8934835055  FE:  -6.8936009375
3.48        -935583.587502095  -935583.587502095  -935599.533681417 IE: -6.8934835507  FE:  -6.8936010439
3.49         -935583.60626469   -935583.60626469  -935599.549660817 IE: -6.8934836890  FE:  -6.8936011617
3.50        -935583.634436319  -935583.634436319  -935599.567189916 IE: -6.8934838965  FE:  -6.8936012908
3.51        -935583.642517198  -935583.642517198  -935599.585769904 IE: -6.8934839561  FE:  -6.8936014277
3.52        -935583.668589244  -935583.668589244  -935599.605212715 IE: -6.8934841482  FE:  -6.8936015710
3.53        -935583.702562428  -935583.702562428  -935599.625491693 IE: -6.8934843985  FE:  -6.8936017204
3.54        -935583.703101001  -935583.703101001  -935599.646973688 IE: -6.8934844025  FE:  -6.8936018787
3.55        -935583.740984978  -935583.740984978  -935599.669812009 IE: -6.8934846816  FE:  -6.8936020469
3.56        -935583.760141234  -935583.760141234  -935599.692695625 IE: -6.8934848227  FE:  -6.8936022156
3.57        -935583.795821067  -935583.795821067   -935599.71634453 IE: -6.8934850856  FE:  -6.8936023898
3.58        -935583.819714603  -935583.819714603  -935599.740486399 IE: -6.8934852617  FE:  -6.8936025677
3.59        -935583.847833603  -935583.847833603  -935599.764830134 IE: -6.8934854689  FE:  -6.8936027471
3.60        -935583.867833134  -935583.867833134  -935599.790188998 IE: -6.8934856162  FE:  -6.8936029339
3.61         -935583.88710038   -935583.88710038  -935599.815802496 IE: -6.8934857582  FE:  -6.8936031226
3.62        -935583.920976623  -935583.920976623  -935599.840698671 IE: -6.8934860078  FE:  -6.8936033061
3.63        -935583.940736721  -935583.940736721  -935599.866373394 IE: -6.8934861534  FE:  -6.8936034952
3.64        -935583.975612048  -935583.975612048  -935599.891053132 IE: -6.8934864103  FE:  -6.8936036771
3.65        -935583.991545448  -935583.991545448  -935599.915897524 IE: -6.8934865277  FE:  -6.8936038601
3.66        -935584.029340422  -935584.029340422  -935599.940526719 IE: -6.8934868062  FE:  -6.8936040416
3.67        -935584.044992289  -935584.044992289  -935599.963264499 IE: -6.8934869215  FE:  -6.8936042091
3.68        -935584.065059031  -935584.065059031   -935599.98620804 IE: -6.8934870694  FE:  -6.8936043782
3.69        -935584.085509263  -935584.085509263  -935600.006778521 IE: -6.8934872201  FE:  -6.8936045298
3.70        -935584.107015949  -935584.107015949  -935600.026719737 IE: -6.8934873785  FE:  -6.8936046767
3.71        -935584.120079771  -935584.120079771  -935600.044752912 IE: -6.8934874748  FE:  -6.8936048096
3.72        -935584.124324084  -935584.124324084  -935600.059928732 IE: -6.8934875061  FE:  -6.8936049214
3.73        -935584.149357561  -935584.149357561  -935600.074249462 IE: -6.8934876905  FE:  -6.8936050269
3.74        -935584.157360398  -935584.157360398  -935600.085105338 IE: -6.8934877495  FE:  -6.8936051069
3.75        -935584.166135031  -935584.166135031  -935600.094251796 IE: -6.8934878141  FE:  -6.8936051743
3.76        -935584.160425913  -935584.160425913  -935600.101342123 IE: -6.8934877721  FE:  -6.8936052265
3.77         -935584.16434684   -935584.16434684  -935600.106150227 IE: -6.8934878010  FE:  -6.8936052619
3.78        -935584.178687022  -935584.178687022   -935600.10778721 IE: -6.8934879066  FE:  -6.8936052740
3.79        -935584.158938645  -935584.158938645  -935600.107250629 IE: -6.8934877611  FE:  -6.8936052700
3.80        -935584.158397961  -935584.158397961  -935600.105107762 IE: -6.8934877571  FE:  -6.8936052543
3.81        -935584.160783253  -935584.160783253  -935600.100446104 IE: -6.8934877747  FE:  -6.8936052199
3.82        -935584.155579359  -935584.155579359  -935600.093669544 IE: -6.8934877364  FE:  -6.8936051700
3.83        -935584.134525737  -935584.134525737  -935600.085031811 IE: -6.8934875812  FE:  -6.8936051063
3.84        -935584.118024961  -935584.118024961  -935600.075075333 IE: -6.8934874597  FE:  -6.8936050330
3.85        -935584.101406856  -935584.101406856  -935600.064133029 IE: -6.8934873372  FE:  -6.8936049524
3.86        -935584.100539739  -935584.100539739  -935600.051609986 IE: -6.8934873308  FE:  -6.8936048601
3.87        -935584.072427031  -935584.072427031  -935600.038366566 IE: -6.8934871237  FE:  -6.8936047625
3.88        -935584.065827926  -935584.065827926  -935600.024589981 IE: -6.8934870751  FE:  -6.8936046610
3.89        -935584.040674739  -935584.040674739  -935600.009856798 IE: -6.8934868897  FE:  -6.8936045524
3.90         -935584.01760449   -935584.01760449  -935599.995252557 IE: -6.8934867198  FE:  -6.8936044448
3.91        -935584.009740393  -935584.009740393  -935599.980077671 IE: -6.8934866618  FE:  -6.8936043330
3.92        -935583.990364964  -935583.990364964  -935599.965094049 IE: -6.8934865190  FE:  -6.8936042226
3.93        -935583.976610971  -935583.976610971  -935599.950080065 IE: -6.8934864177  FE:  -6.8936041120
3.94        -935583.975446983  -935583.975446983  -935599.935523701 IE: -6.8934864091  FE:  -6.8936040047
3.95        -935583.953982584  -935583.953982584  -935599.921204485 IE: -6.8934862510  FE:  -6.8936038992
3.96        -935583.939734831  -935583.939734831  -935599.907223307 IE: -6.8934861460  FE:  -6.8936037962
3.97        -935583.889989709  -935583.889989709  -935599.893945547 IE: -6.8934857795  FE:  -6.8936036984
3.98        -935583.912300198  -935583.912300198  -935599.880782397 IE: -6.8934859439  FE:  -6.8936036014
3.99        -935583.874389969  -935583.874389969  -935599.868528925 IE: -6.8934856645  FE:  -6.8936035111
4.00        -935583.882455774  -935583.882455774   -935599.85690506 IE: -6.8934857240  FE:  -6.8936034255
4.01        -935583.864881665  -935583.864881665  -935599.845893344 IE: -6.8934855945  FE:  -6.8936033443
4.02        -935583.848383884  -935583.848383884  -935599.835850789 IE: -6.8934854729  FE:  -6.8936032703
4.03        -935583.852578346  -935583.852578346  -935599.826472377 IE: -6.8934855038  FE:  -6.8936032012
4.04        -935583.840671776  -935583.840671776  -935599.817956987 IE: -6.8934854161  FE:  -6.8936031385
4.05        -935583.823843805  -935583.823843805  -935599.810475804 IE: -6.8934852921  FE:  -6.8936030834
4.06        -935583.814748908  -935583.814748908  -935599.803975416 IE: -6.8934852251  FE:  -6.8936030355
4.07         -935583.83761572   -935583.83761572  -935599.798641129 IE: -6.8934853936  FE:  -6.8936029962
4.08        -935583.821754664  -935583.821754664  -935599.793987116 IE: -6.8934852767  FE:  -6.8936029619
4.09        -935583.817444961  -935583.817444961  -935599.790910301 IE: -6.8934852450  FE:  -6.8936029392
4.10        -935583.818308427  -935583.818308427  -935599.789120786 IE: -6.8934852513  FE:  -6.8936029260
4.11        -935583.818313533  -935583.818313533  -935599.788537742 IE: -6.8934852514  FE:  -6.8936029217
4.12        -935583.800786452  -935583.800786452  -935599.788687415 IE: -6.8934851222  FE:  -6.8936029228
4.13        -935583.825470355  -935583.825470355  -935599.790431859 IE: -6.8934853041  FE:  -6.8936029357
4.14        -935583.831552074  -935583.831552074   -935599.79327848 IE: -6.8934853489  FE:  -6.8936029567
4.15        -935583.833668892  -935583.833668892  -935599.797668067 IE: -6.8934853645  FE:  -6.8936029890
4.16        -935583.835404231  -935583.835404231  -935599.803143719 IE: -6.8934853773  FE:  -6.8936030294
4.17        -935583.852716468  -935583.852716468  -935599.809094869 IE: -6.8934855048  FE:  -6.8936030732
4.18        -935583.871490816  -935583.871490816  -935599.816643649 IE: -6.8934856432  FE:  -6.8936031288
4.19        -935583.867812075  -935583.867812075   -935599.82471814 IE: -6.8934856161  FE:  -6.8936031883
4.20        -935583.891835837  -935583.891835837  -935599.834164724 IE: -6.8934857931  FE:  -6.8936032579
4.21        -935583.892558161  -935583.892558161  -935599.844324838 IE: -6.8934857984  FE:  -6.8936033328
4.22        -935583.897928206  -935583.897928206  -935599.855600372 IE: -6.8934858380  FE:  -6.8936034159
4.23        -935583.917500532  -935583.917500532  -935599.866753652 IE: -6.8934859822  FE:  -6.8936034980
4.24         -935583.93619475   -935583.93619475  -935599.878699481 IE: -6.8934861199  FE:  -6.8936035861
4.25        -935583.944936413  -935583.944936413  -935599.890592426 IE: -6.8934861843  FE:  -6.8936036737
4.26        -935583.958831048  -935583.958831048  -935599.903239793 IE: -6.8934862867  FE:  -6.8936037669
4.27        -935583.980673102  -935583.980673102  -935599.916255627 IE: -6.8934864476  FE:  -6.8936038628
4.28        -935583.990664314  -935583.990664314   -935599.92862324 IE: -6.8934865213  FE:  -6.8936039539
4.29        -935584.012362455  -935584.012362455  -935599.941536712 IE: -6.8934866811  FE:  -6.8936040490
4.30        -935584.025725856  -935584.025725856  -935599.953503341 IE: -6.8934867796  FE:  -6.8936041372
4.31        -935584.033956403  -935584.033956403  -935599.965758115 IE: -6.8934868402  FE:  -6.8936042275
4.32        -935584.039447937  -935584.039447937  -935599.977885269 IE: -6.8934868807  FE:  -6.8936043169
4.33        -935584.053336968  -935584.053336968  -935599.988534303 IE: -6.8934869830  FE:  -6.8936043953
4.34        -935584.068700385  -935584.068700385   -935600.00008727 IE: -6.8934870962  FE:  -6.8936044805
4.35        -935584.074332648  -935584.074332648  -935600.010263147 IE: -6.8934871377  FE:  -6.8936045554
4.36        -935584.088256171  -935584.088256171  -935600.020252115 IE: -6.8934872403  FE:  -6.8936046290
4.37        -935584.098437818  -935584.098437818  -935600.029316942 IE: -6.8934873153  FE:  -6.8936046958
4.38        -935584.103300991  -935584.103300991  -935600.037544182 IE: -6.8934873512  FE:  -6.8936047564
4.39        -935584.118022275  -935584.118022275  -935600.045862041 IE: -6.8934874596  FE:  -6.8936048177
4.40        -935584.120511067  -935584.120511067  -935600.053577478 IE: -6.8934874780  FE:  -6.8936048746
4.41        -935584.130390188  -935584.130390188  -935600.060061419 IE: -6.8934875508  FE:  -6.8936049224
4.42        -935584.139605072  -935584.139605072  -935600.066289542 IE: -6.8934876187  FE:  -6.8936049682
4.43        -935584.123753103  -935584.123753103  -935600.071850449 IE: -6.8934875019  FE:  -6.8936050092
4.44        -935584.139711972  -935584.139711972  -935600.076926689 IE: -6.8934876195  FE:  -6.8936050466
4.45        -935584.147160331  -935584.147160331  -935600.081462553 IE: -6.8934876743  FE:  -6.8936050800
4.46        -935584.151704207  -935584.151704207  -935600.084832849 IE: -6.8934877078  FE:  -6.8936051049
4.47        -935584.152180882  -935584.152180882  -935600.086459938 IE: -6.8934877113  FE:  -6.8936051169
4.48        -935584.138275301  -935584.138275301  -935600.088787296 IE: -6.8934876089  FE:  -6.8936051340
4.49        -935584.153269216  -935584.153269216  -935600.088811299 IE: -6.8934877193  FE:  -6.8936051342
4.50        -935584.141893036  -935584.141893036  -935600.088419549 IE: -6.8934876355  FE:  -6.8936051313
4.51        -935584.149712833  -935584.149712833  -935600.088073711 IE: -6.8934876931  FE:  -6.8936051287
4.52        -935584.148257977  -935584.148257977  -935600.086039337 IE: -6.8934876824  FE:  -6.8936051138
4.53        -935584.142665146  -935584.142665146  -935600.083460692 IE: -6.8934876412  FE:  -6.8936050948
4.54        -935584.129751356  -935584.129751356  -935600.080287759 IE: -6.8934875461  FE:  -6.8936050714
4.55        -935584.120558155  -935584.120558155  -935600.076646645 IE: -6.8934874783  FE:  -6.8936050446
4.56        -935584.116617755  -935584.116617755  -935600.071600736 IE: -6.8934874493  FE:  -6.8936050074
4.57        -935584.113473225  -935584.113473225  -935600.067460965 IE: -6.8934874261  FE:  -6.8936049769
4.58        -935584.102583671  -935584.102583671  -935600.062485465 IE: -6.8934873459  FE:  -6.8936049402
4.59        -935584.101078604  -935584.101078604  -935600.057629502 IE: -6.8934873348  FE:  -6.8936049044
4.60        -935584.113262391  -935584.113262391  -935600.052460221 IE: -6.8934874246  FE:  -6.8936048663
4.61        -935584.096644162  -935584.096644162  -935600.048025221 IE: -6.8934873021  FE:  -6.8936048337
4.62        -935584.077118648  -935584.077118648  -935600.043726973 IE: -6.8934871583  FE:  -6.8936048020
4.63        -935584.083994749  -935584.083994749  -935600.039589353 IE: -6.8934872089  FE:  -6.8936047715
4.64        -935584.072111921  -935584.072111921  -935600.035949222 IE: -6.8934871214  FE:  -6.8936047447
4.65        -935584.053623849  -935584.053623849  -935600.033205974 IE: -6.8934869851  FE:  -6.8936047245
4.66        -935584.067590727  -935584.067590727  -935600.031173206 IE: -6.8934870881  FE:  -6.8936047095
4.67         -935584.08052538   -935584.08052538  -935600.029415097 IE: -6.8934871834  FE:  -6.8936046965
4.68        -935584.022583864  -935584.022583864  -935600.028449721 IE: -6.8934867564  FE:  -6.8936046894
4.69        -935584.055185977  -935584.055185977  -935600.028481409 IE: -6.8934869967  FE:  -6.8936046897
4.70        -935584.057943147  -935584.057943147  -935600.028667688 IE: -6.8934870170  FE:  -6.8936046910
4.71        -935584.060361893  -935584.060361893  -935600.029967923 IE: -6.8934870348  FE:  -6.8936047006
4.72        -935584.062565587  -935584.062565587  -935600.031790545 IE: -6.8934870510  FE:  -6.8936047140
4.73         -935584.06293074   -935584.06293074  -935600.034632484 IE: -6.8934870537  FE:  -6.8936047350
4.74        -935584.054447972  -935584.054447972  -935600.037156902 IE: -6.8934869912  FE:  -6.8936047536
4.75        -935584.070855005  -935584.070855005  -935600.040854773 IE: -6.8934871121  FE:  -6.8936047808
4.76        -935584.081750858  -935584.081750858   -935600.04470807 IE: -6.8934871924  FE:  -6.8936048092
4.77        -935584.072357335  -935584.072357335  -935600.049106466 IE: -6.8934871232  FE:  -6.8936048416
4.78         -935584.08932172   -935584.08932172  -935600.053494631 IE: -6.8934872482  FE:  -6.8936048740
4.79        -935584.098128117  -935584.098128117  -935600.058747036 IE: -6.8934873131  FE:  -6.8936049127
4.80        -935584.090189097  -935584.090189097  -935600.064183944 IE: -6.8934872546  FE:  -6.8936049527
4.81        -935584.107774718  -935584.107774718  -935600.070130986 IE: -6.8934873841  FE:  -6.8936049965
4.82        -935584.110893281  -935584.110893281  -935600.076303897 IE: -6.8934874071  FE:  -6.8936050420
4.83        -935584.116002906  -935584.116002906  -935600.082792998 IE: -6.8934874448  FE:  -6.8936050898
4.84        -935584.131656853  -935584.131656853  -935600.090210883 IE: -6.8934875601  FE:  -6.8936051445
4.85        -935584.142287358  -935584.142287358  -935600.097505015 IE: -6.8934876384  FE:  -6.8936051982
4.86        -935584.142263566  -935584.142263566  -935600.105116666 IE: -6.8934876383  FE:  -6.8936052543
4.87        -935584.132922912  -935584.132922912  -935600.112814233 IE: -6.8934875694  FE:  -6.8936053110
4.88        -935584.167057819  -935584.167057819  -935600.121008019 IE: -6.8934878209  FE:  -6.8936053714
4.89        -935584.169692204  -935584.169692204  -935600.129335378 IE: -6.8934878403  FE:  -6.8936054328
4.90         -935584.19722986   -935584.19722986  -935600.137425852 IE: -6.8934880432  FE:  -6.8936054924
4.91        -935584.201631079  -935584.201631079  -935600.146044758 IE: -6.8934880757  FE:  -6.8936055559
4.92        -935584.206474118  -935584.206474118  -935600.153692093 IE: -6.8934881114  FE:  -6.8936056122
4.93        -935584.206523448  -935584.206523448  -935600.161848547 IE: -6.8934881117  FE:  -6.8936056723
4.94        -935584.215011459  -935584.215011459  -935600.168859696 IE: -6.8934881743  FE:  -6.8936057240
4.95         -935584.21895899   -935584.21895899  -935600.176208814 IE: -6.8934882034  FE:  -6.8936057781
4.96         -935584.23718941   -935584.23718941  -935600.182461108 IE: -6.8934883377  FE:  -6.8936058242
4.97        -935584.239200701  -935584.239200701  -935600.188735212 IE: -6.8934883525  FE:  -6.8936058704
4.98        -935584.239930184  -935584.239930184  -935600.193854912 IE: -6.8934883579  FE:  -6.8936059082
4.99        -935584.248736849  -935584.248736849  -935600.198717728 IE: -6.8934884228  FE:  -6.8936059440
5.00        -935584.252284132  -935584.252284132  -935600.202674596 IE: -6.8934884489  FE:  -6.8936059731
