0.00        -47817768.7885221  -47817768.7885221  -47817944.5950941 IE: -6.9216038647  FE:  -6.9216293126
0.01        -47817768.5749252  -47817768.5749252   -47817944.408192 IE: -6.9216038337  FE:  -6.9216292855
0.02        -47817768.0588111  -47817768.0588111   -47817943.892437 IE: -6.9216037590  FE:  -6.9216292109
0.03        -47817767.4338335  -47817767.4338335  -47817943.2660064 IE: -6.9216036686  FE:  -6.9216291202
0.04        -47817767.0103581  -47817767.0103581  -47817942.7949432 IE: -6.9216036073  FE:  -6.9216290520
0.05         -47817766.707981   -47817766.707981  -47817942.6293395 IE: -6.9216035635  FE:  -6.9216290281
0.06        -47817767.0326756  -47817767.0326756  -47817942.8334709 IE: -6.9216036105  FE:  -6.9216290576
0.07         -47817767.695766   -47817767.695766  -47817943.4683078 IE: -6.9216037065  FE:  -6.9216291495
0.08        -47817768.5628923  -47817768.5628923  -47817944.3735733 IE: -6.9216038320  FE:  -6.9216292805
0.09        -47817769.4430385  -47817769.4430385  -47817945.1912696 IE: -6.9216039594  FE:  -6.9216293989
0.10        -47817769.8242994  -47817769.8242994  -47817945.5848226 IE: -6.9216040146  FE:  -6.9216294559
0.11        -47817769.6862626  -47817769.6862626  -47817945.4679666 IE: -6.9216039946  FE:  -6.9216294389
0.12        -47817768.9741566  -47817768.9741566  -47817944.7937115 IE: -6.9216038915  FE:  -6.9216293413
0.13        -47817767.9879168  -47817767.9879168  -47817943.8233903 IE: -6.9216037488  FE:  -6.9216292009
0.14        -47817767.0219129  -47817767.0219129  -47817942.8591899 IE: -6.9216036089  FE:  -6.9216290613
0.15        -47817766.3562124  -47817766.3562124  -47817942.1914674 IE: -6.9216035126  FE:  -6.9216289647
0.16         -47817766.257041   -47817766.257041  -47817942.1027823 IE: -6.9216034982  FE:  -6.9216289518
0.17         -47817766.951981   -47817766.951981  -47817942.7591653 IE: -6.9216035988  FE:  -6.9216290468
0.18        -47817768.1873955  -47817768.1873955  -47817943.9684412 IE: -6.9216037776  FE:  -6.9216292219
0.19        -47817769.4829997  -47817769.4829997  -47817945.2372454 IE: -6.9216039652  FE:  -6.9216294055
0.20        -47817770.2970058  -47817770.2970058  -47817946.0188682 IE: -6.9216040830  FE:  -6.9216295187
0.21        -47817770.2404493  -47817770.2404493  -47817946.0337405 IE: -6.9216040748  FE:  -6.9216295208
0.22        -47817769.3479481  -47817769.3479481  -47817945.1608672 IE: -6.9216039456  FE:  -6.9216293945
0.23        -47817767.9649979  -47817767.9649979  -47817943.8132117 IE: -6.9216037455  FE:  -6.9216291994
0.24        -47817766.5379466  -47817766.5379466  -47817942.3632562 IE: -6.9216035389  FE:  -6.9216289895
0.25        -47817765.5014792  -47817765.5014792  -47817941.2894186 IE: -6.9216033889  FE:  -6.9216288341
0.26        -47817765.1927234  -47817765.1927234  -47817941.0461448 IE: -6.9216033442  FE:  -6.9216287989
0.27         -47817766.059827   -47817766.059827  -47817941.8474021 IE: -6.9216034697  FE:  -6.9216289149
0.28        -47817767.6412101  -47817767.6412101  -47817943.4602272 IE: -6.9216036986  FE:  -6.9216291483
0.29        -47817769.4253347  -47817769.4253347  -47817945.2243789 IE: -6.9216039568  FE:  -6.9216294037
0.30        -47817770.6349883  -47817770.6349883  -47817946.4558558 IE: -6.9216041319  FE:  -6.9216295819
0.31        -47817770.7497218  -47817770.7497218  -47817946.5724073 IE: -6.9216041485  FE:  -6.9216295988
0.32        -47817769.5602908  -47817769.5602908  -47817945.3959144 IE: -6.9216039764  FE:  -6.9216294285
0.33        -47817767.4224654  -47817767.4224654  -47817943.2443253 IE: -6.9216036669  FE:  -6.9216291171
0.34        -47817765.0941981  -47817765.0941981  -47817940.9698476 IE: -6.9216033299  FE:  -6.9216287878
0.35        -47817763.4215719  -47817763.4215719  -47817939.2833896 IE: -6.9216030878  FE:  -6.9216285437
0.36        -47817763.1420295  -47817763.1420295  -47817938.9514494 IE: -6.9216030473  FE:  -6.9216284957
0.37        -47817764.5137439  -47817764.5137439  -47817940.2954145 IE: -6.9216032459  FE:  -6.9216286902
0.38        -47817767.1253417  -47817767.1253417  -47817942.9156427 IE: -6.9216036239  FE:  -6.9216290695
0.39        -47817769.9129583  -47817769.9129583  -47817945.6943406 IE: -6.9216040274  FE:  -6.9216294717
0.40        -47817771.7129635  -47817771.7129635  -47817947.5301275 IE: -6.9216042880  FE:  -6.9216297374
0.41        -47817771.6021287  -47817771.6021287  -47817947.4899137 IE: -6.9216042719  FE:  -6.9216297316
0.42        -47817769.4234695  -47817769.4234695    -47817945.29943 IE: -6.9216039566  FE:  -6.9216294145
0.43        -47817765.6937842  -47817765.6937842  -47817941.5488398 IE: -6.9216034167  FE:  -6.9216288716
0.44        -47817761.5995774  -47817761.5995774  -47817937.4642669 IE: -6.9216028241  FE:  -6.9216282804
0.45        -47817758.7458229  -47817758.7458229  -47817934.5367946 IE: -6.9216024110  FE:  -6.9216278567
0.46        -47817758.5153546  -47817758.5153546  -47817934.3276521 IE: -6.9216023776  FE:  -6.9216278264
0.47         -47817761.225704   -47817761.225704  -47817937.0261758 IE: -6.9216027699  FE:  -6.9216282170
0.48        -47817766.0239066  -47817766.0239066  -47817941.8368283 IE: -6.9216034645  FE:  -6.9216289133
0.49         -47817771.129405   -47817771.129405  -47817946.9278255 IE: -6.9216042035  FE:  -6.9216296503
0.50        -47817774.2562749  -47817774.2562749  -47817950.0597402 IE: -6.9216046561  FE:  -6.9216301036
0.51        -47817773.4299361  -47817773.4299361  -47817949.2860514 IE: -6.9216045365  FE:  -6.9216299916
0.52         -47817767.950045   -47817767.950045  -47817943.8293513 IE: -6.9216037433  FE:  -6.9216292018
0.53        -47817758.6567847  -47817758.6567847  -47817934.5295923 IE: -6.9216023981  FE:  -6.9216278556
0.54        -47817747.9785945  -47817747.9785945  -47817923.7340608 IE: -6.9216008524  FE:  -6.9216262930
0.55        -47817739.6488554  -47817739.6488554  -47817915.2853061 IE: -6.9215996467  FE:  -6.9216250700
0.56        -47817737.5074508  -47817737.5074508  -47817913.0102975 IE: -6.9215993367  FE:  -6.9216247407
0.57         -47817744.028018   -47817744.028018  -47817919.4249589 IE: -6.9216002806  FE:  -6.9216256692
0.58        -47817759.3689895  -47817759.3689895  -47817934.6199816 IE: -6.9216025012  FE:  -6.9216278687
0.59        -47817781.4758202  -47817781.4758202  -47817956.7054981 IE: -6.9216057011  FE:  -6.9216310656
0.60        -47817806.5055571  -47817806.5055571  -47817981.8254991 IE: -6.9216093242  FE:  -6.9216347017
0.61        -47817829.2273508  -47817829.2273508  -47818004.6399187 IE: -6.9216126132  FE:  -6.9216380041
0.62         -47817844.733529   -47817844.733529  -47818020.4031282 IE: -6.9216148577  FE:  -6.9216402858
0.63        -47817850.1433126  -47817850.1433126  -47818026.0997435 IE: -6.9216156407  FE:  -6.9216411104
0.64          -47817844.35229    -47817844.35229  -47818020.6004263 IE: -6.9216148025  FE:  -6.9216403143
0.65        -47817829.2827687  -47817829.2827687  -47818005.5774756 IE: -6.9216126212  FE:  -6.9216381398
0.66        -47817809.0081251  -47817809.0081251  -47817985.3388771 IE: -6.9216096864  FE:  -6.9216352102
0.67        -47817788.9489218  -47817788.9489218  -47817965.2484528 IE: -6.9216067829  FE:  -6.9216323022
0.68        -47817773.4057518  -47817773.4057518  -47817949.6417612 IE: -6.9216045330  FE:  -6.9216300431
0.69        -47817764.9342879  -47817764.9342879  -47817941.0473664 IE: -6.9216033068  FE:  -6.9216287991
0.70        -47817763.9369314  -47817763.9369314  -47817939.9133431 IE: -6.9216031624  FE:  -6.9216286349
0.71        -47817768.7666784  -47817768.7666784  -47817944.6712643 IE: -6.9216038615  FE:  -6.9216293236
0.72        -47817776.2662832  -47817776.2662832  -47817952.0959559 IE: -6.9216049471  FE:  -6.9216303983
0.73        -47817783.1741757  -47817783.1741757  -47817959.0540736 IE: -6.9216059470  FE:  -6.9216314055
0.74         -47817786.833337   -47817786.833337  -47817962.7767125 IE: -6.9216064766  FE:  -6.9216319444
0.75        -47817786.0217906  -47817786.0217906  -47817962.1310015 IE: -6.9216063592  FE:  -6.9216318509
0.76        -47817781.8422006  -47817781.8422006  -47817957.9094309 IE: -6.9216057542  FE:  -6.9216312398
0.77        -47817775.9789363  -47817775.9789363  -47817952.0458847 IE: -6.9216049055  FE:  -6.9216303911
0.78        -47817770.6826886  -47817770.6826886  -47817946.7432964 IE: -6.9216041388  FE:  -6.9216296235
0.79        -47817767.6884057  -47817767.6884057   -47817943.736866 IE: -6.9216037054  FE:  -6.9216291884
0.80        -47817767.9488698  -47817767.9488698  -47817943.9089973 IE: -6.9216037431  FE:  -6.9216292133
0.81        -47817770.8508005  -47817770.8508005  -47817946.7635123 IE: -6.9216041632  FE:  -6.9216296265
0.82        -47817774.9777863  -47817774.9777863  -47817950.9311344 IE: -6.9216047606  FE:  -6.9216302297
0.83        -47817778.6856195  -47817778.6856195   -47817954.595839 IE: -6.9216052973  FE:  -6.9216307602
0.84        -47817780.3799699  -47817780.3799699  -47817956.3375297 IE: -6.9216055425  FE:  -6.9216310123
0.85        -47817779.6175487  -47817779.6175487  -47817955.5963859 IE: -6.9216054322  FE:  -6.9216309050
0.86        -47817776.7864096  -47817776.7864096  -47817952.8302179 IE: -6.9216050224  FE:  -6.9216305046
0.87        -47817773.2583699  -47817773.2583699  -47817949.3119653 IE: -6.9216045117  FE:  -6.9216299954
0.88        -47817770.2527832  -47817770.2527832  -47817946.2932898 IE: -6.9216040766  FE:  -6.9216295584
0.89        -47817768.8899865  -47817768.8899865  -47817944.8872624 IE: -6.9216038793  FE:  -6.9216293549
0.90        -47817769.5659293  -47817769.5659293    -47817945.45773 IE: -6.9216039772  FE:  -6.9216294375
0.91        -47817771.8455257  -47817771.8455257  -47817947.8275669 IE: -6.9216043072  FE:  -6.9216297805
0.92        -47817774.7974408  -47817774.7974408   -47817950.659013 IE: -6.9216047344  FE:  -6.9216301903
0.93        -47817777.1278222  -47817777.1278222   -47817953.079277 IE: -6.9216050718  FE:  -6.9216305407
0.94        -47817777.8723259  -47817777.8723259  -47817953.8688383 IE: -6.9216051795  FE:  -6.9216306550
0.95        -47817776.8731806  -47817776.8731806  -47817952.9387098 IE: -6.9216050349  FE:  -6.9216305203
0.96        -47817774.7122493  -47817774.7122493  -47817950.7849934 IE: -6.9216047221  FE:  -6.9216302086
0.97        -47817772.2161566  -47817772.2161566  -47817948.2648912 IE: -6.9216043608  FE:  -6.9216298438
0.98        -47817770.3820072  -47817770.3820072  -47817946.3534481 IE: -6.9216040953  FE:  -6.9216295671
0.99        -47817769.7442708  -47817769.7442708   -47817945.743974 IE: -6.9216040030  FE:  -6.9216294789
1.00        -47817770.6838614  -47817770.6838614  -47817946.6263668 IE: -6.9216041390  FE:  -6.9216296066
1.01        -47817772.6280406  -47817772.6280406  -47817948.5716258 IE: -6.9216044204  FE:  -6.9216298882
1.02         -47817774.827396   -47817774.827396  -47817950.7524557 IE: -6.9216047388  FE:  -6.9216302039
1.03        -47817776.3984433  -47817776.3984433   -47817952.357733 IE: -6.9216049662  FE:  -6.9216304362
1.04        -47817776.5720172  -47817776.5720172  -47817952.5717914 IE: -6.9216049913  FE:  -6.9216304672
1.05         -47817775.478577   -47817775.478577   -47817951.463822 IE: -6.9216048330  FE:  -6.9216303068
1.06        -47817773.6947713  -47817773.6947713  -47817949.7501421 IE: -6.9216045748  FE:  -6.9216300588
1.07        -47817771.8540716  -47817771.8540716  -47817947.8680154 IE: -6.9216043084  FE:  -6.9216297863
1.08        -47817770.6273992  -47817770.6273992   -47817946.636953 IE: -6.9216041308  FE:  -6.9216296082
1.09        -47817770.5512818  -47817770.5512818  -47817946.5536979 IE: -6.9216041198  FE:  -6.9216295961
1.10        -47817771.5789036  -47817771.5789036  -47817947.5670808 IE: -6.9216042686  FE:  -6.9216297428
1.11        -47817773.3350923  -47817773.3350923  -47817949.2919778 IE: -6.9216045228  FE:  -6.9216299925
1.12        -47817775.0078286  -47817775.0078286  -47817950.9881776 IE: -6.9216047649  FE:  -6.9216302380
1.13        -47817775.8617687  -47817775.8617687  -47817951.8923016 IE: -6.9216048885  FE:  -6.9216303689
1.14        -47817775.6671617  -47817775.6671617  -47817951.7326355 IE: -6.9216048603  FE:  -6.9216303457
1.15        -47817774.6431488  -47817774.6431488    -47817950.69477 IE: -6.9216047121  FE:  -6.9216301955
1.16        -47817773.1541208  -47817773.1541208  -47817949.2137874 IE: -6.9216044966  FE:  -6.9216299811
1.17        -47817771.8107239  -47817771.8107239  -47817947.7531353 IE: -6.9216043021  FE:  -6.9216297697
1.18        -47817771.0331206  -47817771.0331206  -47817947.1063303 IE: -6.9216041896  FE:  -6.9216296761
1.19        -47817771.3438516  -47817771.3438516  -47817947.3578648 IE: -6.9216042345  FE:  -6.9216297125
1.20        -47817772.3824225  -47817772.3824225  -47817948.3270706 IE: -6.9216043849  FE:  -6.9216298528
1.21        -47817773.9055343  -47817773.9055343  -47817949.8089374 IE: -6.9216046053  FE:  -6.9216300673
1.22        -47817775.2240127  -47817775.2240127  -47817951.2517814 IE: -6.9216047962  FE:  -6.9216302761
1.23        -47817775.6334688  -47817775.6334688  -47817951.6940005 IE: -6.9216048555  FE:  -6.9216303402
1.24        -47817775.0784261  -47817775.0784261  -47817951.0329587 IE: -6.9216047751  FE:  -6.9216302445
1.25        -47817773.9865284  -47817773.9865284  -47817949.8950581 IE: -6.9216046171  FE:  -6.9216300798
1.26        -47817772.9641471  -47817772.9641471  -47817949.0051357 IE: -6.9216044691  FE:  -6.9216299509
1.27         -47817772.082457   -47817772.082457  -47817948.1578461 IE: -6.9216043415  FE:  -6.9216298283
1.28        -47817771.6497515  -47817771.6497515  -47817947.7370074 IE: -6.9216042788  FE:  -6.9216297674
1.29        -47817772.1246364  -47817772.1246364  -47817948.1607837 IE: -6.9216043476  FE:  -6.9216298287
1.30        -47817773.1918071  -47817773.1918071   -47817949.247813 IE: -6.9216045020  FE:  -6.9216299861
1.31        -47817774.3724743  -47817774.3724743  -47817950.4000257 IE: -6.9216046729  FE:  -6.9216301529
1.32        -47817775.1548955  -47817775.1548955   -47817951.207436 IE: -6.9216047862  FE:  -6.9216302697
1.33        -47817775.2589299  -47817775.2589299  -47817951.3803123 IE: -6.9216048012  FE:  -6.9216302948
1.34        -47817774.7885302  -47817774.7885302  -47817950.8780505 IE: -6.9216047332  FE:  -6.9216302220
1.35          -47817773.91147    -47817773.91147  -47817949.9833573 IE: -6.9216046062  FE:  -6.9216300925
1.36        -47817772.9716772  -47817772.9716772  -47817949.0819115 IE: -6.9216044702  FE:  -6.9216299621
1.37        -47817772.3859771  -47817772.3859771  -47817948.4514922 IE: -6.9216043854  FE:  -6.9216298708
1.38        -47817772.3294514  -47817772.3294514   -47817948.360573 IE: -6.9216043772  FE:  -6.9216298576
1.39        -47817772.8866338  -47817772.8866338  -47817948.9579896 IE: -6.9216044579  FE:  -6.9216299441
1.40        -47817773.9053379  -47817773.9053379  -47817949.9491425 IE: -6.9216046053  FE:  -6.9216300876
1.41        -47817774.8517159  -47817774.8517159  -47817950.8723807 IE: -6.9216047423  FE:  -6.9216302212
1.42        -47817775.2737201  -47817775.2737201   -47817951.349136 IE: -6.9216048034  FE:  -6.9216302902
1.43        -47817775.1777335  -47817775.1777335  -47817951.2451287 IE: -6.9216047895  FE:  -6.9216302752
1.44        -47817774.6549146  -47817774.6549146  -47817950.6382479 IE: -6.9216047138  FE:  -6.9216301873
1.45        -47817773.8977043  -47817773.8977043  -47817949.9898891 IE: -6.9216046042  FE:  -6.9216300935
1.46        -47817773.2244335  -47817773.2244335  -47817949.2661942 IE: -6.9216045068  FE:  -6.9216299887
1.47        -47817772.8558818  -47817772.8558818  -47817948.9599258 IE: -6.9216044534  FE:  -6.9216299444
1.48        -47817773.0166348  -47817773.0166348  -47817949.0974175 IE: -6.9216044767  FE:  -6.9216299643
1.49        -47817773.6586213  -47817773.6586213  -47817949.7564697 IE: -6.9216045696  FE:  -6.9216300597
1.50        -47817774.5544634  -47817774.5544634  -47817950.6057536 IE: -6.9216046993  FE:  -6.9216301826
1.51        -47817775.1576191  -47817775.1576191  -47817951.2687544 IE: -6.9216047866  FE:  -6.9216302786
1.52        -47817775.3663596  -47817775.3663596  -47817951.4688979 IE: -6.9216048168  FE:  -6.9216303076
1.53         -47817775.119841   -47817775.119841  -47817951.2240624 IE: -6.9216047811  FE:  -6.9216302721
1.54        -47817774.5814684  -47817774.5814684   -47817950.728305 IE: -6.9216047032  FE:  -6.9216302004
1.55         -47817774.060487   -47817774.060487  -47817950.1618218 IE: -6.9216046278  FE:  -6.9216301184
1.56        -47817773.6406689  -47817773.6406689  -47817949.7245996 IE: -6.9216045670  FE:  -6.9216300551
1.57        -47817773.4996242  -47817773.4996242  -47817949.5938217 IE: -6.9216045466  FE:  -6.9216300362
1.58        -47817773.8003743  -47817773.8003743  -47817949.8516665 IE: -6.9216045901  FE:  -6.9216300735
1.59        -47817774.4593561  -47817774.4593561  -47817950.5372427 IE: -6.9216046855  FE:  -6.9216301727
1.60        -47817775.1534255  -47817775.1534255  -47817951.2335912 IE: -6.9216047860  FE:  -6.9216302735
1.61         -47817775.487593   -47817775.487593  -47817951.6024687 IE: -6.9216048343  FE:  -6.9216303269
1.62        -47817775.4795193  -47817775.4795193  -47817951.5864175 IE: -6.9216048332  FE:  -6.9216303246
1.63        -47817775.1832611  -47817775.1832611  -47817951.2758634 IE: -6.9216047903  FE:  -6.9216302796
1.64        -47817774.7650508  -47817774.7650508  -47817950.8824647 IE: -6.9216047298  FE:  -6.9216302227
1.65         -47817774.404998   -47817774.404998  -47817950.5273744 IE: -6.9216046776  FE:  -6.9216301713
1.66        -47817774.2394866  -47817774.2394866  -47817950.3037546 IE: -6.9216046537  FE:  -6.9216301389
1.67        -47817774.1712988  -47817774.1712988  -47817950.2985207 IE: -6.9216046438  FE:  -6.9216301382
1.68        -47817774.5908365  -47817774.5908365  -47817950.6712139 IE: -6.9216047045  FE:  -6.9216301921
1.69        -47817775.1326463  -47817775.1326463  -47817951.2752554 IE: -6.9216047830  FE:  -6.9216302795
1.70        -47817775.6931482  -47817775.6931482  -47817951.7877659 IE: -6.9216048641  FE:  -6.9216303537
1.71        -47817775.8300416  -47817775.8300416  -47817951.8705521 IE: -6.9216048839  FE:  -6.9216303657
1.72        -47817775.5775507  -47817775.5775507  -47817951.7184683 IE: -6.9216048474  FE:  -6.9216303437
1.73        -47817775.3106333  -47817775.3106333  -47817951.4466049 IE: -6.9216048087  FE:  -6.9216303043
1.74        -47817775.0999243  -47817775.0999243  -47817951.2359829 IE: -6.9216047782  FE:  -6.9216302739
1.75        -47817774.9586592  -47817774.9586592  -47817951.1478755 IE: -6.9216047578  FE:  -6.9216302611
1.76        -47817774.8537049  -47817774.8537049  -47817951.0415889 IE: -6.9216047426  FE:  -6.9216302457
1.77        -47817774.9476793  -47817774.9476793  -47817951.0722612 IE: -6.9216047562  FE:  -6.9216302502
1.78        -47817775.3401455  -47817775.3401455  -47817951.5004914 IE: -6.9216048130  FE:  -6.9216303121
1.79        -47817775.8890531  -47817775.8890531  -47817952.0188529 IE: -6.9216048925  FE:  -6.9216303872
1.80        -47817776.1511014  -47817776.1511014  -47817952.3347352 IE: -6.9216049304  FE:  -6.9216304329
1.81         -47817776.031703   -47817776.031703    -47817952.15183 IE: -6.9216049131  FE:  -6.9216304064
1.82        -47817775.6790947  -47817775.6790947  -47817951.8228918 IE: -6.9216048621  FE:  -6.9216303588
1.83        -47817775.5909107  -47817775.5909107  -47817951.7390733 IE: -6.9216048493  FE:  -6.9216303467
1.84          -47817775.91257    -47817775.91257   -47817951.934146 IE: -6.9216048959  FE:  -6.9216303749
1.85        -47817776.0711542  -47817776.0711542  -47817952.2233361 IE: -6.9216049188  FE:  -6.9216304168
1.86        -47817775.7511171  -47817775.7511171  -47817951.9077754 IE: -6.9216048725  FE:  -6.9216303711
1.87        -47817775.2171856  -47817775.2171856  -47817951.3761154 IE: -6.9216047952  FE:  -6.9216302941
1.88        -47817775.1869583  -47817775.1869583  -47817951.3152265 IE: -6.9216047908  FE:  -6.9216302853
1.89        -47817775.9584921  -47817775.9584921  -47817951.9493231 IE: -6.9216049025  FE:  -6.9216303771
1.90        -47817777.1733434  -47817777.1733434  -47817953.0216422 IE: -6.9216050784  FE:  -6.9216305323
1.91        -47817777.5599699  -47817777.5599699  -47817953.6159438 IE: -6.9216051343  FE:  -6.9216306184
1.92        -47817776.9626071  -47817776.9626071  -47817952.9840664 IE: -6.9216050479  FE:  -6.9216305269
1.93         -47817775.790347   -47817775.790347  -47817951.9757892 IE: -6.9216048782  FE:  -6.9216303809
1.94        -47817775.2124525  -47817775.2124525  -47817951.4084474 IE: -6.9216047945  FE:  -6.9216302988
1.95        -47817775.5601793  -47817775.5601793  -47817951.6823188 IE: -6.9216048449  FE:  -6.9216303385
1.96        -47817776.4088124  -47817776.4088124  -47817952.4658533 IE: -6.9216049677  FE:  -6.9216304519
1.97        -47817776.9872506  -47817776.9872506   -47817953.155988 IE: -6.9216050514  FE:  -6.9216305518
1.98        -47817777.1623844  -47817777.1623844  -47817953.3442177 IE: -6.9216050768  FE:  -6.9216305790
1.99        -47817777.1727811  -47817777.1727811  -47817953.3654299 IE: -6.9216050783  FE:  -6.9216305821
2.00        -47817777.1475008  -47817777.1475008  -47817953.3522712 IE: -6.9216050746  FE:  -6.9216305802
