0.00         -61464792.942122   -61464792.942122  -61465250.4939134 IE: -6.9357980852  FE:  -6.9358497161
0.01        -61464792.1470731  -61464792.1470731  -61465249.6101393 IE: -6.9357979955  FE:  -6.9358496164
0.02        -61464790.1381204  -61464790.1381204   -61465247.409498 IE: -6.9357977688  FE:  -6.9358493681
0.03        -61464787.9404613  -61464787.9404613  -61465245.0296225 IE: -6.9357975208  FE:  -6.9358490995
0.04         -61464786.529714   -61464786.529714  -61465243.6058023 IE: -6.9357973616  FE:  -6.9358489389
0.05         -61464786.592565   -61464786.592565  -61465243.7442143 IE: -6.9357973687  FE:  -6.9358489545
0.06        -61464787.9715161  -61464787.9715161  -61465245.3365354 IE: -6.9357975243  FE:  -6.9358491342
0.07        -61464789.9764054  -61464789.9764054  -61465247.5672331 IE: -6.9357977505  FE:  -6.9358493859
0.08        -61464791.4886355  -61464791.4886355  -61465249.2295305 IE: -6.9357979212  FE:  -6.9358495735
0.09        -61464791.7383516  -61464791.7383516  -61465249.4384598 IE: -6.9357979493  FE:  -6.9358495970
0.10        -61464790.6173408  -61464790.6173408  -61465248.0693607 IE: -6.9357978228  FE:  -6.9358494426
0.11        -61464788.6822558  -61464788.6822558  -61465245.8513535 IE: -6.9357976045  FE:  -6.9358491923
0.12        -61464786.9117786  -61464786.9117786   -61465243.940394 IE: -6.9357974047  FE:  -6.9358489766
0.13         -61464786.205589   -61464786.205589  -61465243.3000508 IE: -6.9357973250  FE:  -6.9358489044
0.14        -61464787.0923053  -61464787.0923053  -61465244.3123406 IE: -6.9357974251  FE:  -6.9358490186
0.15        -61464789.0323317  -61464789.0323317  -61465246.5507621 IE: -6.9357976440  FE:  -6.9358492712
0.16        -61464791.0588242  -61464791.0588242  -61465248.8000703 IE: -6.9357978727  FE:  -6.9358495250
0.17        -61464792.1514097  -61464792.1514097  -61465249.8788168 IE: -6.9357979960  FE:  -6.9358496467
0.18        -61464791.6808211  -61464791.6808211  -61465249.2606466 IE: -6.9357979429  FE:  -6.9358495770
0.19        -61464789.9607995  -61464789.9607995  -61465247.2853886 IE: -6.9357977488  FE:  -6.9358493541
0.20        -61464787.8265363  -61464787.8265363    -61465244.94754 IE: -6.9357975079  FE:  -6.9358490903
0.21         -61464786.282472   -61464786.282472  -61465243.3633475 IE: -6.9357973337  FE:  -6.9358489115
0.22        -61464786.2365408  -61464786.2365408  -61465243.4166262 IE: -6.9357973285  FE:  -6.9358489175
0.23        -61464787.8787576  -61464787.8787576  -61465245.2914535 IE: -6.9357975138  FE:  -6.9358491291
0.24         -61464790.429818   -61464790.429818  -61465248.0688372 IE: -6.9357978017  FE:  -6.9358494425
0.25        -61464792.3604562  -61464792.3604562  -61465250.1983285 IE: -6.9357980195  FE:  -6.9358496828
0.26        -61464792.7776833  -61464792.7776833  -61465250.4650078 IE: -6.9357980666  FE:  -6.9358497129
0.27        -61464791.2325941  -61464791.2325941  -61465248.6382144 IE: -6.9357978923  FE:  -6.9358495067
0.28         -61464788.581876   -61464788.581876  -61465245.7200634 IE: -6.9357975932  FE:  -6.9358491775
0.29        -61464786.0966372  -61464786.0966372  -61465243.1507053 IE: -6.9357973127  FE:  -6.9358488875
0.30        -61464785.1244894  -61464785.1244894  -61465242.2264254 IE: -6.9357972030  FE:  -6.9358487832
0.31        -61464786.3524816  -61464786.3524816  -61465243.6745698 IE: -6.9357973416  FE:  -6.9358489466
0.32        -61464789.3675229  -61464789.3675229  -61465246.8987403 IE: -6.9357976818  FE:  -6.9358493105
0.33        -61464792.4529076  -61464792.4529076  -61465250.1992904 IE: -6.9357980300  FE:  -6.9358496829
0.34        -61464794.0505028  -61464794.0505028  -61465251.8066483 IE: -6.9357982103  FE:  -6.9358498643
0.35        -61464793.2331138  -61464793.2331138  -61465250.7562651 IE: -6.9357981180  FE:  -6.9358497458
0.36        -61464790.2279845  -61464790.2279845  -61465247.4771458 IE: -6.9357977789  FE:  -6.9358493757
0.37        -61464786.5224552  -61464786.5224552  -61465243.6330257 IE: -6.9357973608  FE:  -6.9358489420
0.38        -61464784.1142699  -61464784.1142699  -61465241.1710163 IE: -6.9357970890  FE:  -6.9358486641
0.39        -61464784.3901207  -61464784.3901207  -61465241.5943816 IE: -6.9357971202  FE:  -6.9358487119
0.40        -61464787.5756563  -61464787.5756563  -61465245.0190348 IE: -6.9357974796  FE:  -6.9358490984
0.41        -61464792.1146028  -61464792.1146028  -61465249.8153734 IE: -6.9357979918  FE:  -6.9358496396
0.42        -61464795.6824722  -61464795.6824722  -61465253.4298377 IE: -6.9357983944  FE:  -6.9358500474
0.43        -61464796.1961327  -61464796.1961327  -61465253.8062983 IE: -6.9357984524  FE:  -6.9358500899
0.44        -61464793.0551207  -61464793.0551207  -61465250.4098942 IE: -6.9357980979  FE:  -6.9358497067
0.45        -61464787.6226281  -61464787.6226281  -61465244.7669356 IE: -6.9357974849  FE:  -6.9358490699
0.46        -61464782.5986654  -61464782.5986654  -61465239.6593154 IE: -6.9357969180  FE:  -6.9358484936
0.47         -61464780.924563   -61464780.924563  -61465238.0185061 IE: -6.9357967291  FE:  -6.9358483084
0.48        -61464784.1171215  -61464784.1171215  -61465241.3916159 IE: -6.9357970893  FE:  -6.9358486890
0.49        -61464791.0336426  -61464791.0336426  -61465248.6010711 IE: -6.9357978698  FE:  -6.9358495026
0.50        -61464798.4506857  -61464798.4506857  -61465256.1614476 IE: -6.9357987068  FE:  -6.9358503557
0.51         -61464802.310273   -61464802.310273  -61465259.9908087 IE: -6.9357991423  FE:  -6.9358507878
0.52         -61464799.697757   -61464799.697757  -61465257.1555803 IE: -6.9357988475  FE:  -6.9358504679
0.53        -61464790.7385094  -61464790.7385094  -61465247.9402016 IE: -6.9357978365  FE:  -6.9358494280
0.54        -61464778.9208142  -61464778.9208142  -61465235.9746358 IE: -6.9357965030  FE:  -6.9358480778
0.55        -61464770.4106866  -61464770.4106866  -61465227.3811879 IE: -6.9357955427  FE:  -6.9358471081
0.56        -61464771.5960485  -61464771.5960485   -61465228.593735 IE: -6.9357956764  FE:  -6.9358472449
0.57        -61464785.6839204  -61464785.6839204  -61465242.8825375 IE: -6.9357972662  FE:  -6.9358488573
0.58        -61464811.1527334  -61464811.1527334  -61465268.5230462 IE: -6.9358001401  FE:  -6.9358517506
0.59        -61464842.0663469  -61464842.0663469  -61465299.6060848 IE: -6.9358036284  FE:  -6.9358552581
0.60        -61464869.5353679  -61464869.5353679  -61465327.1410234 IE: -6.9358067281  FE:  -6.9358583651
0.61        -61464885.0804463  -61464885.0804463  -61465342.6089069 IE: -6.9358084822  FE:  -6.9358601106
0.62        -61464883.8725516  -61464883.8725516  -61465341.4441106 IE: -6.9358083459  FE:  -6.9358599791
0.63        -61464865.5507654  -61464865.5507654  -61465323.3346623 IE: -6.9358062785  FE:  -6.9358579356
0.64        -61464835.6335208  -61464835.6335208  -61465293.7548281 IE: -6.9358029026  FE:  -6.9358545978
0.65        -61464804.2582568  -61464804.2582568  -61465262.5319049 IE: -6.9357993621  FE:  -6.9358510745
0.66        -61464780.2732708  -61464780.2732708    -61465238.66173 IE: -6.9357966556  FE:  -6.9358483810
0.67        -61464768.6263712  -61464768.6263712  -61465226.8783669 IE: -6.9357953413  FE:  -6.9358470513
0.68        -61464769.7171161  -61464769.7171161  -61465227.5849204 IE: -6.9357954644  FE:  -6.9358471311
0.69        -61464779.4645984  -61464779.4645984  -61465236.9654117 IE: -6.9357965644  FE:  -6.9358481896
0.70        -61464791.5540145  -61464791.5540145  -61465248.8072339 IE: -6.9357979285  FE:  -6.9358495258
0.71         -61464799.983926   -61464799.983926  -61465257.2636306 IE: -6.9357988798  FE:  -6.9358504801
0.72        -61464801.5331579  -61464801.5331579  -61465258.9699545 IE: -6.9357990546  FE:  -6.9358506726
0.73        -61464796.7470496  -61464796.7470496  -61465254.4905835 IE: -6.9357985145  FE:  -6.9358501671
0.74        -61464789.2489305  -61464789.2489305  -61465247.2796518 IE: -6.9357976684  FE:  -6.9358493534
0.75        -61464782.9749239  -61464782.9749239   -61465241.141966 IE: -6.9357969605  FE:  -6.9358486609
0.76        -61464780.9562284  -61464780.9562284  -61465238.8757345 IE: -6.9357967327  FE:  -6.9358484051
0.77        -61464783.5682038  -61464783.5682038  -61465241.1126231 IE: -6.9357970274  FE:  -6.9358486575
0.78        -61464788.9706138  -61464788.9706138  -61465246.2535484 IE: -6.9357976370  FE:  -6.9358492377
0.79        -61464794.1865915  -61464794.1865915   -61465251.399848 IE: -6.9357982256  FE:  -6.9358498184
0.80        -61464796.5713832  -61464796.5713832  -61465253.8953145 IE: -6.9357984947  FE:  -6.9358501000
0.81        -61464795.2204254  -61464795.2204254  -61465252.7628031 IE: -6.9357983423  FE:  -6.9358499722
0.82        -61464791.2462524  -61464791.2462524  -61465249.2027333 IE: -6.9357978938  FE:  -6.9358495704
0.83        -61464787.1290379  -61464787.1290379  -61465245.2305616 IE: -6.9357974292  FE:  -6.9358491222
0.84        -61464784.7984082  -61464784.7984082  -61465242.8417913 IE: -6.9357971662  FE:  -6.9358488527
0.85        -61464785.4276468  -61464785.4276468   -61465243.135153 IE: -6.9357972372  FE:  -6.9358488858
0.86        -61464788.3869556  -61464788.3869556  -61465245.8132612 IE: -6.9357975712  FE:  -6.9358491880
0.87        -61464792.1043456  -61464792.1043456   -61465249.330381 IE: -6.9357979906  FE:  -6.9358495849
0.88        -61464794.5093441  -61464794.5093441   -61465251.754137 IE: -6.9357982620  FE:  -6.9358498584
0.89        -61464794.3867334  -61464794.3867334  -61465251.8680419 IE: -6.9357982482  FE:  -6.9358498712
0.90        -61464792.1937052  -61464792.1937052  -61465249.9922011 IE: -6.9357980007  FE:  -6.9358496595
0.91        -61464789.1967456  -61464789.1967456  -61465247.3124545 IE: -6.9357976625  FE:  -6.9358493571
0.92        -61464787.0319219  -61464787.0319219  -61465245.1628088 IE: -6.9357974183  FE:  -6.9358491146
0.93        -61464786.7606479  -61464786.7606479  -61465244.6545986 IE: -6.9357973876  FE:  -6.9358490572
0.94        -61464788.4637272  -61464788.4637272  -61465245.9991017 IE: -6.9357975798  FE:  -6.9358492089
0.95        -61464791.1277254  -61464791.1277254  -61465248.4457404 IE: -6.9357978804  FE:  -6.9358494850
0.96        -61464793.3339502  -61464793.3339502  -61465250.6120419 IE: -6.9357981294  FE:  -6.9358497295
0.97        -61464793.9035275  -61464793.9035275     -61465251.2968 IE: -6.9357981937  FE:  -6.9358498067
0.98        -61464792.6394382  -61464792.6394382  -61465250.3777608 IE: -6.9357980510  FE:  -6.9358497030
0.99        -61464790.4962764  -61464790.4962764  -61465248.5791252 IE: -6.9357978092  FE:  -6.9358495001
1.00        -61464788.6200309  -61464788.6200309  -61465246.7879016 IE: -6.9357975975  FE:  -6.9358492980
1.01        -61464787.8965876  -61464787.8965876  -61465245.9450569 IE: -6.9357975158  FE:  -6.9358492028
1.02        -61464788.7919592  -61464788.7919592  -61465246.4985459 IE: -6.9357976169  FE:  -6.9358492653
1.03         -61464790.778948   -61464790.778948  -61465248.1757539 IE: -6.9357978411  FE:  -6.9358494546
1.04        -61464792.7099273  -61464792.7099273  -61465249.9289952 IE: -6.9357980590  FE:  -6.9358496524
1.05        -61464793.5211948  -61464793.5211948  -61465250.8826617 IE: -6.9357981505  FE:  -6.9358497600
1.06        -61464792.9741042  -61464792.9741042  -61465250.5719739 IE: -6.9357980888  FE:  -6.9358497250
1.07        -61464791.4482641  -61464791.4482641  -61465249.4156903 IE: -6.9357979166  FE:  -6.9358495945
1.08        -61464789.8405339  -61464789.8405339  -61465248.0477518 IE: -6.9357977352  FE:  -6.9358494401
1.09        -61464788.9787297  -61464788.9787297  -61465247.1348024 IE: -6.9357976379  FE:  -6.9358493371
1.10        -61464789.3471663  -61464789.3471663  -61465247.2281783 IE: -6.9357976795  FE:  -6.9358493476
1.11        -61464790.6989058  -61464790.6989058  -61465248.2539912 IE: -6.9357978321  FE:  -6.9358494634
1.12        -61464792.3788961  -61464792.3788961  -61465249.6905771 IE: -6.9357980216  FE:  -6.9358496255
1.13        -61464793.3956406  -61464793.3956406  -61465250.6793117 IE: -6.9357981364  FE:  -6.9358497371
1.14        -61464793.1673081  -61464793.1673081  -61465250.7056562 IE: -6.9357981106  FE:  -6.9358497400
1.15        -61464792.1099987  -61464792.1099987  -61465249.9968487 IE: -6.9357979913  FE:  -6.9358496601
1.16        -61464790.8068563  -61464790.8068563  -61465249.0077749 IE: -6.9357978442  FE:  -6.9358495484
1.17        -61464789.9323382  -61464789.9323382  -61465248.1520367 IE: -6.9357977455  FE:  -6.9358494519
1.18        -61464789.9912014  -61464789.9912014  -61465248.0227337 IE: -6.9357977522  FE:  -6.9358494373
1.19        -61464790.9474812  -61464790.9474812  -61465248.6253255 IE: -6.9357978601  FE:  -6.9358495053
1.20         -61464792.285771   -61464792.285771  -61465249.6888991 IE: -6.9357980111  FE:  -6.9358496253
1.21        -61464793.2634193  -61464793.2634193  -61465250.6683992 IE: -6.9357981214  FE:  -6.9358497358
1.22         -61464793.345631   -61464793.345631  -61465250.8258362 IE: -6.9357981307  FE:  -6.9358497536
1.23        -61464792.4923405  -61464792.4923405  -61465250.2584556 IE: -6.9357980344  FE:  -6.9358496896
1.24        -61464791.8013166  -61464791.8013166  -61465249.8277113 IE: -6.9357979564  FE:  -6.9358496410
1.25        -61464791.0448921  -61464791.0448921  -61465249.3283259 IE: -6.9357978711  FE:  -6.9358495846
1.26        -61464790.6470263  -61464790.6470263  -61465248.8127263 IE: -6.9357978262  FE:  -6.9358495264
1.27        -61464791.1852776  -61464791.1852776  -61465249.0395441 IE: -6.9357978869  FE:  -6.9358495520
1.28        -61464792.3951882  -61464792.3951882  -61465249.9368403 IE: -6.9357980235  FE:  -6.9358496533
1.29        -61464793.3332347  -61464793.3332347  -61465250.6907496 IE: -6.9357981293  FE:  -6.9358497384
1.30        -61464793.5771274  -61464793.5771274  -61465251.0599318 IE: -6.9357981568  FE:  -6.9358497800
1.31         -61464793.176172   -61464793.176172  -61465250.9002283 IE: -6.9357981116  FE:  -6.9358497620
1.32        -61464792.3679255  -61464792.3679255  -61465250.3889931 IE: -6.9357980204  FE:  -6.9358497043
1.33        -61464791.6533374  -61464791.6533374  -61465249.9331745 IE: -6.9357979397  FE:  -6.9358496529
1.34        -61464791.4133242  -61464791.4133242  -61465249.6677254 IE: -6.9357979127  FE:  -6.9358496229
1.35        -61464791.7719025  -61464791.7719025  -61465249.7656896 IE: -6.9357979531  FE:  -6.9358496340
1.36        -61464792.6620544  -61464792.6620544  -61465250.3468769 IE: -6.9357980536  FE:  -6.9358496996
1.37        -61464793.5599216  -61464793.5599216  -61465251.0065982 IE: -6.9357981549  FE:  -6.9358497740
1.38        -61464793.8917982  -61464793.8917982  -61465251.3290137 IE: -6.9357981923  FE:  -6.9358498104
1.39        -61464793.5819861  -61464793.5819861  -61465251.2719803 IE: -6.9357981574  FE:  -6.9358498039
1.40        -61464792.9755334  -61464792.9755334   -61465250.914472 IE: -6.9357980889  FE:  -6.9358497636
1.41        -61464792.3574459  -61464792.3574459  -61465250.6110967 IE: -6.9357980192  FE:  -6.9358497294
1.42        -61464792.1638163  -61464792.1638163  -61465250.4424012 IE: -6.9357979974  FE:  -6.9358497103
1.43        -61464792.4592605  -61464792.4592605  -61465250.4820653 IE: -6.9357980307  FE:  -6.9358497148
1.44         -61464793.012954   -61464793.012954  -61465250.8720069 IE: -6.9357980932  FE:  -6.9358497588
1.45        -61464793.8695744  -61464793.8695744  -61465251.4255331 IE: -6.9357981898  FE:  -6.9358498213
1.46        -61464794.2410379  -61464794.2410379  -61465251.7262439 IE: -6.9357982318  FE:  -6.9358498552
1.47        -61464794.0449415  -61464794.0449415  -61465251.6995895 IE: -6.9357982096  FE:  -6.9358498522
1.48        -61464793.5306727  -61464793.5306727  -61465251.4226842 IE: -6.9357981516  FE:  -6.9358498210
1.49        -61464793.0850435  -61464793.0850435  -61465251.2210725 IE: -6.9357981013  FE:  -6.9358497982
1.50        -61464792.8665307  -61464792.8665307  -61465251.1924469 IE: -6.9357980766  FE:  -6.9358497950
1.51        -61464793.0343369  -61464793.0343369  -61465251.2552631 IE: -6.9357980956  FE:  -6.9358498021
1.52        -61464793.5902149  -61464793.5902149  -61465251.5154071 IE: -6.9357981583  FE:  -6.9358498314
1.53         -61464794.283413   -61464794.283413  -61465251.9534243 IE: -6.9357982365  FE:  -6.9358498808
1.54        -61464794.6820074  -61464794.6820074  -61465252.3164719 IE: -6.9357982815  FE:  -6.9358499218
1.55        -61464794.5586682  -61464794.5586682  -61465252.1944245 IE: -6.9357982676  FE:  -6.9358499080
1.56        -61464794.1015249  -61464794.1015249  -61465251.9275106 IE: -6.9357982160  FE:  -6.9358498779
1.57        -61464793.7409896  -61464793.7409896   -61465251.763337 IE: -6.9357981753  FE:  -6.9358498594
1.58        -61464793.5848863  -61464793.5848863  -61465251.8437658 IE: -6.9357981577  FE:  -6.9358498685
1.59        -61464793.7330691  -61464793.7330691  -61465251.9957547 IE: -6.9357981744  FE:  -6.9358498856
1.60        -61464794.1790667  -61464794.1790667  -61465252.1969965 IE: -6.9357982248  FE:  -6.9358499083
1.61        -61464794.7449611  -61464794.7449611  -61465252.5615996 IE: -6.9357982886  FE:  -6.9358499495
1.62        -61464795.1937796  -61464795.1937796  -61465252.9967642 IE: -6.9357983393  FE:  -6.9358499986
1.63        -61464795.1512108  -61464795.1512108  -61465252.9873094 IE: -6.9357983345  FE:  -6.9358499975
1.64        -61464794.6959801  -61464794.6959801  -61465252.4829056 IE: -6.9357982831  FE:  -6.9358499406
1.65        -61464794.3418515  -61464794.3418515  -61465252.2970125 IE: -6.9357982431  FE:  -6.9358499196
1.66        -61464794.2462477  -61464794.2462477  -61465252.4375748 IE: -6.9357982323  FE:  -6.9358499355
1.67        -61464794.4407825  -61464794.4407825  -61465252.7278207 IE: -6.9357982543  FE:  -6.9358499682
1.68         -61464794.809226   -61464794.809226  -61465252.9091062 IE: -6.9357982959  FE:  -6.9358499887
1.69        -61464795.3366066  -61464795.3366066  -61465253.1922563 IE: -6.9357983554  FE:  -6.9358500206
1.70        -61464795.7482767  -61464795.7482767  -61465253.7172093 IE: -6.9357984018  FE:  -6.9358500799
1.71        -61464795.8695808  -61464795.8695808  -61465253.8925696 IE: -6.9357984155  FE:  -6.9358500997
1.72        -61464795.3799058  -61464795.3799058  -61465253.3726299 IE: -6.9357983603  FE:  -6.9358500410
1.73        -61464794.9545539  -61464794.9545539  -61465252.9135079 IE: -6.9357983123  FE:  -6.9358499892
1.74         -61464794.933528   -61464794.933528    -61465253.08435 IE: -6.9357983099  FE:  -6.9358500085
1.75        -61464795.1762843  -61464795.1762843  -61465253.5164065 IE: -6.9357983373  FE:  -6.9358500572
1.76        -61464795.5027118  -61464795.5027118   -61465253.731854 IE: -6.9357983741  FE:  -6.9358500815
1.77        -61464795.8322862  -61464795.8322862  -61465253.8845218 IE: -6.9357984113  FE:  -6.9358500988
1.78        -61464796.2930163  -61464796.2930163  -61465254.4348375 IE: -6.9357984633  FE:  -6.9358501608
1.79        -61464796.5408951  -61464796.5408951  -61465254.8501644 IE: -6.9357984913  FE:  -6.9358502077
1.80         -61464796.170347   -61464796.170347  -61465254.4069932 IE: -6.9357984495  FE:  -6.9358501577
1.81        -61464795.6354869  -61464795.6354869  -61465253.5838063 IE: -6.9357983891  FE:  -6.9358500648
1.82        -61464795.5830811  -61464795.5830811  -61465253.6309429 IE: -6.9357983832  FE:  -6.9358500701
1.83        -61464796.0170875  -61464796.0170875  -61465254.2600312 IE: -6.9357984322  FE:  -6.9358501411
1.84         -61464796.244407   -61464796.244407  -61465254.4573926 IE: -6.9357984578  FE:  -6.9358501634
1.85        -61464796.0994794  -61464796.0994794  -61465254.1164481 IE: -6.9357984415  FE:  -6.9358501249
1.86        -61464796.3137333  -61464796.3137333  -61465254.4878916 IE: -6.9357984656  FE:  -6.9358501668
1.87        -61464797.4576663  -61464797.4576663  -61465255.7843788 IE: -6.9357985947  FE:  -6.9358503131
1.88        -61464797.9990529  -61464797.9990529  -61465256.4144059 IE: -6.9357986558  FE:  -6.9358503842
1.89        -61464797.0695449  -61464797.0695449  -61465255.2789772 IE: -6.9357985509  FE:  -6.9358502561
1.90        -61464795.5348919  -61464795.5348919  -61465253.4762225 IE: -6.9357983778  FE:  -6.9358500527
1.91        -61464795.0650992  -61464795.0650992   -61465253.223833 IE: -6.9357983247  FE:  -6.9358500242
1.92        -61464796.3815964  -61464796.3815964  -61465254.6208243 IE: -6.9357984733  FE:  -6.9358501818
1.93        -61464798.1085371  -61464798.1085371  -61465256.1477745 IE: -6.9357986682  FE:  -6.9358503541
1.94        -61464798.6381122  -61464798.6381122  -61465256.7370838 IE: -6.9357987279  FE:  -6.9358504206
1.95        -61464798.0514696  -61464798.0514696  -61465256.5166837 IE: -6.9357986617  FE:  -6.9358503958
1.96        -61464797.3686704  -61464797.3686704  -61465255.9581165 IE: -6.9357985847  FE:  -6.9358503327
1.97        -61464797.0048981  -61464797.0048981  -61465255.4142404 IE: -6.9357985436  FE:  -6.9358502714
1.98        -61464796.7916132  -61464796.7916132   -61465254.863668 IE: -6.9357985196  FE:  -6.9358502092
1.99        -61464796.7342001  -61464796.7342001   -61465254.781512 IE: -6.9357985131  FE:  -6.9358502000
2.00        -61464797.2766301  -61464797.2766301  -61465255.4423039 IE: -6.9357985743  FE:  -6.9358502745
2.01        -61464798.2318051  -61464798.2318051  -61465256.3128496 IE: -6.9357986821  FE:  -6.9358503728
2.02        -61464798.9628003  -61464798.9628003  -61465257.0299849 IE: -6.9357987646  FE:  -6.9358504537
2.03        -61464798.9414494  -61464798.9414494  -61465257.3929518 IE: -6.9357987622  FE:  -6.9358504946
2.04        -61464798.3835081  -61464798.3835081  -61465257.1322647 IE: -6.9357986992  FE:  -6.9358504652
2.05        -61464797.8509274  -61464797.8509274  -61465256.5040988 IE: -6.9357986391  FE:  -6.9358503943
2.06        -61464797.5165104  -61464797.5165104  -61465255.8119578 IE: -6.9357986014  FE:  -6.9358503162
2.07        -61464797.4843412  -61464797.4843412  -61465255.4387071 IE: -6.9357985977  FE:  -6.9358502741
2.08         -61464797.945805   -61464797.945805  -61465255.9485901 IE: -6.9357986498  FE:  -6.9358503317
2.09        -61464798.7598056  -61464798.7598056  -61465256.7828688 IE: -6.9357987417  FE:  -6.9358504258
2.10        -61464799.5607878  -61464799.5607878  -61465257.5627592 IE: -6.9357988320  FE:  -6.9358505138
2.11        -61464799.7767798  -61464799.7767798  -61465258.1745256 IE: -6.9357988564  FE:  -6.9358505828
2.12         -61464799.416099   -61464799.416099  -61465258.1235211 IE: -6.9357988157  FE:  -6.9358505771
2.13        -61464798.7716168  -61464798.7716168  -61465257.5472223 IE: -6.9357987430  FE:  -6.9358505121
2.14        -61464798.3854457  -61464798.3854457  -61465256.7839464 IE: -6.9357986994  FE:  -6.9358504259
2.15        -61464798.2297101  -61464798.2297101  -61465256.2640975 IE: -6.9357986818  FE:  -6.9358503673
2.16        -61464798.5511802  -61464798.5511802  -61465256.3989168 IE: -6.9357987181  FE:  -6.9358503825
2.17        -61464799.3107562  -61464799.3107562  -61465257.2010967 IE: -6.9357988038  FE:  -6.9358504730
2.18        -61464800.1895839  -61464800.1895839  -61465258.0499275 IE: -6.9357989030  FE:  -6.9358505688
2.19        -61464800.5853248  -61464800.5853248  -61465258.8764719 IE: -6.9357989477  FE:  -6.9358506621
2.20        -61464800.3370005  -61464800.3370005  -61465259.0433087 IE: -6.9357989196  FE:  -6.9358506809
2.21        -61464799.7308937  -61464799.7308937    -61465258.57786 IE: -6.9357988512  FE:  -6.9358506284
2.22        -61464799.1552394  -61464799.1552394   -61465257.810289 IE: -6.9357987863  FE:  -6.9358505417
2.23        -61464798.9466971  -61464798.9466971  -61465257.1336061 IE: -6.9357987627  FE:  -6.9358504654
2.24        -61464799.2095592  -61464799.2095592  -61465256.9402196 IE: -6.9357987924  FE:  -6.9358504436
2.25        -61464799.8943577  -61464799.8943577  -61465257.5126053 IE: -6.9357988697  FE:  -6.9358505081
2.26        -61464800.7873562  -61464800.7873562  -61465258.4377627 IE: -6.9357989704  FE:  -6.9358506125
2.27        -61464801.3892556  -61464801.3892556  -61465259.4333708 IE: -6.9357990384  FE:  -6.9358507249
2.28        -61464801.2728059  -61464801.2728059  -61465259.8439364 IE: -6.9357990252  FE:  -6.9358507712
2.29        -61464800.7511955  -61464800.7511955   -61465259.521558 IE: -6.9357989664  FE:  -6.9358507348
2.30        -61464800.1170243  -61464800.1170243  -61465258.7969573 IE: -6.9357988948  FE:  -6.9358506531
2.31        -61464799.7556895  -61464799.7556895  -61465258.0388446 IE: -6.9357988540  FE:  -6.9358505675
2.32        -61464799.8531004  -61464799.8531004  -61465257.6323142 IE: -6.9357988650  FE:  -6.9358505217
2.33        -61464800.4528106  -61464800.4528106  -61465257.8792056 IE: -6.9357989327  FE:  -6.9358505495
2.34        -61464801.3178198  -61464801.3178198  -61465258.7669125 IE: -6.9357990303  FE:  -6.9358506497
2.35        -61464802.0731919  -61464802.0731919  -61465259.8678391 IE: -6.9357991155  FE:  -6.9358507739
2.36        -61464802.1978155  -61464802.1978155  -61465260.5205112 IE: -6.9357991296  FE:  -6.9358508476
2.37         -61464801.749167   -61464801.749167  -61465260.3767498 IE: -6.9357990790  FE:  -6.9358508313
2.38        -61464801.0906042  -61464801.0906042  -61465259.7231783 IE: -6.9357990047  FE:  -6.9358507576
2.39        -61464800.6259763  -61464800.6259763  -61465258.9501882 IE: -6.9357989522  FE:  -6.9358506704
2.40        -61464800.5494536  -61464800.5494536  -61465258.3847301 IE: -6.9357989436  FE:  -6.9358506066
2.41         -61464801.054755   -61464801.054755  -61465258.3724597 IE: -6.9357990006  FE:  -6.9358506052
2.42        -61464801.8881411  -61464801.8881411  -61465259.0697866 IE: -6.9357990947  FE:  -6.9358506839
2.43         -61464802.701548   -61464802.701548  -61465260.1725509 IE: -6.9357991864  FE:  -6.9358508083
2.44        -61464803.0260328  -61464803.0260328  -61465261.0450333 IE: -6.9357992231  FE:  -6.9358509068
2.45        -61464802.6927563  -61464802.6927563  -61465261.1346325 IE: -6.9357991855  FE:  -6.9358509169
2.46        -61464802.0448562  -61464802.0448562  -61465260.5711588 IE: -6.9357991123  FE:  -6.9358508533
2.47        -61464801.5410747  -61464801.5410747   -61465259.826236 IE: -6.9357990555  FE:  -6.9358507692
2.48        -61464801.3447296  -61464801.3447296  -61465259.1779226 IE: -6.9357990333  FE:  -6.9358506961
2.49        -61464801.6984676  -61464801.6984676  -61465258.9348214 IE: -6.9357990733  FE:  -6.9358506686
2.50         -61464802.419603   -61464802.419603  -61465259.3984109 IE: -6.9357991546  FE:  -6.9358507209
2.51        -61464803.2541168  -61464803.2541168  -61465260.4131726 IE: -6.9357992488  FE:  -6.9358508355
2.52        -61464803.7640402  -61464803.7640402  -61465261.4311456 IE: -6.9357993063  FE:  -6.9358509503
2.53        -61464803.6361397  -61464803.6361397  -61465261.7624512 IE: -6.9357992919  FE:  -6.9358509877
2.54        -61464803.0998304  -61464803.0998304  -61465261.3428829 IE: -6.9357992314  FE:  -6.9358509404
2.55         -61464802.476912   -61464802.476912  -61465260.6495163 IE: -6.9357991611  FE:  -6.9358508621
2.56         -61464802.180702   -61464802.180702  -61465259.9895191 IE: -6.9357991277  FE:  -6.9358507876
2.57        -61464802.3909761  -61464802.3909761  -61465259.6058606 IE: -6.9357991514  FE:  -6.9358507444
2.58        -61464802.9775679  -61464802.9775679  -61465259.8360938 IE: -6.9357992176  FE:  -6.9358507703
2.59        -61464803.8031631  -61464803.8031631  -61465260.6835343 IE: -6.9357993108  FE:  -6.9358508660
2.60        -61464804.4495412  -61464804.4495412  -61465261.7243772 IE: -6.9357993837  FE:  -6.9358509834
2.61        -61464804.5310085  -61464804.5310085  -61465262.2679123 IE: -6.9357993929  FE:  -6.9358510447
2.62        -61464804.0851819  -61464804.0851819  -61465262.0491158 IE: -6.9357993426  FE:  -6.9358510201
2.63         -61464803.480326   -61464803.480326  -61465261.4327947 IE: -6.9357992743  FE:  -6.9358509505
2.64        -61464803.0797711  -61464803.0797711  -61465260.7862711 IE: -6.9357992291  FE:  -6.9358508776
2.65        -61464803.1002449  -61464803.1002449   -61465260.348624 IE: -6.9357992314  FE:  -6.9358508282
2.66        -61464803.5921454  -61464803.5921454  -61465260.4334163 IE: -6.9357992869  FE:  -6.9358508377
2.67        -61464804.3837927  -61464804.3837927  -61465261.0732379 IE: -6.9357993763  FE:  -6.9358509099
2.68        -61464805.1400672  -61464805.1400672  -61465261.9978438 IE: -6.9357994616  FE:  -6.9358510143
2.69        -61464805.3310714  -61464805.3310714  -61465262.6902277 IE: -6.9357994832  FE:  -6.9358510924
2.70        -61464805.0039623  -61464805.0039623  -61465262.6818426 IE: -6.9357994463  FE:  -6.9358510915
2.71        -61464804.4481125  -61464804.4481125  -61465262.1997237 IE: -6.9357993835  FE:  -6.9358510371
2.72        -61464804.0218798  -61464804.0218798  -61465261.5870908 IE: -6.9357993354  FE:  -6.9358509679
2.73        -61464803.8742875  -61464803.8742875  -61465261.1301367 IE: -6.9357993188  FE:  -6.9358509164
2.74        -61464804.2666251  -61464804.2666251   -61465261.163293 IE: -6.9357993631  FE:  -6.9358509201
2.75        -61464804.9266229  -61464804.9266229  -61465261.6935651 IE: -6.9357994375  FE:  -6.9358509799
2.76        -61464805.6447331  -61464805.6447331  -61465262.4419708 IE: -6.9357995186  FE:  -6.9358510644
2.77        -61464806.0290879  -61464806.0290879  -61465263.0864241 IE: -6.9357995619  FE:  -6.9358511371
2.78        -61464805.8761236  -61464805.8761236  -61465263.2632003 IE: -6.9357995447  FE:  -6.9358511571
2.79        -61464805.4696262  -61464805.4696262  -61465262.9291406 IE: -6.9357994988  FE:  -6.9358511194
2.80        -61464804.9936095  -61464804.9936095  -61465262.3968459 IE: -6.9357994451  FE:  -6.9358510593
2.81        -61464804.7940874  -61464804.7940874  -61465262.0368993 IE: -6.9357994226  FE:  -6.9358510187
2.82        -61464805.0245008  -61464805.0245008  -61465262.0235713 IE: -6.9357994486  FE:  -6.9358510172
2.83        -61464805.5990575  -61464805.5990575  -61465262.3946084 IE: -6.9357995134  FE:  -6.9358510590
2.84        -61464806.2567229  -61464806.2567229  -61465263.0458362 IE: -6.9357995876  FE:  -6.9358511325
2.85        -61464806.6648081  -61464806.6648081  -61465263.6476674 IE: -6.9357996337  FE:  -6.9358512004
2.86        -61464806.7178381  -61464806.7178381    -61465263.93571 IE: -6.9357996397  FE:  -6.9358512329
2.87        -61464806.3858163  -61464806.3858163  -61465263.8463252 IE: -6.9357996022  FE:  -6.9358512229
2.88        -61464805.9804503  -61464805.9804503  -61465263.5270608 IE: -6.9357995564  FE:  -6.9358511868
2.89        -61464805.7692929  -61464805.7692929  -61465263.1828088 IE: -6.9357995326  FE:  -6.9358511480
2.90         -61464805.859474   -61464805.859474  -61465263.0162741 IE: -6.9357995428  FE:  -6.9358511292
2.91        -61464806.2994211  -61464806.2994211  -61465263.2210708 IE: -6.9357995924  FE:  -6.9358511523
2.92        -61464806.8713859  -61464806.8713859   -61465263.735546 IE: -6.9357996570  FE:  -6.9358512104
2.93         -61464807.347883   -61464807.347883  -61465264.3005925 IE: -6.9357997108  FE:  -6.9358512741
2.94         -61464807.489559   -61464807.489559   -61465264.698654 IE: -6.9357997267  FE:  -6.9358513190
2.95         -61464807.289268   -61464807.289268   -61465264.840758 IE: -6.9357997041  FE:  -6.9358513351
2.96        -61464806.9730468  -61464806.9730468    -61465264.69693 IE: -6.9357996685  FE:  -6.9358513188
2.97        -61464806.7195213  -61464806.7195213  -61465264.4260534 IE: -6.9357996398  FE:  -6.9358512883
2.98        -61464806.7560956  -61464806.7560956  -61465264.1748391 IE: -6.9357996440  FE:  -6.9358512599
2.99        -61464807.1281324  -61464807.1281324  -61465264.1870673 IE: -6.9357996860  FE:  -6.9358512613
3.00        -61464807.5685335  -61464807.5685335  -61465264.5321456 IE: -6.9357997356  FE:  -6.9358513002
3.01        -61464808.0234862  -61464808.0234862   -61465265.006934 IE: -6.9357997870  FE:  -6.9358513538
3.02         -61464808.132775   -61464808.132775  -61465265.4368814 IE: -6.9357997993  FE:  -6.9358514023
3.03        -61464808.1521744  -61464808.1521744  -61465265.7470255 IE: -6.9357998015  FE:  -6.9358514373
3.04        -61464807.9349708  -61464807.9349708  -61465265.7994256 IE: -6.9357997770  FE:  -6.9358514432
3.05        -61464807.7649651  -61464807.7649651  -61465265.6445681 IE: -6.9357997578  FE:  -6.9358514258
3.06        -61464807.8010795  -61464807.8010795  -61465265.4270449 IE: -6.9357997619  FE:  -6.9358514012
3.07        -61464808.0180509  -61464808.0180509  -61465265.3208136 IE: -6.9357997864  FE:  -6.9358513892
3.08          -61464808.43045    -61464808.43045  -61465265.4731022 IE: -6.9357998329  FE:  -6.9358514064
3.09         -61464808.853392   -61464808.853392  -61465265.8109721 IE: -6.9357998806  FE:  -6.9358514446
3.10        -61464809.0085078  -61464809.0085078  -61465266.1901521 IE: -6.9357998981  FE:  -6.9358514873
3.11        -61464808.9964685  -61464808.9964685  -61465266.5593887 IE: -6.9357998968  FE:  -6.9358515290
3.12        -61464808.8672444  -61464808.8672444   -61465266.778853 IE: -6.9357998822  FE:  -6.9358515538
3.13        -61464808.7315956  -61464808.7315956  -61465266.7821592 IE: -6.9357998669  FE:  -6.9358515541
3.14        -61464808.8288826  -61464808.8288826  -61465266.6732497 IE: -6.9357998779  FE:  -6.9358515419
3.15        -61464809.0453075  -61464809.0453075  -61465266.5652045 IE: -6.9357999023  FE:  -6.9358515297
3.16        -61464809.3404699  -61464809.3404699  -61465266.5819626 IE: -6.9357999356  FE:  -6.9358515316
3.17        -61464809.6343537  -61464809.6343537   -61465266.746956 IE: -6.9357999688  FE:  -6.9358515502
3.18        -61464809.7770079  -61464809.7770079  -61465267.0417055 IE: -6.9357999849  FE:  -6.9358515834
3.19        -61464809.8361875  -61464809.8361875  -61465267.3748383 IE: -6.9357999915  FE:  -6.9358516210
3.20        -61464809.8205147  -61464809.8205147  -61465267.6711075 IE: -6.9357999898  FE:  -6.9358516545
3.21        -61464809.7436131  -61464809.7436131  -61465267.8114068 IE: -6.9357999811  FE:  -6.9358516703
3.22        -61464809.8691532  -61464809.8691532  -61465267.8434953 IE: -6.9357999953  FE:  -6.9358516739
3.23        -61464810.1516202  -61464810.1516202  -61465267.8352275 IE: -6.9358000271  FE:  -6.9358516730
3.24        -61464810.3634464  -61464810.3634464  -61465267.8081074 IE: -6.9358000510  FE:  -6.9358516699
3.25        -61464810.5495328  -61464810.5495328   -61465267.895247 IE: -6.9358000720  FE:  -6.9358516797
3.26        -61464810.6257688  -61464810.6257688  -61465268.0068372 IE: -6.9358000806  FE:  -6.9358516923
3.27        -61464810.6661384  -61464810.6661384  -61465268.2147832 IE: -6.9358000852  FE:  -6.9358517158
3.28        -61464810.7408572  -61464810.7408572  -61465268.5401863 IE: -6.9358000936  FE:  -6.9358517525
3.29         -61464810.803051   -61464810.803051  -61465268.7637933 IE: -6.9358001006  FE:  -6.9358517778
3.30         -61464810.893359   -61464810.893359  -61465268.9206886 IE: -6.9358001108  FE:  -6.9358517955
3.31        -61464811.3135215  -61464811.3135215  -61465269.1323522 IE: -6.9358001582  FE:  -6.9358518193
3.32        -61464811.5456366  -61464811.5456366  -61465269.1116023 IE: -6.9358001844  FE:  -6.9358518170
3.33        -61464811.5312649  -61464811.5312649  -61465269.1989712 IE: -6.9358001828  FE:  -6.9358518269
3.34        -61464811.7143921  -61464811.7143921  -61465269.4576794 IE: -6.9358002035  FE:  -6.9358518561
3.35        -61464811.7369212  -61464811.7369212  -61465269.3497505 IE: -6.9358002060  FE:  -6.9358518439
3.36        -61464811.5457353  -61464811.5457353  -61465269.2450551 IE: -6.9358001844  FE:  -6.9358518321
3.37        -61464811.7444882  -61464811.7444882  -61465269.6734177 IE: -6.9358002069  FE:  -6.9358518804
3.38        -61464812.0773176  -61464812.0773176  -61465270.1936163 IE: -6.9358002444  FE:  -6.9358519391
3.39        -61464812.2516462  -61464812.2516462  -61465270.2250879 IE: -6.9358002641  FE:  -6.9358519426
3.40        -61464812.6368694  -61464812.6368694  -61465270.2706651 IE: -6.9358003076  FE:  -6.9358519478
3.41        -61464812.8140204  -61464812.8140204   -61465270.841167 IE: -6.9358003276  FE:  -6.9358520122
3.42        -61464812.7376177  -61464812.7376177  -61465270.9085978 IE: -6.9358003189  FE:  -6.9358520198
3.43        -61464812.6318296  -61464812.6318296  -61465270.6245944 IE: -6.9358003070  FE:  -6.9358519877
3.44        -61464812.6750403  -61464812.6750403  -61465270.3523513 IE: -6.9358003119  FE:  -6.9358519570
3.45        -61464812.8280861  -61464812.8280861  -61465270.5660211 IE: -6.9358003291  FE:  -6.9358519811
3.46        -61464813.0398342  -61464813.0398342  -61465271.0921466 IE: -6.9358003530  FE:  -6.9358520405
3.47        -61464813.5159076  -61464813.5159076  -61465271.4229791 IE: -6.9358004068  FE:  -6.9358520778
3.48        -61464813.8625846  -61464813.8625846  -61465271.6083408 IE: -6.9358004459  FE:  -6.9358520987
3.49        -61464814.0416519  -61464814.0416519  -61465272.1697577 IE: -6.9358004661  FE:  -6.9358521621
3.50        -61464813.9397998  -61464813.9397998  -61465272.3701746 IE: -6.9358004546  FE:  -6.9358521847
3.51        -61464813.7466402  -61464813.7466402  -61465272.0836056 IE: -6.9358004328  FE:  -6.9358521524
3.52        -61464813.7117793  -61464813.7117793  -61465271.6905496 IE: -6.9358004289  FE:  -6.9358521080
3.53        -61464813.8198572  -61464813.8198572  -61465271.4979635 IE: -6.9358004411  FE:  -6.9358520863
3.54        -61464814.1055622  -61464814.1055622  -61465271.9264076 IE: -6.9358004733  FE:  -6.9358521346
3.55        -61464814.6042067  -61464814.6042067  -61465272.4263507 IE: -6.9358005296  FE:  -6.9358521910
3.56         -61464815.056789   -61464815.056789  -61465272.8050334 IE: -6.9358005806  FE:  -6.9358522338
3.57        -61464815.2613639  -61464815.2613639  -61465273.4164726 IE: -6.9358006037  FE:  -6.9358523028
3.58        -61464815.1927381  -61464815.1927381  -61465273.7093632 IE: -6.9358005960  FE:  -6.9358523358
3.59         -61464814.985618   -61464814.985618  -61465273.4960238 IE: -6.9358005726  FE:  -6.9358523117
3.60        -61464814.7845166  -61464814.7845166   -61465273.041844 IE: -6.9358005499  FE:  -6.9358522605
3.61         -61464814.875348   -61464814.875348   -61465272.667245 IE: -6.9358005602  FE:  -6.9358522182
3.62        -61464815.1529481  -61464815.1529481  -61465272.6617117 IE: -6.9358005915  FE:  -6.9358522176
3.63        -61464815.6669998  -61464815.6669998  -61465273.1800989 IE: -6.9358006495  FE:  -6.9358522761
3.64        -61464816.2151335  -61464816.2151335  -61465273.7911512 IE: -6.9358007113  FE:  -6.9358523451
3.65        -61464816.5306967  -61464816.5306967  -61465274.5251336 IE: -6.9358007470  FE:  -6.9358524279
3.66        -61464816.5219346  -61464816.5219346  -61465274.9033185 IE: -6.9358007460  FE:  -6.9358524705
3.67        -61464816.1455146  -61464816.1455146  -61465274.7702015 IE: -6.9358007035  FE:  -6.9358524555
3.68        -61464815.9958592  -61464815.9958592  -61465274.3434201 IE: -6.9358006866  FE:  -6.9358524074
3.69         -61464815.967098   -61464815.967098  -61465273.8512499 IE: -6.9358006834  FE:  -6.9358523518
3.70        -61464816.2364757  -61464816.2364757  -61465273.5818909 IE: -6.9358007138  FE:  -6.9358523214
3.71        -61464816.7074584  -61464816.7074584   -61465273.839593 IE: -6.9358007669  FE:  -6.9358523505
3.72        -61464817.3671223  -61464817.3671223  -61465274.5655354 IE: -6.9358008413  FE:  -6.9358524324
3.73        -61464817.7186803  -61464817.7186803  -61465275.4171304 IE: -6.9358008810  FE:  -6.9358525285
3.74        -61464817.7763125  -61464817.7763125  -61465275.9226304 IE: -6.9358008875  FE:  -6.9358525856
3.75         -61464817.579041   -61464817.579041  -61465275.8962998 IE: -6.9358008653  FE:  -6.9358525826
3.76         -61464817.259538   -61464817.259538  -61465275.5104598 IE: -6.9358008292  FE:  -6.9358525391
3.77        -61464817.1412522  -61464817.1412522  -61465275.0089784 IE: -6.9358008159  FE:  -6.9358524825
3.78        -61464817.2852248  -61464817.2852248  -61465274.5922734 IE: -6.9358008321  FE:  -6.9358524355
3.79        -61464817.7558806  -61464817.7558806  -61465274.6128298 IE: -6.9358008852  FE:  -6.9358524378
3.80         -61464818.393355   -61464818.393355   -61465275.218823 IE: -6.9358009571  FE:  -6.9358525062
3.81        -61464818.8800918  -61464818.8800918  -61465276.1059686 IE: -6.9358010121  FE:  -6.9358526063
3.82        -61464819.0452171  -61464819.0452171  -61465276.7594878 IE: -6.9358010307  FE:  -6.9358526800
3.83        -61464818.8409296  -61464818.8409296  -61465276.8524984 IE: -6.9358010076  FE:  -6.9358526905
3.84        -61464818.5483987  -61464818.5483987  -61465276.5404061 IE: -6.9358009746  FE:  -6.9358526553
3.85         -61464818.357768   -61464818.357768  -61465276.0757732 IE: -6.9358009531  FE:  -6.9358526029
3.86        -61464818.4257724  -61464818.4257724  -61465275.6337654 IE: -6.9358009608  FE:  -6.9358525530
3.87        -61464818.7974756  -61464818.7974756  -61465275.5039827 IE: -6.9358010027  FE:  -6.9358525383
3.88         -61464819.425874   -61464819.425874  -61465275.9219069 IE: -6.9358010737  FE:  -6.9358525855
3.89        -61464819.7472491  -61464819.7472491  -61465276.7453296 IE: -6.9358011099  FE:  -6.9358526784
3.90         -61464820.135326   -61464820.135326  -61465277.4605094 IE: -6.9358011537  FE:  -6.9358527591
3.91        -61464820.1448943  -61464820.1448943  -61465277.6965066 IE: -6.9358011548  FE:  -6.9358527857
3.92        -61464819.8516321  -61464819.8516321  -61465277.5043481 IE: -6.9358011217  FE:  -6.9358527641
3.93        -61464819.6342616  -61464819.6342616  -61465277.0896243 IE: -6.9358010972  FE:  -6.9358527173
3.94        -61464819.6341051  -61464819.6341051  -61465276.7021769 IE: -6.9358010972  FE:  -6.9358526735
3.95        -61464819.9346193  -61464819.9346193  -61465276.6115779 IE: -6.9358011311  FE:  -6.9358526633
3.96        -61464820.4670923  -61464820.4670923  -61465276.9236459 IE: -6.9358011911  FE:  -6.9358526985
3.97        -61464820.9661206  -61464820.9661206  -61465277.4782824 IE: -6.9358012475  FE:  -6.9358527611
3.98        -61464821.3081775  -61464821.3081775  -61465278.1462707 IE: -6.9358012861  FE:  -6.9358528365
3.99        -61464821.3449489  -61464821.3449489  -61465278.4846521 IE: -6.9358012902  FE:  -6.9358528747
4.00        -61464821.1841792  -61464821.1841792  -61465278.4310965 IE: -6.9358012721  FE:  -6.9358528686
4.01        -61464820.9085999  -61464820.9085999  -61465278.1248115 IE: -6.9358012410  FE:  -6.9358528341
4.02        -61464820.8515523  -61464820.8515523  -61465277.8814272 IE: -6.9358012345  FE:  -6.9358528066
4.03         -61464821.105474   -61464821.105474  -61465277.8792837 IE: -6.9358012632  FE:  -6.9358528064
4.04        -61464821.5283796  -61464821.5283796  -61465278.0982709 IE: -6.9358013109  FE:  -6.9358528311
4.05        -61464822.0332107  -61464822.0332107  -61465278.5433949 IE: -6.9358013679  FE:  -6.9358528813
4.06        -61464822.3311872  -61464822.3311872  -61465279.0710566 IE: -6.9358014015  FE:  -6.9358529408
4.07        -61464822.5006926  -61464822.5006926  -61465279.4535879 IE: -6.9358014206  FE:  -6.9358529840
4.08        -61464822.4227138  -61464822.4227138  -61465279.6479981 IE: -6.9358014118  FE:  -6.9358530059
4.09        -61464822.2649409  -61464822.2649409  -61465279.6231149 IE: -6.9358013940  FE:  -6.9358530031
4.10        -61464822.1691698  -61464822.1691698  -61465279.4662798 IE: -6.9358013832  FE:  -6.9358529854
4.11        -61464822.3261336  -61464822.3261336  -61465279.3300396 IE: -6.9358014009  FE:  -6.9358529701
4.12        -61464822.6196122  -61464822.6196122  -61465279.4146042 IE: -6.9358014340  FE:  -6.9358529796
4.13        -61464823.0957428  -61464823.0957428  -61465279.7175946 IE: -6.9358014878  FE:  -6.9358530138
4.14        -61464823.4534509  -61464823.4534509  -61465280.1703562 IE: -6.9358015281  FE:  -6.9358530649
4.15        -61464823.6443433  -61464823.6443433  -61465280.6132826 IE: -6.9358015497  FE:  -6.9358531149
4.16        -61464823.6213299  -61464823.6213299  -61465280.9876502 IE: -6.9358015471  FE:  -6.9358531571
4.17        -61464823.5877652  -61464823.5877652  -61465281.1563447 IE: -6.9358015433  FE:  -6.9358531762
4.18        -61464823.5167466  -61464823.5167466  -61465281.1123776 IE: -6.9358015353  FE:  -6.9358531712
4.19        -61464823.6099013  -61464823.6099013  -61465280.9518935 IE: -6.9358015458  FE:  -6.9358531531
4.20        -61464823.9208521  -61464823.9208521  -61465280.8829609 IE: -6.9358015809  FE:  -6.9358531453
4.21         -61464824.190124   -61464824.190124  -61465281.0118895 IE: -6.9358016113  FE:  -6.9358531599
4.22        -61464824.5882348  -61464824.5882348   -61465281.340359 IE: -6.9358016562  FE:  -6.9358531969
4.23        -61464824.7964598  -61464824.7964598  -61465281.7850748 IE: -6.9358016797  FE:  -6.9358532471
4.24        -61464824.8082851  -61464824.8082851  -61465282.2031437 IE: -6.9358016810  FE:  -6.9358532943
4.25        -61464824.7913532  -61464824.7913532  -61465282.5307283 IE: -6.9358016791  FE:  -6.9358533312
4.26        -61464824.8695235  -61464824.8695235  -61465282.6497093 IE: -6.9358016879  FE:  -6.9358533447
4.27        -61464825.0247494  -61464825.0247494  -61465282.5712962 IE: -6.9358017054  FE:  -6.9358533358
4.28         -61464825.224653   -61464825.224653  -61465282.4852193 IE: -6.9358017280  FE:  -6.9358533261
4.29        -61464825.4981099  -61464825.4981099  -61465282.5010227 IE: -6.9358017589  FE:  -6.9358533279
4.30         -61464825.744522   -61464825.744522  -61465282.6512081 IE: -6.9358017867  FE:  -6.9358533448
4.31        -61464825.8956175  -61464825.8956175  -61465282.9943302 IE: -6.9358018037  FE:  -6.9358533836
4.32        -61464825.9809082  -61464825.9809082  -61465283.3696055 IE: -6.9358018133  FE:  -6.9358534259
4.33         -61464826.073077   -61464826.073077   -61465283.742539 IE: -6.9358018237  FE:  -6.9358534680
4.34         -61464826.231463   -61464826.231463  -61465284.0258052 IE: -6.9358018416  FE:  -6.9358534999
4.35        -61464826.4330699  -61464826.4330699  -61465284.1070017 IE: -6.9358018644  FE:  -6.9358535091
4.36        -61464826.6166036  -61464826.6166036  -61465284.0836628 IE: -6.9358018851  FE:  -6.9358535065
4.37        -61464826.8599236  -61464826.8599236  -61465284.0861397 IE: -6.9358019125  FE:  -6.9358535068
4.38        -61464827.0127559  -61464827.0127559   -61465284.374377 IE: -6.9358019298  FE:  -6.9358535393
4.39        -61464827.1156991  -61464827.1156991  -61465284.4247497 IE: -6.9358019414  FE:  -6.9358535450
4.40        -61464827.1947583  -61464827.1947583  -61465284.5696261 IE: -6.9358019503  FE:  -6.9358535613
4.41        -61464827.3409919  -61464827.3409919  -61465284.9113666 IE: -6.9358019668  FE:  -6.9358535999
4.42        -61464827.5686238  -61464827.5686238  -61465285.3206229 IE: -6.9358019925  FE:  -6.9358536461
4.43         -61464827.859188   -61464827.859188   -61465285.583526 IE: -6.9358020253  FE:  -6.9358536757
4.44        -61464828.1294259  -61464828.1294259  -61465285.6354847 IE: -6.9358020558  FE:  -6.9358536816
4.45        -61464828.3039307  -61464828.3039307  -61465285.8953222 IE: -6.9358020755  FE:  -6.9358537109
4.46        -61464828.4206038  -61464828.4206038  -61465286.2628299 IE: -6.9358020886  FE:  -6.9358537524
4.47        -61464828.4782772  -61464828.4782772  -61465286.2628512 IE: -6.9358020951  FE:  -6.9358537524
4.48        -61464828.4757517  -61464828.4757517  -61465286.0543949 IE: -6.9358020949  FE:  -6.9358537289
4.49        -61464828.6321649  -61464828.6321649  -61465286.0739857 IE: -6.9358021125  FE:  -6.9358537311
4.50        -61464828.8735605  -61464828.8735605  -61465286.5316736 IE: -6.9358021397  FE:  -6.9358537827
4.51        -61464829.2527979  -61464829.2527979  -61465286.9611344 IE: -6.9358021825  FE:  -6.9358538312
4.52        -61464829.5945123  -61464829.5945123  -61465287.1275387 IE: -6.9358022211  FE:  -6.9358538500
4.53        -61464829.8213148  -61464829.8213148  -61465287.5852881 IE: -6.9358022467  FE:  -6.9358539016
4.54        -61464829.9057311  -61464829.9057311  -61465288.0335626 IE: -6.9358022562  FE:  -6.9358539522
4.55        -61464829.8494753  -61464829.8494753   -61465288.071147 IE: -6.9358022499  FE:  -6.9358539564
4.56         -61464829.833394   -61464829.833394  -61465287.7733545 IE: -6.9358022481  FE:  -6.9358539228
4.57        -61464829.9457702  -61464829.9457702  -61465287.5121802 IE: -6.9358022607  FE:  -6.9358538934
4.58        -61464830.1901163  -61464830.1901163  -61465287.6044569 IE: -6.9358022883  FE:  -6.9358539038
4.59        -61464830.6041549  -61464830.6041549  -61465288.0989171 IE: -6.9358023350  FE:  -6.9358539596
4.60        -61464831.0734835  -61464831.0734835  -61465288.4190056 IE: -6.9358023880  FE:  -6.9358539957
4.61        -61464831.3899867  -61464831.3899867  -61465289.0789674 IE: -6.9358024237  FE:  -6.9358540702
4.62        -61464831.4062886  -61464831.4062886   -61465289.595271 IE: -6.9358024255  FE:  -6.9358541284
4.63        -61464831.3712995  -61464831.3712995  -61465289.6906357 IE: -6.9358024216  FE:  -6.9358541392
4.64        -61464831.2461775  -61464831.2461775  -61465289.4149086 IE: -6.9358024075  FE:  -6.9358541081
4.65        -61464831.2854984  -61464831.2854984  -61465289.0237026 IE: -6.9358024119  FE:  -6.9358540639
4.66        -61464831.5559427  -61464831.5559427  -61465288.7825131 IE: -6.9358024424  FE:  -6.9358540367
4.67        -61464831.9504339  -61464831.9504339  -61465288.9571502 IE: -6.9358024869  FE:  -6.9358540564
4.68        -61464832.4335116  -61464832.4335116  -61465289.5103965 IE: -6.9358025415  FE:  -6.9358541188
4.69        -61464832.8121794  -61464832.8121794  -61465290.2992103 IE: -6.9358025842  FE:  -6.9358542078
4.70        -61464833.1038985  -61464833.1038985  -61465290.8991001 IE: -6.9358026171  FE:  -6.9358542755
4.71        -61464832.9175492  -61464832.9175492  -61465291.0594666 IE: -6.9358025961  FE:  -6.9358542936
4.72        -61464832.7869339  -61464832.7869339  -61465290.8381586 IE: -6.9358025813  FE:  -6.9358542687
4.73        -61464832.7456883  -61464832.7456883  -61465290.4411993 IE: -6.9358025767  FE:  -6.9358542239
4.74        -61464832.9160817  -61464832.9160817  -61465290.0434057 IE: -6.9358025959  FE:  -6.9358541790
4.75        -61464833.3059056  -61464833.3059056  -61465289.9612966 IE: -6.9358026399  FE:  -6.9358541697
4.76        -61464833.7908046  -61464833.7908046  -61465290.4158082 IE: -6.9358026946  FE:  -6.9358542210
4.77        -61464834.2566059  -61464834.2566059  -61465291.2297799 IE: -6.9358027472  FE:  -6.9358543129
4.78        -61464834.5016745  -61464834.5016745  -61465291.9432734 IE: -6.9358027748  FE:  -6.9358543934
4.79        -61464834.4613761  -61464834.4613761  -61465292.1778854 IE: -6.9358027703  FE:  -6.9358544198
4.80        -61464834.3031541  -61464834.3031541  -61465292.0324729 IE: -6.9358027524  FE:  -6.9358544034
4.81        -61464834.2100023  -61464834.2100023  -61465291.6980707 IE: -6.9358027419  FE:  -6.9358543657
4.82        -61464834.2615617  -61464834.2615617  -61465291.3033371 IE: -6.9358027477  FE:  -6.9358543212
4.83        -61464834.6662876  -61464834.6662876  -61465291.0988192 IE: -6.9358027934  FE:  -6.9358542981
4.84        -61464835.1282372  -61464835.1282372  -61465291.3871383 IE: -6.9358028455  FE:  -6.9358543306
4.85        -61464835.6402122  -61464835.6402122  -61465292.0901035 IE: -6.9358029033  FE:  -6.9358544099
4.86        -61464835.9092586  -61464835.9092586  -61465292.8185408 IE: -6.9358029337  FE:  -6.9358544921
4.87        -61464835.9774124  -61464835.9774124  -61465293.1648747 IE: -6.9358029414  FE:  -6.9358545312
4.88        -61464835.8847114  -61464835.8847114  -61465293.1308628 IE: -6.9358029309  FE:  -6.9358545274
4.89         -61464835.756904   -61464835.756904  -61465292.8722862 IE: -6.9358029165  FE:  -6.9358544982
4.90        -61464835.8025034  -61464835.8025034  -61465292.5646857 IE: -6.9358029216  FE:  -6.9358544635
4.91        -61464836.0851627  -61464836.0851627  -61465292.5397344 IE: -6.9358029535  FE:  -6.9358544607
4.92        -61464836.4615713  -61464836.4615713  -61465292.7712928 IE: -6.9358029960  FE:  -6.9358544868
4.93        -61464836.8791448  -61464836.8791448   -61465293.216237 IE: -6.9358030431  FE:  -6.9358545370
4.94        -61464837.3054778  -61464837.3054778  -61465293.7363263 IE: -6.9358030912  FE:  -6.9358545957
4.95        -61464837.4274113  -61464837.4274113  -61465294.1292991 IE: -6.9358031050  FE:  -6.9358546400
4.96         -61464837.382107   -61464837.382107  -61465294.2749185 IE: -6.9358030999  FE:  -6.9358546565
4.97        -61464837.2951833  -61464837.2951833  -61465294.2969986 IE: -6.9358030901  FE:  -6.9358546590
4.98        -61464837.3300332  -61464837.3300332  -61465294.2108008 IE: -6.9358030940  FE:  -6.9358546492
4.99        -61464837.5301991  -61464837.5301991  -61465294.1732656 IE: -6.9358031166  FE:  -6.9358546450
5.00        -61464837.8764891  -61464837.8764891   -61465294.303488 IE: -6.9358031557  FE:  -6.9358546597
