0.00        -33086470.6664936  -33090932.8940614  -33090932.8940614 IE: -6.9221439692  FE:  -6.9230775285
1.50        -33086517.9118617  -33089084.4997935  -33089084.4997935 IE: -6.9221538537  FE:  -6.9226908191
1.51        -33086517.9009596  -33089095.8163856  -33089095.8163856 IE: -6.9221538514  FE:  -6.9226931867
1.52        -33086519.2781053  -33089075.5027029  -33089075.5027029 IE: -6.9221541395  FE:  -6.9226889368
1.53        -33086522.0632397  -33089058.8122099  -33089058.8122099 IE: -6.9221547222  FE:  -6.9226854449
1.54        -33086525.6109584  -33089073.0907032  -33089073.0907032 IE: -6.9221554644  FE:  -6.9226884322
1.55         -33086529.032399  -33089038.1275682  -33089038.1275682 IE: -6.9221561802  FE:  -6.9226811174
1.56        -33086531.2035909  -33089018.5230988  -33089018.5230988 IE: -6.9221566345  FE:  -6.9226770159
1.57        -33086531.3811267  -33089006.2145516  -33089006.2145516 IE: -6.9221566716  FE:  -6.9226744407
1.58        -33086529.3257609  -33089002.7271691  -33089002.7271691 IE: -6.9221562416  FE:  -6.9226737111
1.59        -33086525.6000202  -33088981.3410675  -33088981.3410675 IE: -6.9221554621  FE:  -6.9226692369
1.60        -33086521.1986463  -33088986.8456898  -33088986.8456898 IE: -6.9221545413  FE:  -6.9226703885
1.61        -33086517.2415322  -33088974.2470651  -33088974.2470651 IE: -6.9221537134  FE:  -6.9226677527
1.62        -33086514.9369836  -33088976.2204317  -33088976.2204317 IE: -6.9221532313  FE:  -6.9226681656
1.63        -33086514.7152366  -33088961.1102255  -33088961.1102255 IE: -6.9221531849  FE:  -6.9226650043
1.64        -33086516.2729547  -33088942.9398129  -33088942.9398129 IE: -6.9221535108  FE:  -6.9226612028
1.65        -33086518.6972793  -33088924.8451855  -33088924.8451855 IE: -6.9221540180  FE:  -6.9226574172
1.66        -33086520.9851947  -33088922.8740791  -33088922.8740791 IE: -6.9221544966  FE:  -6.9226570048
1.67        -33086522.1023366  -33088914.1448637  -33088914.1448637 IE: -6.9221547304  FE:  -6.9226551785
1.68        -33086521.6441979  -33088890.0867544  -33088890.0867544 IE: -6.9221546345  FE:  -6.9226501452
1.69        -33086519.8928306  -33088889.9768114  -33088889.9768114 IE: -6.9221542681  FE:  -6.9226501222
1.70        -33086517.9447552  -33088896.9688307  -33088896.9688307 IE: -6.9221538605  FE:  -6.9226515850
1.71         -33086517.070426  -33088899.8300112  -33088899.8300112 IE: -6.9221536776  FE:  -6.9226521836
1.72        -33086518.6113756  -33088896.5354453  -33088896.5354453 IE: -6.9221540000  FE:  -6.9226514944
1.73        -33086523.0687964  -33088854.3493725  -33088854.3493725 IE: -6.9221549326  FE:  -6.9226426685
1.74        -33086529.7136041  -33088858.6714305  -33088858.6714305 IE: -6.9221563227  FE:  -6.9226435727
1.75        -33086536.7137882  -33088844.6680252  -33088844.6680252 IE: -6.9221577873  FE:  -6.9226406430
1.76        -33086542.0027441  -33088844.7802165  -33088844.7802165 IE: -6.9221588938  FE:  -6.9226406665
1.77        -33086543.3543747  -33088827.8232331  -33088827.8232331 IE: -6.9221591766  FE:  -6.9226371188
1.78        -33086539.3884886  -33088824.7930682  -33088824.7930682 IE: -6.9221583469  FE:  -6.9226364849
1.79        -33086530.2240953   -33088825.170456   -33088825.170456 IE: -6.9221564295  FE:  -6.9226365638
1.80        -33086517.4121925  -33088804.7360847  -33088804.7360847 IE: -6.9221537491  FE:  -6.9226322887
1.81        -33086503.9320325  -33088796.1580258  -33088796.1580258 IE: -6.9221509289  FE:  -6.9226304940
1.82        -33086493.4132269  -33088808.7361762  -33088808.7361762 IE: -6.9221487282  FE:  -6.9226331256
1.83        -33086489.0239556  -33088784.0672797  -33088784.0672797 IE: -6.9221478099  FE:  -6.9226279645
1.84        -33086492.4547589  -33088779.8646939  -33088779.8646939 IE: -6.9221485277  FE:  -6.9226270852
1.85        -33086503.0943328  -33088789.2798266  -33088789.2798266 IE: -6.9221507536  FE:  -6.9226290550
1.86         -33086519.086784  -33088771.5614701  -33088771.5614701 IE: -6.9221540995  FE:  -6.9226253481
1.87        -33086536.6050161  -33088762.3980874  -33088762.3980874 IE: -6.9221577645  FE:  -6.9226234310
1.88        -33086551.5080478  -33088752.6029648  -33088752.6029648 IE: -6.9221608824  FE:  -6.9226213817
1.89        -33086560.0610118  -33088729.6836058  -33088729.6836058 IE: -6.9221626718  FE:  -6.9226165867
1.90        -33086560.4385642  -33088737.5873076  -33088737.5873076 IE: -6.9221627508  FE:  -6.9226182402
1.91        -33086552.1822206  -33088725.2644133  -33088725.2644133 IE: -6.9221610235  FE:  -6.9226156621
1.92        -33086537.2890966  -33088725.4115735  -33088725.4115735 IE: -6.9221579076  FE:  -6.9226156929
1.93        -33086519.7843013  -33088701.3515182  -33088701.3515182 IE: -6.9221542454  FE:  -6.9226106592
1.94        -33086504.2056652  -33088689.5975246  -33088689.5975246 IE: -6.9221509861  FE:  -6.9226082001
1.95        -33086494.4000364  -33088690.2743276  -33088690.2743276 IE: -6.9221489347  FE:  -6.9226083417
1.96        -33086491.8283148  -33088677.9118425  -33088677.9118425 IE: -6.9221483966  FE:  -6.9226057553
1.97        -33086496.2858493  -33088668.0529055  -33088668.0529055 IE: -6.9221493292  FE:  -6.9226036927
1.98        -33086506.2834958  -33088661.3376419  -33088661.3376419 IE: -6.9221514208  FE:  -6.9226022878
1.99        -33086518.7515085   -33088655.356333   -33088655.356333 IE: -6.9221540293  FE:  -6.9226010364
2.00        -33086530.3433097   -33088639.685441   -33088639.685441 IE: -6.9221564545  FE:  -6.9225977578
2.01        -33086538.6094165  -33088638.6195846  -33088638.6195846 IE: -6.9221581839  FE:  -6.9225975348
2.02        -33086541.8972357  -33088639.9659906  -33088639.9659906 IE: -6.9221588717  FE:  -6.9225978165
2.03        -33086540.3156621  -33088629.8039054  -33088629.8039054 IE: -6.9221585408  FE:  -6.9225956905
2.04        -33086535.3368805  -33088632.0573468  -33088632.0573468 IE: -6.9221574992  FE:  -6.9225961619
2.05        -33086529.1399759  -33088629.9662555  -33088629.9662555 IE: -6.9221562027  FE:  -6.9225957244
2.06        -33086523.5430545  -33088630.0266543  -33088630.0266543 IE: -6.9221550318  FE:  -6.9225957371
2.07        -33086520.1197268  -33088594.1202999  -33088594.1202999 IE: -6.9221543156  FE:  -6.9225882250
2.08        -33086519.2386969   -33088578.795976   -33088578.795976 IE: -6.9221541312  FE:  -6.9225850189
2.09        -33086520.2962222  -33088572.8296443  -33088572.8296443 IE: -6.9221543525  FE:  -6.9225837707
2.10         -33086522.338888   -33088574.884797   -33088574.884797 IE: -6.9221547799  FE:  -6.9225842006
2.11        -33086524.0445886  -33088564.2673345  -33088564.2673345 IE: -6.9221551367  FE:  -6.9225819793
2.12        -33086524.5501513  -33088567.2526869  -33088567.2526869 IE: -6.9221552425  FE:  -6.9225826039
2.13        -33086523.4817159  -33088558.1508455  -33088558.1508455 IE: -6.9221550189  FE:  -6.9225806997
2.14        -33086521.5138954  -33088548.8012899  -33088548.8012899 IE: -6.9221546073  FE:  -6.9225787436
2.15        -33086519.3352863  -33088549.8205019  -33088549.8205019 IE: -6.9221541515  FE:  -6.9225789568
2.16        -33086518.1497566  -33088539.9909321  -33088539.9909321 IE: -6.9221539034  FE:  -6.9225769004
2.17        -33086518.4373677  -33088523.3839552  -33088523.3839552 IE: -6.9221539636  FE:  -6.9225734260
2.18        -33086520.4428177  -33088519.4176661  -33088519.4176661 IE: -6.9221543832  FE:  -6.9225725962
2.19         -33086523.659463  -33088515.0715449  -33088515.0715449 IE: -6.9221550561  FE:  -6.9225716869
2.20        -33086527.2124417  -33088505.1653475  -33088505.1653475 IE: -6.9221557995  FE:  -6.9225696144
2.21        -33086530.1692491  -33088501.9004223  -33088501.9004223 IE: -6.9221564181  FE:  -6.9225689313
2.22        -33086531.6432993  -33088500.8922967  -33088500.8922967 IE: -6.9221567265  FE:  -6.9225687204
2.23        -33086531.3107284  -33088496.5494964  -33088496.5494964 IE: -6.9221566569  FE:  -6.9225678118
2.24        -33086529.4722421  -33088490.5544756  -33088490.5544756 IE: -6.9221562722  FE:  -6.9225665576
2.25        -33086526.8262675  -33088488.4718269  -33088488.4718269 IE: -6.9221557187  FE:  -6.9225661219
2.26        -33086524.1283202  -33088479.7328209  -33088479.7328209 IE: -6.9221551542  FE:  -6.9225642935
2.27        -33086522.2452437  -33088468.0219344  -33088468.0219344 IE: -6.9221547603  FE:  -6.9225618435
2.28        -33086521.4864252  -33088466.2054562  -33088466.2054562 IE: -6.9221546015  FE:  -6.9225614634
2.29        -33086521.7896242  -33088459.1218674  -33088459.1218674 IE: -6.9221546649  FE:  -6.9225599814
2.30        -33086522.9083589  -33088455.3567688  -33088455.3567688 IE: -6.9221548990  FE:  -6.9225591937
2.31        -33086524.0884273  -33088454.2744283  -33088454.2744283 IE: -6.9221551459  FE:  -6.9225589673
2.32        -33086524.8317585  -33088440.1311668  -33088440.1311668 IE: -6.9221553014  FE:  -6.9225560083
2.33        -33086524.8706691  -33088441.8166389  -33088441.8166389 IE: -6.9221553095  FE:  -6.9225563610
2.34         -33086524.230906  -33088440.6905029  -33088440.6905029 IE: -6.9221551757  FE:  -6.9225561253
2.35        -33086523.3276336  -33088427.7246819  -33088427.7246819 IE: -6.9221549867  FE:  -6.9225534127
2.36        -33086522.7125024  -33088418.5093322  -33088418.5093322 IE: -6.9221548580  FE:  -6.9225514847
2.37        -33086522.7379098  -33088420.6791141  -33088420.6791141 IE: -6.9221548633  FE:  -6.9225519387
2.38        -33086523.6212532  -33088419.2125365  -33088419.2125365 IE: -6.9221550481  FE:  -6.9225516319
2.39        -33086525.1703036  -33088411.6576437  -33088411.6576437 IE: -6.9221553722  FE:  -6.9225500513
2.40        -33086527.0847154  -33088405.5469062  -33088405.5469062 IE: -6.9221557727  FE:  -6.9225487728
2.41        -33086528.7151635  -33088397.3838934  -33088397.3838934 IE: -6.9221561139  FE:  -6.9225470650
2.42        -33086529.6033782  -33088392.9044496  -33088392.9044496 IE: -6.9221562997  FE:  -6.9225461279
2.43        -33086529.4719169   -33088393.444487   -33088393.444487 IE: -6.9221562722  FE:  -6.9225462408
2.44        -33086528.3477084  -33088384.5801922  -33088384.5801922 IE: -6.9221560370  FE:  -6.9225443863
2.45        -33086526.6265083  -33088390.9347991  -33088390.9347991 IE: -6.9221556769  FE:  -6.9225457158
2.46        -33086524.9204881  -33088376.6851678  -33088376.6851678 IE: -6.9221553200  FE:  -6.9225427346
2.47        -33086523.6070356  -33088377.3184342  -33088377.3184342 IE: -6.9221550452  FE:  -6.9225428670
2.48        -33086522.9921648  -33088370.5693407  -33088370.5693407 IE: -6.9221549165  FE:  -6.9225414550
2.49        -33086523.2122862  -33088357.7578747  -33088357.7578747 IE: -6.9221549626  FE:  -6.9225387747
2.50         -33086524.006128  -33088355.5626613  -33088355.5626613 IE: -6.9221551287  FE:  -6.9225383154
