0.000000 -19.278898
0.010000 -19.278920
0.020000 -19.279017
0.030000 -19.279156
0.040000 -19.279311
0.050000 -19.279444
0.060000 -19.279476
0.070000 -19.279465
0.080000 -19.279395
0.090000 -19.279358
0.100000 -19.279359
0.110000 -19.279418
0.120000 -19.279494
0.130000 -19.279580
0.140000 -19.279636
0.150000 -19.279650
0.160000 -19.279600
0.170000 -19.279471
0.180000 -19.279278
0.190000 -19.279061
0.200000 -19.278895
0.210000 -19.278842
0.220000 -19.278955
0.230000 -19.279197
0.240000 -19.279496
0.250000 -19.279746
0.260000 -19.279893
0.270000 -19.279840
0.280000 -19.279559
0.290000 -19.279141
0.300000 -19.278669
0.310000 -19.278249
0.320000 -19.278029
0.330000 -19.278077
0.340000 -19.278412
0.350000 -19.278938
0.360000 -19.279498
0.370000 -19.279912
0.380000 -19.280033
0.390000 -19.279759
0.400000 -19.279107
0.410000 -19.278183
0.420000 -19.277199
0.430000 -19.276419
0.440000 -19.276087
0.450000 -19.276357
0.460000 -19.277158
0.470000 -19.278280
0.480000 -19.279378
0.490000 -19.280117
0.500000 -19.280073
0.510000 -19.279003
0.520000 -19.276914
0.530000 -19.274015
0.540000 -19.270786
0.550000 -19.267866
0.560000 -19.266056
0.570000 -19.265836
0.580000 -19.267543
0.590000 -19.271094
0.600000 -19.276205
0.610000 -19.282278
0.620000 -19.288408
0.630000 -19.293682
0.640000 -19.297391
0.650000 -19.299124
0.660000 -19.298713
0.670000 -19.296413
0.680000 -19.292816
0.690000 -19.288763
0.700000 -19.285014
0.710000 -19.282171
0.720000 -19.280571
0.730000 -19.280302
0.740000 -19.281138
0.750000 -19.282628
0.760000 -19.284237
0.770000 -19.285483
0.780000 -19.286036
0.790000 -19.285773
0.800000 -19.284809
0.810000 -19.283469
0.820000 -19.282067
0.830000 -19.280996
0.840000 -19.280444
0.850000 -19.280548
0.860000 -19.281184
0.870000 -19.282128
0.880000 -19.283089
0.890000 -19.283778
0.900000 -19.284010
0.910000 -19.283749
0.920000 -19.283083
0.930000 -19.282203
0.940000 -19.281349
0.950000 -19.280734
0.960000 -19.280526
0.970000 -19.280753
0.980000 -19.281332
0.990000 -19.282027
1.000000 -19.282715
1.010000 -19.283116
1.020000 -19.283163
1.030000 -19.282879
1.040000 -19.282337
1.050000 -19.281677
1.060000 -19.281073
1.070000 -19.280729
1.080000 -19.280681
1.090000 -19.280960
1.100000 -19.281463
1.110000 -19.282041
1.120000 -19.282522
1.130000 -19.282757
1.140000 -19.282693
1.150000 -19.282387
1.160000 -19.281916
1.170000 -19.281395
1.180000 -19.280976
1.190000 -19.280785
1.200000 -19.280878
1.210000 -19.281144
1.220000 -19.281596
1.230000 -19.282081
1.240000 -19.282427
1.250000 -19.282577
1.260000 -19.282390
1.270000 -19.282055
1.280000 -19.281654
1.290000 -19.281266
1.300000 -19.280978
1.310000 -19.280898
1.320000 -19.281051
1.330000 -19.281398
1.340000 -19.281801
1.350000 -19.282138
1.360000 -19.282338
1.370000 -19.282358
1.380000 -19.282195
1.390000 -19.281882
1.400000 -19.281550
1.410000 -19.281230
1.420000 -19.281060
1.430000 -19.281081
1.440000 -19.281253
1.450000 -19.281595
1.460000 -19.281923
1.470000 -19.282178
1.480000 -19.282287
1.490000 -19.282233
1.500000 -19.282041
1.510000 -19.281776
1.520000 -19.281507
1.530000 -19.281286
1.540000 -19.281181
1.550000 -19.281252
1.560000 -19.281490
1.570000 -19.281781
1.580000 -19.282048
1.590000 -19.282208
1.600000 -19.282243
1.610000 -19.282141
1.620000 -19.281952
1.630000 -19.281747
1.640000 -19.281522
1.650000 -19.281382
1.660000 -19.281344
1.670000 -19.281476
1.680000 -19.281720
1.690000 -19.281967
1.700000 -19.282163
1.710000 -19.282215
1.720000 -19.282187
1.730000 -19.282084
1.740000 -19.281938
1.750000 -19.281773
1.760000 -19.281612
1.770000 -19.281519
1.780000 -19.281550
1.790000 -19.281719
1.800000 -19.281964
1.810000 -19.282172
1.820000 -19.282241
1.830000 -19.282153
1.840000 -19.282032
1.850000 -19.281964
1.860000 -19.281973
1.870000 -19.282055
1.880000 -19.281999
1.890000 -19.281841
1.900000 -19.281695
1.910000 -19.281657
1.920000 -19.281816
1.930000 -19.282126
1.940000 -19.282415
1.950000 -19.282541
1.960000 -19.282426
1.970000 -19.282192
1.980000 -19.281969
1.990000 -19.281849
2.000000 -19.281861
2.010000 -19.281906
2.020000 -19.281996
2.030000 -19.282108
2.040000 -19.282232
2.050000 -19.282378
2.060000 -19.282459
2.070000 -19.282453
2.080000 -19.282356
2.090000 -19.282210
2.100000 -19.282096
2.110000 -19.282046
2.120000 -19.282076
2.130000 -19.282146
2.140000 -19.282255
2.150000 -19.282341
2.160000 -19.282458
2.170000 -19.282506
2.180000 -19.282533
2.190000 -19.282486
2.200000 -19.282404
2.210000 -19.282307
2.220000 -19.282248
2.230000 -19.282263
2.240000 -19.282321
2.250000 -19.282406
2.260000 -19.282494
2.270000 -19.282570
2.280000 -19.282628
2.290000 -19.282643
2.300000 -19.282625
2.310000 -19.282584
2.320000 -19.282507
2.330000 -19.282466
2.340000 -19.282461
2.350000 -19.282502
2.360000 -19.282586
2.370000 -19.282674
2.380000 -19.282739
2.390000 -19.282773
2.400000 -19.282786
2.410000 -19.282776
2.420000 -19.282741
2.430000 -19.282694
2.440000 -19.282653
2.450000 -19.282665
2.460000 -19.282697
2.470000 -19.282785
2.480000 -19.282875
2.490000 -19.282940
2.500000 -19.282968
2.510000 -19.282972
2.520000 -19.282942
2.530000 -19.282910
2.540000 -19.282886
2.550000 -19.282848
2.560000 -19.282849
2.570000 -19.282885
2.580000 -19.282984
2.590000 -19.283084
2.600000 -19.283154
2.610000 -19.283198
2.620000 -19.283194
2.630000 -19.283163
2.640000 -19.283124
2.650000 -19.283073
2.660000 -19.283036
2.670000 -19.283050
2.680000 -19.283062
2.690000 -19.283182
2.700000 -19.283294
2.710000 -19.283380
2.720000 -19.283433
2.730000 -19.283441
2.740000 -19.283417
2.750000 -19.283348
2.760000 -19.283295
2.770000 -19.283249
2.780000 -19.283233
2.790000 -19.283269
2.800000 -19.283359
2.810000 -19.283467
2.820000 -19.283584
2.830000 -19.283684
2.840000 -19.283707
2.850000 -19.283683
2.860000 -19.283621
2.870000 -19.283545
2.880000 -19.283485
2.890000 -19.283444
2.900000 -19.283455
2.910000 -19.283517
2.920000 -19.283651
2.930000 -19.283789
2.940000 -19.283896
2.950000 -19.283969
2.960000 -19.283970
2.970000 -19.283918
2.980000 -19.283831
2.990000 -19.283742
3.000000 -19.283684
3.010000 -19.283668
3.020000 -19.283691
3.030000 -19.283817
3.040000 -19.283953
3.050000 -19.284101
3.060000 -19.284199
3.070000 -19.284243
3.080000 -19.284219
3.090000 -19.284143
3.100000 -19.284036
3.110000 -19.283957
3.120000 -19.283883
3.130000 -19.283908
3.140000 -19.284008
3.150000 -19.284131
3.160000 -19.284267
3.170000 -19.284423
3.180000 -19.284486
3.190000 -19.284499
3.200000 -19.284454
3.210000 -19.284348
3.220000 -19.284247
3.230000 -19.284171
3.240000 -19.284140
3.250000 -19.284203
3.260000 -19.284303
3.270000 -19.284439
3.280000 -19.284575
3.290000 -19.284696
3.300000 -19.284755
3.310000 -19.284759
3.320000 -19.284643
3.330000 -19.284542
3.340000 -19.284470
3.350000 -19.284443
3.360000 -19.284422
3.370000 -19.284455
3.380000 -19.284582
3.390000 -19.284757
3.400000 -19.284906
3.410000 -19.284977
3.420000 -19.284992
3.430000 -19.284959
3.440000 -19.284904
3.450000 -19.284798
3.460000 -19.284695
3.470000 -19.284667
3.480000 -19.284697
3.490000 -19.284782
3.500000 -19.284908
3.510000 -19.285061
3.520000 -19.285169
3.530000 -19.285230
3.540000 -19.285260
3.550000 -19.285190
3.560000 -19.285109
3.570000 -19.285012
3.580000 -19.284951
3.590000 -19.284945
3.600000 -19.284996
3.610000 -19.285086
3.620000 -19.285215
3.630000 -19.285341
3.640000 -19.285442
3.650000 -19.285476
3.660000 -19.285457
3.670000 -19.285428
3.680000 -19.285323
3.690000 -19.285263
3.700000 -19.285236
3.710000 -19.285240
3.720000 -19.285323
3.730000 -19.285415
3.740000 -19.285529
3.750000 -19.285631
3.760000 -19.285686
3.770000 -19.285699
3.780000 -19.285677
3.790000 -19.285636
3.800000 -19.285560
3.810000 -19.285538
3.820000 -19.285532
3.830000 -19.285561
3.840000 -19.285644
3.850000 -19.285734
3.860000 -19.285830
3.870000 -19.285895
3.880000 -19.285944
3.890000 -19.285928
3.900000 -19.285893
3.910000 -19.285872
3.920000 -19.285837
3.930000 -19.285839
3.940000 -19.285862
3.950000 -19.285916
3.960000 -19.285985
3.970000 -19.286046
3.980000 -19.286121
3.990000 -19.286157
4.000000 -19.286181
4.010000 -19.286167
4.020000 -19.286151
4.030000 -19.286140
4.040000 -19.286154
4.050000 -19.286182
4.060000 -19.286209
4.070000 -19.286265
4.080000 -19.286323
4.090000 -19.286367
4.100000 -19.286415
4.110000 -19.286427
4.120000 -19.286427
4.130000 -19.286424
4.140000 -19.286441
4.150000 -19.286461
4.160000 -19.286494
4.170000 -19.286540
4.180000 -19.286585
4.190000 -19.286626
4.200000 -19.286669
4.210000 -19.286706
4.220000 -19.286663
4.230000 -19.286694
4.240000 -19.286708
4.250000 -19.286721
4.260000 -19.286751
4.270000 -19.286813
4.280000 -19.286857
4.290000 -19.286923
4.300000 -19.286968
4.310000 -19.286997
4.320000 -19.286998
4.330000 -19.286997
4.340000 -19.286986
4.350000 -19.286989
4.360000 -19.287005
4.370000 -19.287043
4.380000 -19.287110
4.390000 -19.287181
4.400000 -19.287250
4.410000 -19.287322
4.420000 -19.287360
4.430000 -19.287357
4.440000 -19.287338
4.450000 -19.287310
4.460000 -19.287299
4.470000 -19.287306
4.480000 -19.287332
4.490000 -19.287395
4.500000 -19.287488
4.510000 -19.287579
4.520000 -19.287654
4.530000 -19.287715
4.540000 -19.287724
4.550000 -19.287702
4.560000 -19.287669
4.570000 -19.287635
4.580000 -19.287624
4.590000 -19.287638
4.600000 -19.287686
4.610000 -19.287776
4.620000 -19.287876
4.630000 -19.287989
4.640000 -19.288043
4.650000 -19.288091
4.660000 -19.288091
4.670000 -19.288058
4.680000 -19.288004
4.690000 -19.287971
4.700000 -19.287988
4.710000 -19.287994
4.720000 -19.288060
4.730000 -19.288176
4.740000 -19.288265
4.750000 -19.288368
4.760000 -19.288420
4.770000 -19.288456
4.780000 -19.288432
4.790000 -19.288398
4.800000 -19.288343
4.810000 -19.288310
4.820000 -19.288327
4.830000 -19.288375
4.840000 -19.288461
4.850000 -19.288574
4.860000 -19.288676
4.870000 -19.288758
4.880000 -19.288808
4.890000 -19.288810
4.900000 -19.288769
4.910000 -19.288734
4.920000 -19.288702
4.930000 -19.288664
4.940000 -19.288707
4.950000 -19.288777
4.960000 -19.288861
4.970000 -19.288965
4.980000 -19.289047
4.990000 -19.289116
5.000000 -19.289145
5.010000 -19.289134
5.020000 -19.289105
5.030000 -19.289095
5.040000 -19.289062
5.050000 -19.289068
5.060000 -19.289108
5.070000 -19.289171
5.080000 -19.289241
5.090000 -19.289340
5.100000 -19.289427
5.110000 -19.289470
5.120000 -19.289473
5.130000 -19.289467
5.140000 -19.289459
5.150000 -19.289450
5.160000 -19.289449
5.170000 -19.289467
5.180000 -19.289528
5.190000 -19.289591
5.200000 -19.289655
5.210000 -19.289728
5.220000 -19.289790
5.230000 -19.289815
5.240000 -19.289805
5.250000 -19.289812
5.260000 -19.289831
5.270000 -19.289837
5.280000 -19.289868
5.290000 -19.289927
5.300000 -19.289959
5.310000 -19.290009
5.320000 -19.290064
5.330000 -19.290100
5.340000 -19.290128
5.350000 -19.290144
5.360000 -19.290165
5.370000 -19.290186
5.380000 -19.290221
5.390000 -19.290272
5.400000 -19.290324
5.410000 -19.290361
5.420000 -19.290408
5.430000 -19.290447
5.440000 -19.290461
5.450000 -19.290485
5.460000 -19.290495
5.470000 -19.290506
5.480000 -19.290559
5.490000 -19.290598
5.500000 -19.290665
5.510000 -19.290735
5.520000 -19.290764
5.530000 -19.290836
5.540000 -19.290849
5.550000 -19.290848
5.560000 -19.290850
5.570000 -19.290917
5.580000 -19.290876
5.590000 -19.290910
5.600000 -19.290961
5.610000 -19.291021
5.620000 -19.291123
5.630000 -19.291187
5.640000 -19.291247
5.650000 -19.291286
5.660000 -19.291300
5.670000 -19.291290
5.680000 -19.291271
5.690000 -19.291276
5.700000 -19.291296
5.710000 -19.291330
5.720000 -19.291389
5.730000 -19.291480
5.740000 -19.291552
5.750000 -19.291654
5.760000 -19.291709
5.770000 -19.291728
5.780000 -19.291719
5.790000 -19.291698
5.800000 -19.291690
5.810000 -19.291674
5.820000 -19.291753
5.830000 -19.291769
5.840000 -19.291851
5.850000 -19.291953
5.860000 -19.292043
5.870000 -19.292108
5.880000 -19.292145
5.890000 -19.292158
5.900000 -19.292134
5.910000 -19.292127
5.920000 -19.292118
5.930000 -19.292127
5.940000 -19.292153
5.950000 -19.292228
5.960000 -19.292316
5.970000 -19.292407
5.980000 -19.292506
5.990000 -19.292554
6.000000 -19.292573
6.010000 -19.292576
6.020000 -19.292567
6.030000 -19.292535
6.040000 -19.292548
6.050000 -19.292580
6.060000 -19.292635
6.070000 -19.292694
6.080000 -19.292772
6.090000 -19.292867
6.100000 -19.292914
6.110000 -19.292966
6.120000 -19.292986
6.130000 -19.292990
6.140000 -19.292992
6.150000 -19.292994
6.160000 -19.293015
6.170000 -19.293043
6.180000 -19.293098
6.190000 -19.293172
6.200000 -19.293235
6.210000 -19.293309
6.220000 -19.293352
6.230000 -19.293391
6.240000 -19.293403
6.250000 -19.293411
6.260000 -19.293427
6.270000 -19.293458
6.280000 -19.293488
6.290000 -19.293554
6.300000 -19.293593
6.310000 -19.293651
6.320000 -19.293702
6.330000 -19.293745
6.340000 -19.293787
6.350000 -19.293797
6.360000 -19.293828
6.370000 -19.293863
6.380000 -19.293909
6.390000 -19.293926
6.400000 -19.293997
6.410000 -19.294036
6.420000 -19.294103
6.430000 -19.294128
6.440000 -19.294154
6.450000 -19.294185
6.460000 -19.294209
6.470000 -19.294243
6.480000 -19.294286
6.490000 -19.294341
6.500000 -19.294399
6.510000 -19.294466
6.520000 -19.294529
6.530000 -19.294577
6.540000 -19.294611
6.550000 -19.294612
6.560000 -19.294620
6.570000 -19.294632
6.580000 -19.294663
6.590000 -19.294715
6.600000 -19.294751
6.610000 -19.294836
6.620000 -19.294914
6.630000 -19.294990
6.640000 -19.295061
6.650000 -19.295106
6.660000 -19.295092
6.670000 -19.295086
6.680000 -19.295095
6.690000 -19.295101
6.700000 -19.295143
6.710000 -19.295187
6.720000 -19.295265
6.730000 -19.295362
6.740000 -19.295440
6.750000 -19.295514
6.760000 -19.295561
6.770000 -19.295566
6.780000 -19.295582
6.790000 -19.295573
6.800000 -19.295575
6.810000 -19.295593
6.820000 -19.295634
6.830000 -19.295702
6.840000 -19.295776
6.850000 -19.295863
6.860000 -19.295938
6.870000 -19.296003
6.880000 -19.296044
6.890000 -19.296068
6.900000 -19.296059
6.910000 -19.296065
6.920000 -19.296066
6.930000 -19.296095
6.940000 -19.296169
6.950000 -19.296222
6.960000 -19.296288
6.970000 -19.296366
6.980000 -19.296434
6.990000 -19.296488
7.000000 -19.296516
7.010000 -19.296532
7.020000 -19.296549
7.030000 -19.296554
7.040000 -19.296585
7.050000 -19.296619
7.060000 -19.296681
7.070000 -19.296758
7.080000 -19.296811
7.090000 -19.296882
7.100000 -19.296929
7.110000 -19.296971
7.120000 -19.296992
7.130000 -19.297025
7.140000 -19.297045
7.150000 -19.297069
7.160000 -19.297114
7.170000 -19.297168
7.180000 -19.297222
7.190000 -19.297280
7.200000 -19.297328
7.210000 -19.297364
7.220000 -19.297409
7.230000 -19.297442
7.240000 -19.297480
7.250000 -19.297516
7.260000 -19.297561
7.270000 -19.297615
7.280000 -19.297681
7.290000 -19.297728
7.300000 -19.297779
7.310000 -19.297809
7.320000 -19.297839
7.330000 -19.297881
7.340000 -19.297908
7.350000 -19.297944
7.360000 -19.297975
7.370000 -19.298047
7.380000 -19.298111
7.390000 -19.298183
7.400000 -19.298245
7.410000 -19.298294
7.420000 -19.298335
7.430000 -19.298344
7.440000 -19.298361
7.450000 -19.298377
7.460000 -19.298436
7.470000 -19.298466
7.480000 -19.298519
7.490000 -19.298596
7.500000 -19.298675
7.510000 -19.298744
7.520000 -19.298822
7.530000 -19.298848
7.540000 -19.298876
7.550000 -19.298892
7.560000 -19.298890
7.570000 -19.298908
7.580000 -19.298933
7.590000 -19.299005
7.600000 -19.299075
7.610000 -19.299162
7.620000 -19.299237
7.630000 -19.299313
7.640000 -19.299361
7.650000 -19.299378
7.660000 -19.299403
7.670000 -19.299420
7.680000 -19.299420
7.690000 -19.299445
7.700000 -19.299501
7.710000 -19.299555
7.720000 -19.299633
7.730000 -19.299723
7.740000 -19.299779
7.750000 -19.299844
7.760000 -19.299887
7.770000 -19.299930
7.780000 -19.299927
7.790000 -19.299935
7.800000 -19.299978
7.810000 -19.300002
7.820000 -19.300071
7.830000 -19.300121
7.840000 -19.300176
7.850000 -19.300249
7.860000 -19.300329
7.870000 -19.300366
7.880000 -19.300396
7.890000 -19.300444
7.900000 -19.300461
7.910000 -19.300506
7.920000 -19.300538
7.930000 -19.300602
7.940000 -19.300661
7.950000 -19.300704
7.960000 -19.300772
7.970000 -19.300804
7.980000 -19.300853
7.990000 -19.300902
8.000000 -19.300933
8.010000 -19.300974
8.020000 -19.301021
8.030000 -19.301078
8.040000 -19.301138
8.050000 -19.301199
8.060000 -19.301251
8.070000 -19.301295
8.080000 -19.301334
8.090000 -19.301379
8.100000 -19.301396
8.110000 -19.301444
8.120000 -19.301499
8.130000 -19.301541
8.140000 -19.301609
8.150000 -19.301678
8.160000 -19.301750
8.170000 -19.301801
8.180000 -19.301852
8.190000 -19.301875
8.200000 -19.301900
8.210000 -19.301930
8.220000 -19.301952
8.230000 -19.301990
8.240000 -19.302032
8.250000 -19.302132
8.260000 -19.302193
8.270000 -19.302282
8.280000 -19.302358
8.290000 -19.302396
8.300000 -19.302457
8.310000 -19.302459
8.320000 -19.302480
8.330000 -19.302511
8.340000 -19.302525
8.350000 -19.302567
8.360000 -19.302639
8.370000 -19.302708
8.380000 -19.302797
8.390000 -19.302858
8.400000 -19.302928
8.410000 -19.302971
8.420000 -19.303006
8.430000 -19.303032
8.440000 -19.303041
8.450000 -19.303074
8.460000 -19.303134
8.470000 -19.303163
8.480000 -19.303242
8.490000 -19.303310
8.500000 -19.303373
8.510000 -19.303441
8.520000 -19.303522
8.530000 -19.303547
8.540000 -19.303574
8.550000 -19.303605
8.560000 -19.303636
8.570000 -19.303682
8.580000 -19.303711
8.590000 -19.303786
8.600000 -19.303849
8.610000 -19.303909
8.620000 -19.303971
8.630000 -19.304028
8.640000 -19.304049
8.650000 -19.304097
8.660000 -19.304149
8.670000 -19.304187
8.680000 -19.304245
8.690000 -19.304271
8.700000 -19.304356
8.710000 -19.304411
8.720000 -19.304459
8.730000 -19.304499
8.740000 -19.304544
8.750000 -19.304597
8.760000 -19.304637
8.770000 -19.304679
8.780000 -19.304745
8.790000 -19.304813
8.800000 -19.304868
8.810000 -19.304921
8.820000 -19.305003
8.830000 -19.305053
8.840000 -19.305079
8.850000 -19.305106
8.860000 -19.305124
8.870000 -19.305188
8.880000 -19.305210
8.890000 -19.305278
8.900000 -19.305350
8.910000 -19.305426
8.920000 -19.305491
8.930000 -19.305570
8.940000 -19.305620
8.950000 -19.305671
8.960000 -19.305692
8.970000 -19.305722
8.980000 -19.305750
8.990000 -19.305791
9.000000 -19.305822
9.010000 -19.305898
9.020000 -19.305966
9.030000 -19.306053
9.040000 -19.306116
9.050000 -19.306189
9.060000 -19.306228
9.070000 -19.306280
9.080000 -19.306300
9.090000 -19.306316
9.100000 -19.306357
9.110000 -19.306398
9.120000 -19.306454
9.130000 -19.306521
9.140000 -19.306585
9.150000 -19.306666
9.160000 -19.306716
9.170000 -19.306784
9.180000 -19.306846
9.190000 -19.306877
9.200000 -19.306902
9.210000 -19.306951
9.220000 -19.306988
9.230000 -19.307032
9.240000 -19.307104
9.250000 -19.307173
9.260000 -19.307232
9.270000 -19.307297
9.280000 -19.307340
9.290000 -19.307392
9.300000 -19.307425
9.310000 -19.307468
9.320000 -19.307522
9.330000 -19.307565
9.340000 -19.307636
9.350000 -19.307688
9.360000 -19.307750
9.370000 -19.307809
9.380000 -19.307859
9.390000 -19.307903
9.400000 -19.307946
9.410000 -19.307996
9.420000 -19.308059
9.430000 -19.308100
9.440000 -19.308172
9.450000 -19.308252
9.460000 -19.308301
9.470000 -19.308360
9.480000 -19.308410
9.490000 -19.308433
9.500000 -19.308496
9.510000 -19.308572
9.520000 -19.308566
9.530000 -19.308608
9.540000 -19.308659
9.550000 -19.308738
9.560000 -19.308791
9.570000 -19.308880
9.580000 -19.308960
9.590000 -19.309017
9.600000 -19.309055
9.610000 -19.309091
9.620000 -19.309115
9.630000 -19.309157
9.640000 -19.309166
9.650000 -19.309246
9.660000 -19.309295
9.670000 -19.309384
9.680000 -19.309470
9.690000 -19.309535
9.700000 -19.309603
9.710000 -19.309661
9.720000 -19.309706
9.730000 -19.309725
9.740000 -19.309755
9.750000 -19.309783
9.760000 -19.309841
9.770000 -19.309897
9.780000 -19.309973
9.790000 -19.310041
9.800000 -19.310121
9.810000 -19.310162
9.820000 -19.310230
9.830000 -19.310273
9.840000 -19.310325
9.850000 -19.310373
9.860000 -19.310416
9.870000 -19.310465
9.880000 -19.310507
9.890000 -19.310581
9.900000 -19.310648
9.910000 -19.310697
9.920000 -19.310753
9.930000 -19.310819
9.940000 -19.310865
9.950000 -19.310904
9.960000 -19.310954
9.970000 -19.311022
9.980000 -19.311064
9.990000 -19.311133
10.000000 -19.311205
