0.000000 -19.281439
0.010000 -19.281257
0.020000 -19.280912
0.030000 -19.280778
0.040000 -19.280999
0.050000 -19.281360
0.060000 -19.281483
0.080000 -19.280882
0.090000 -19.280789
0.100000 -19.281064
0.110000 -19.281425
0.120000 -19.281491
0.130000 -19.281189
0.140000 -19.280846
0.150000 -19.280817
0.160000 -19.281145
0.170000 -19.281500
0.180000 -19.281507
0.190000 -19.281144
0.200000 -19.280813
0.210000 -19.280873
0.220000 -19.281259
0.230000 -19.281579
0.240000 -19.281514
0.250000 -19.281109
0.260000 -19.280805
0.270000 -19.280937
0.280000 -19.281386
0.290000 -19.281696
0.300000 -19.281545
0.310000 -19.281079
0.320000 -19.280803
0.330000 -19.281041
0.340000 -19.281567
0.350000 -19.281843
0.360000 -19.281580
0.370000 -19.281037
0.380000 -19.280817
0.390000 -19.281198
0.400000 -19.281828
0.410000 -19.282062
0.420000 -19.281640
0.430000 -19.280998
0.440000 -19.280858
0.450000 -19.281461
0.460000 -19.282252
0.470000 -19.282418
0.480000 -19.281749
0.490000 -19.280943
0.500000 -19.280966
0.510000 -19.282001
0.520000 -19.283149
0.530000 -19.283229
0.540000 -19.282043
0.550000 -19.280835
0.560000 -19.281314
0.570000 -19.283893
0.580000 -19.286908
0.590000 -19.287702
0.600000 -19.284687
0.610000 -19.278741
0.620000 -19.273200
0.630000 -19.271107
0.640000 -19.272993
0.650000 -19.277001
0.660000 -19.280294
0.670000 -19.281174
0.680000 -19.280082
0.690000 -19.278844
0.700000 -19.278798
0.710000 -19.279857
0.720000 -19.280915
0.730000 -19.281059
0.740000 -19.280381
0.750000 -19.279775
0.760000 -19.279867
0.770000 -19.280529
0.780000 -19.281078
0.790000 -19.281021
0.800000 -19.280511
0.810000 -19.280174
0.820000 -19.280349
0.830000 -19.280845
0.840000 -19.281155
0.850000 -19.281002
0.860000 -19.280605
0.870000 -19.280426
0.880000 -19.280648
0.890000 -19.281033
0.900000 -19.281195
0.910000 -19.280992
0.920000 -19.280687
0.930000 -19.280620
0.940000 -19.280863
0.950000 -19.281163
0.960000 -19.281218
0.970000 -19.280994
0.980000 -19.280766
0.990000 -19.280778
1.000000 -19.281032
1.010000 -19.281255
1.020000 -19.281240
1.030000 -19.281008
1.040000 -19.280852
1.050000 -19.280924
1.060000 -19.281167
1.070000 -19.281331
1.080000 -19.281253
1.090000 -19.281035
1.100000 -19.280930
1.110000 -19.281057
1.120000 -19.281285
1.130000 -19.281386
1.140000 -19.281267
1.150000 -19.281064
1.160000 -19.281020
1.170000 -19.281180
1.180000 -19.281382
1.190000 -19.281432
1.200000 -19.281283
1.210000 -19.281119
1.220000 -19.281111
1.230000 -19.281298
1.240000 -19.281497
1.250000 -19.281446
1.260000 -19.281296
1.270000 -19.281160
1.280000 -19.281223
1.290000 -19.281402
1.300000 -19.281540
1.310000 -19.281493
1.320000 -19.281322
1.330000 -19.281221
1.340000 -19.281318
1.350000 -19.281505
1.360000 -19.281605
1.370000 -19.281520
1.380000 -19.281351
1.390000 -19.281290
1.400000 -19.281422
1.410000 -19.281596
1.420000 -19.281662
1.430000 -19.281550
1.440000 -19.281386
1.450000 -19.281368
1.460000 -19.281524
1.470000 -19.281683
1.480000 -19.281704
1.490000 -19.281571
1.500000 -19.281427
1.510000 -19.281452
1.520000 -19.281622
1.530000 -19.281762
1.540000 -19.281744
1.550000 -19.281595
1.560000 -19.281480
1.570000 -19.281550
1.580000 -19.281718
1.590000 -19.281825
1.600000 -19.281782
1.610000 -19.281626
1.620000 -19.281542
1.630000 -19.281642
1.640000 -19.281812
1.650000 -19.281887
1.660000 -19.281820
1.670000 -19.281660
1.680000 -19.281611
1.690000 -19.281743
1.700000 -19.281900
1.710000 -19.281950
1.720000 -19.281845
1.730000 -19.281704
1.740000 -19.281692
1.750000 -19.281845
1.760000 -19.281972
1.770000 -19.281980
1.780000 -19.281874
1.790000 -19.281742
1.800000 -19.281777
1.810000 -19.281955
1.820000 -19.282039
1.830000 -19.282015
1.840000 -19.281908
1.850000 -19.281776
1.860000 -19.281893
1.870000 -19.282122
1.880000 -19.282060
1.890000 -19.281925
1.900000 -19.282017
1.910000 -19.282017
1.920000 -19.281915
1.930000 -19.282034
1.940000 -19.282182
1.950000 -19.282107
1.960000 -19.282019
1.970000 -19.281995
1.980000 -19.282035
1.990000 -19.282155
2.000000 -19.282225
2.010000 -19.282148
2.020000 -19.282065
2.030000 -19.282070
2.040000 -19.282137
2.050000 -19.282249
2.060000 -19.282272
2.070000 -19.282195
2.080000 -19.282142
2.090000 -19.282157
2.100000 -19.282236
2.110000 -19.282322
2.120000 -19.282323
2.130000 -19.282248
2.140000 -19.282221
2.150000 -19.282253
2.160000 -19.282331
2.170000 -19.282390
2.180000 -19.282373
2.190000 -19.282316
2.200000 -19.282309
2.210000 -19.282354
2.220000 -19.282423
2.230000 -19.282456
2.240000 -19.282431
2.250000 -19.282397
2.260000 -19.282412
2.270000 -19.282460
2.280000 -19.282513
2.290000 -19.282528
2.300000 -19.282497
2.310000 -19.282487
2.320000 -19.282517
2.330000 -19.282563
2.340000 -19.282595
2.350000 -19.282595
2.360000 -19.282575
2.370000 -19.282588
2.380000 -19.282629
2.390000 -19.282665
2.400000 -19.282678
2.410000 -19.282669
2.420000 -19.282664
2.430000 -19.282700
2.440000 -19.282742
2.450000 -19.282761
2.460000 -19.282767
2.470000 -19.282753
2.480000 -19.282767
2.490000 -19.282812
2.500000 -19.282859
2.510000 -19.282863
2.520000 -19.282849
2.530000 -19.282842
2.540000 -19.282876
2.550000 -19.282938
2.560000 -19.282973
2.570000 -19.282968
2.580000 -19.282939
2.590000 -19.282943
2.600000 -19.282996
2.610000 -19.283063
2.620000 -19.283085
2.630000 -19.283058
2.640000 -19.283034
2.650000 -19.283053
2.660000 -19.283120
2.670000 -19.283191
2.680000 -19.283189
2.690000 -19.283159
2.700000 -19.283131
2.710000 -19.283175
2.720000 -19.283251
2.730000 -19.283314
2.740000 -19.283301
2.750000 -19.283252
2.760000 -19.283239
2.770000 -19.283295
2.780000 -19.283380
2.790000 -19.283432
2.800000 -19.283405
2.810000 -19.283353
2.820000 -19.283349
2.830000 -19.283424
2.840000 -19.283510
2.850000 -19.283542
2.860000 -19.283504
2.870000 -19.283460
2.880000 -19.283472
2.890000 -19.283551
2.900000 -19.283635
2.910000 -19.283653
2.920000 -19.283607
2.930000 -19.283567
2.940000 -19.283590
2.950000 -19.283678
2.960000 -19.283755
2.970000 -19.283757
2.980000 -19.283707
2.990000 -19.283681
3.000000 -19.283720
3.010000 -19.283803
3.020000 -19.283862
3.030000 -19.283860
3.040000 -19.283812
3.050000 -19.283800
3.060000 -19.283848
3.070000 -19.283931
3.080000 -19.283981
3.090000 -19.283966
3.100000 -19.283922
3.110000 -19.283919
3.120000 -19.283972
3.130000 -19.284053
3.140000 -19.284087
3.150000 -19.284065
3.160000 -19.284040
3.170000 -19.284046
3.180000 -19.284113
3.190000 -19.284172
3.200000 -19.284193
3.210000 -19.284168
3.220000 -19.284157
3.230000 -19.284182
3.240000 -19.284244
3.250000 -19.284283
3.260000 -19.284303
3.270000 -19.284282
3.280000 -19.284293
3.290000 -19.284325
3.300000 -19.284373
3.310000 -19.284393
3.320000 -19.284416
3.330000 -19.284403
3.340000 -19.284435
3.350000 -19.284463
3.360000 -19.284498
3.370000 -19.284523
3.380000 -19.284520
3.390000 -19.284549
3.400000 -19.284569
3.410000 -19.284605
3.420000 -19.284628
3.430000 -19.284638
3.440000 -19.284653
3.450000 -19.284693
3.460000 -19.284722
3.470000 -19.284751
3.480000 -19.284754
3.490000 -19.284760
3.500000 -19.284784
3.510000 -19.284832
3.520000 -19.284879
3.530000 -19.284888
3.540000 -19.284889
3.550000 -19.284893
3.560000 -19.284931
3.570000 -19.284994
3.580000 -19.285031
3.590000 -19.285029
3.600000 -19.285015
3.610000 -19.285031
3.620000 -19.285077
3.630000 -19.285146
3.640000 -19.285184
3.650000 -19.285169
3.660000 -19.285153
3.670000 -19.285175
3.680000 -19.285234
3.690000 -19.285305
3.700000 -19.285329
3.710000 -19.285305
3.720000 -19.285287
3.730000 -19.285322
3.740000 -19.285396
3.750000 -19.285463
3.760000 -19.285471
3.770000 -19.285442
3.780000 -19.285437
3.790000 -19.285478
3.800000 -19.285555
3.810000 -19.285613
3.820000 -19.285614
3.830000 -19.285581
3.840000 -19.285583
3.850000 -19.285635
3.860000 -19.285710
3.870000 -19.285750
3.880000 -19.285750
3.890000 -19.285700
3.900000 -19.285734
3.910000 -19.285792
3.920000 -19.285857
3.930000 -19.285896
3.940000 -19.285888
3.950000 -19.285871
3.960000 -19.285890
3.970000 -19.285951
3.980000 -19.286009
3.990000 -19.286033
4.000000 -19.286027
4.010000 -19.286025
4.020000 -19.286058
4.030000 -19.286108
4.040000 -19.286157
4.050000 -19.286172
4.060000 -19.286171
4.070000 -19.286185
4.080000 -19.286220
4.090000 -19.286267
4.100000 -19.286298
4.110000 -19.286312
4.120000 -19.286328
4.130000 -19.286356
4.140000 -19.286392
4.150000 -19.286422
4.160000 -19.286449
4.170000 -19.286468
4.180000 -19.286492
4.190000 -19.286526
4.200000 -19.286562
4.210000 -19.286574
4.220000 -19.286585
4.230000 -19.286624
4.240000 -19.286663
4.250000 -19.286708
4.260000 -19.286727
4.270000 -19.286738
4.280000 -19.286751
4.290000 -19.286789
4.300000 -19.286843
4.310000 -19.286886
4.320000 -19.286899
4.330000 -19.286898
4.340000 -19.286912
4.350000 -19.286962
4.360000 -19.287033
4.370000 -19.287063
4.380000 -19.287063
4.390000 -19.287060
4.400000 -19.287080
4.410000 -19.287139
4.420000 -19.287207
4.430000 -19.287239
4.440000 -19.287233
4.450000 -19.287226
4.460000 -19.287257
4.470000 -19.287324
4.480000 -19.287385
4.490000 -19.287408
4.500000 -19.287399
4.510000 -19.287395
4.520000 -19.287432
4.530000 -19.287503
4.540000 -19.287558
4.550000 -19.287575
4.560000 -19.287567
4.570000 -19.287568
4.580000 -19.287614
4.590000 -19.287680
4.600000 -19.287730
4.610000 -19.287745
4.620000 -19.287730
4.630000 -19.287751
4.640000 -19.287800
4.650000 -19.287855
4.660000 -19.287897
4.670000 -19.287909
4.680000 -19.287909
4.690000 -19.287931
4.700000 -19.287976
4.710000 -19.288031
4.720000 -19.288059
4.730000 -19.288073
4.740000 -19.288083
4.750000 -19.288122
4.760000 -19.288170
4.770000 -19.288203
4.780000 -19.288230
4.790000 -19.288250
4.800000 -19.288280
4.810000 -19.288317
4.820000 -19.288350
4.830000 -19.288378
4.840000 -19.288399
4.850000 -19.288437
4.860000 -19.288476
4.870000 -19.288515
4.880000 -19.288538
4.890000 -19.288553
4.900000 -19.288582
4.910000 -19.288630
4.920000 -19.288675
4.930000 -19.288709
4.940000 -19.288723
4.950000 -19.288734
4.960000 -19.288770
4.970000 -19.288823
4.980000 -19.288883
4.990000 -19.288902
5.000000 -19.288911
5.010000 -19.288919
5.020000 -19.288963
5.030000 -19.289033
5.040000 -19.289082
5.050000 -19.289098
5.060000 -19.289096
5.070000 -19.289111
5.080000 -19.289165
5.090000 -19.289227
5.100000 -19.289278
5.110000 -19.289290
5.120000 -19.289287
5.130000 -19.289303
5.140000 -19.289363
5.150000 -19.289430
5.160000 -19.289468
5.170000 -19.289478
5.180000 -19.289479
5.190000 -19.289507
5.200000 -19.289561
5.210000 -19.289620
5.220000 -19.289657
5.230000 -19.289665
5.240000 -19.289672
5.250000 -19.289709
5.260000 -19.289755
5.270000 -19.289814
5.280000 -19.289833
5.290000 -19.289854
5.300000 -19.289874
5.310000 -19.289915
5.320000 -19.289964
5.330000 -19.290004
5.340000 -19.290027
5.350000 -19.290055
5.360000 -19.290084
5.370000 -19.290127
5.380000 -19.290163
5.390000 -19.290194
5.400000 -19.290226
5.410000 -19.290259
5.420000 -19.290302
5.430000 -19.290345
5.440000 -19.290360
5.450000 -19.290388
5.460000 -19.290427
5.470000 -19.290474
5.480000 -19.290524
5.490000 -19.290555
5.500000 -19.290565
5.510000 -19.290595
5.520000 -19.290632
5.530000 -19.290699
5.540000 -19.290741
5.550000 -19.290760
5.560000 -19.290769
5.570000 -19.290789
5.580000 -19.290850
5.590000 -19.290916
5.600000 -19.290957
5.610000 -19.290969
5.620000 -19.290975
5.630000 -19.291008
5.640000 -19.291068
5.650000 -19.291128
5.660000 -19.291169
5.670000 -19.291182
5.680000 -19.291181
5.690000 -19.291227
5.700000 -19.291287
5.710000 -19.291344
5.720000 -19.291373
5.730000 -19.291386
5.740000 -19.291400
5.750000 -19.291444
5.760000 -19.291504
5.770000 -19.291553
5.780000 -19.291581
5.790000 -19.291596
5.800000 -19.291609
5.810000 -19.291664
5.820000 -19.291727
5.830000 -19.291755
5.840000 -19.291794
5.850000 -19.291817
5.860000 -19.291848
5.870000 -19.291888
5.880000 -19.291930
5.890000 -19.291965
5.900000 -19.291996
5.910000 -19.292039
5.920000 -19.292078
5.930000 -19.292122
5.940000 -19.292146
5.950000 -19.292184
5.960000 -19.292214
5.970000 -19.292268
5.980000 -19.292321
5.990000 -19.292344
6.000000 -19.292368
6.010000 -19.292393
6.020000 -19.292447
6.030000 -19.292500
6.040000 -19.292546
6.050000 -19.292571
6.060000 -19.292588
6.070000 -19.292620
6.080000 -19.292673
6.090000 -19.292740
6.100000 -19.292778
6.110000 -19.292791
6.120000 -19.292811
6.130000 -19.292847
6.140000 -19.292910
6.150000 -19.292968
6.160000 -19.293009
6.170000 -19.293021
6.180000 -19.293037
6.190000 -19.293081
6.200000 -19.293140
6.210000 -19.293198
6.220000 -19.293231
6.230000 -19.293246
6.240000 -19.293272
6.250000 -19.293314
6.260000 -19.293373
6.270000 -19.293420
6.280000 -19.293447
6.290000 -19.293468
6.300000 -19.293508
6.310000 -19.293551
6.320000 -19.293603
6.330000 -19.293643
6.340000 -19.293679
6.350000 -19.293713
6.360000 -19.293751
6.370000 -19.293791
6.380000 -19.293833
6.390000 -19.293870
6.400000 -19.293906
6.410000 -19.293952
6.420000 -19.294000
6.430000 -19.294039
6.440000 -19.294065
6.450000 -19.294099
6.460000 -19.294146
6.470000 -19.294202
6.480000 -19.294249
6.490000 -19.294278
6.500000 -19.294298
6.510000 -19.294334
6.520000 -19.294390
6.530000 -19.294452
6.540000 -19.294504
6.550000 -19.294513
6.560000 -19.294538
6.570000 -19.294572
6.580000 -19.294635
6.590000 -19.294698
6.600000 -19.294741
6.610000 -19.294756
6.620000 -19.294778
6.630000 -19.294822
6.640000 -19.294884
6.650000 -19.294930
6.660000 -19.294975
6.670000 -19.294992
6.680000 -19.295019
6.690000 -19.295070
6.700000 -19.295131
6.710000 -19.295175
6.720000 -19.295212
6.730000 -19.295234
6.740000 -19.295275
6.750000 -19.295321
6.760000 -19.295372
6.770000 -19.295411
6.780000 -19.295452
6.790000 -19.295488
6.800000 -19.295528
6.810000 -19.295575
6.820000 -19.295613
6.830000 -19.295654
6.840000 -19.295694
6.850000 -19.295744
6.860000 -19.295787
6.870000 -19.295828
6.880000 -19.295860
6.890000 -19.295898
6.900000 -19.295946
6.910000 -19.296001
6.920000 -19.296052
6.930000 -19.296084
6.940000 -19.296116
6.950000 -19.296149
6.960000 -19.296207
6.970000 -19.296259
6.980000 -19.296313
6.990000 -19.296340
7.000000 -19.296364
7.010000 -19.296402
7.020000 -19.296463
7.030000 -19.296522
7.040000 -19.296566
7.050000 -19.296589
7.060000 -19.296612
7.070000 -19.296664
7.080000 -19.296720
7.090000 -19.296781
7.100000 -19.296816
7.110000 -19.296845
7.120000 -19.296876
7.130000 -19.296921
7.140000 -19.296977
7.150000 -19.297030
7.160000 -19.297064
7.170000 -19.297099
7.180000 -19.297139
7.190000 -19.297187
7.200000 -19.297234
7.210000 -19.297276
7.220000 -19.297316
7.230000 -19.297363
7.240000 -19.297409
7.250000 -19.297451
7.260000 -19.297495
7.270000 -19.297528
7.280000 -19.297576
7.290000 -19.297627
7.300000 -19.297683
7.310000 -19.297723
7.320000 -19.297751
7.330000 -19.297788
7.340000 -19.297844
7.350000 -19.297897
7.360000 -19.297954
7.370000 -19.297990
7.380000 -19.298016
7.390000 -19.298058
7.400000 -19.298109
7.410000 -19.298174
7.420000 -19.298226
7.430000 -19.298256
7.440000 -19.298281
7.450000 -19.298320
7.460000 -19.298379
7.470000 -19.298446
7.480000 -19.298491
7.490000 -19.298521
7.500000 -19.298551
7.510000 -19.298592
7.520000 -19.298653
7.530000 -19.298704
7.540000 -19.298751
7.550000 -19.298784
7.560000 -19.298821
7.570000 -19.298869
7.580000 -19.298921
7.590000 -19.298972
7.600000 -19.299010
7.610000 -19.299058
7.620000 -19.299099
7.630000 -19.299150
7.640000 -19.299192
7.650000 -19.299231
7.660000 -19.299276
7.670000 -19.299330
7.680000 -19.299385
7.690000 -19.299428
7.700000 -19.299469
7.710000 -19.299505
7.720000 -19.299553
7.730000 -19.299606
7.740000 -19.299667
7.750000 -19.299712
7.760000 -19.299743
7.770000 -19.299786
7.780000 -19.299826
7.790000 -19.299889
7.800000 -19.299952
7.810000 -19.299989
7.820000 -19.300021
7.830000 -19.300058
7.840000 -19.300116
7.850000 -19.300173
7.860000 -19.300226
7.870000 -19.300259
7.880000 -19.300291
7.890000 -19.300336
7.900000 -19.300389
7.910000 -19.300447
7.920000 -19.300491
7.930000 -19.300532
7.940000 -19.300579
7.950000 -19.300618
7.960000 -19.300675
7.970000 -19.300721
7.980000 -19.300772
7.990000 -19.300812
8.000000 -19.300862
8.010000 -19.300912
8.020000 -19.300954
8.030000 -19.300995
8.040000 -19.301046
8.050000 -19.301095
8.060000 -19.301154
8.070000 -19.301202
8.080000 -19.301249
8.090000 -19.301282
8.100000 -19.301325
8.110000 -19.301387
8.120000 -19.301458
8.130000 -19.301500
8.140000 -19.301529
8.150000 -19.301564
8.160000 -19.301616
8.170000 -19.301679
8.180000 -19.301739
8.190000 -19.301787
8.200000 -19.301817
8.210000 -19.301856
8.220000 -19.301904
8.230000 -19.301967
8.240000 -19.302017
8.250000 -19.302074
8.260000 -19.302104
8.270000 -19.302147
8.280000 -19.302202
8.290000 -19.302255
8.300000 -19.302309
8.310000 -19.302351
8.320000 -19.302399
8.330000 -19.302446
8.340000 -19.302493
8.350000 -19.302542
8.360000 -19.302584
8.370000 -19.302634
8.380000 -19.302692
8.390000 -19.302742
8.400000 -19.302786
8.410000 -19.302829
8.420000 -19.302877
8.430000 -19.302929
8.440000 -19.302986
8.450000 -19.303041
8.460000 -19.303089
8.470000 -19.303119
8.480000 -19.303172
8.490000 -19.303224
8.500000 -19.303288
8.510000 -19.303342
8.520000 -19.303380
8.530000 -19.303421
8.540000 -19.303470
8.550000 -19.303527
8.560000 -19.303585
8.570000 -19.303641
8.580000 -19.303673
8.590000 -19.303731
8.600000 -19.303762
8.610000 -19.303825
8.620000 -19.303883
8.630000 -19.303935
8.640000 -19.303967
8.650000 -19.304017
8.660000 -19.304068
8.670000 -19.304120
8.680000 -19.304173
8.690000 -19.304216
8.700000 -19.304271
8.710000 -19.304322
8.720000 -19.304372
8.730000 -19.304419
8.740000 -19.304470
8.750000 -19.304517
8.760000 -19.304569
8.770000 -19.304637
8.780000 -19.304686
8.790000 -19.304730
8.800000 -19.304765
8.810000 -19.304816
8.820000 -19.304888
8.830000 -19.304948
8.840000 -19.304991
8.850000 -19.305028
8.860000 -19.305067
8.870000 -19.305125
8.880000 -19.305184
8.890000 -19.305245
8.900000 -19.305295
8.910000 -19.305332
8.920000 -19.305377
8.930000 -19.305439
8.940000 -19.305492
8.950000 -19.305551
8.960000 -19.305590
8.970000 -19.305639
8.980000 -19.305692
8.990000 -19.305748
9.000000 -19.305792
9.010000 -19.305846
9.020000 -19.305894
9.030000 -19.305950
9.040000 -19.305999
9.050000 -19.306056
9.060000 -19.306096
9.070000 -19.306150
9.080000 -19.306205
9.090000 -19.306259
9.100000 -19.306319
9.110000 -19.306369
9.120000 -19.306406
9.130000 -19.306455
9.140000 -19.306510
9.150000 -19.306579
9.160000 -19.306633
9.170000 -19.306679
9.180000 -19.306719
9.190000 -19.306765
9.200000 -19.306826
9.210000 -19.306896
9.220000 -19.306949
9.230000 -19.306990
9.240000 -19.307031
9.250000 -19.307087
9.260000 -19.307144
9.270000 -19.307208
9.280000 -19.307251
9.290000 -19.307301
9.300000 -19.307347
9.310000 -19.307401
9.320000 -19.307449
9.330000 -19.307507
9.340000 -19.307560
9.350000 -19.307611
9.360000 -19.307669
9.370000 -19.307725
9.380000 -19.307776
9.390000 -19.307822
9.400000 -19.307878
9.410000 -19.307934
9.420000 -19.307996
9.430000 -19.308049
9.440000 -19.308098
9.450000 -19.308131
9.460000 -19.308194
9.470000 -19.308259
9.480000 -19.308316
9.500000 -19.308414
9.510000 -19.308467
9.520000 -19.308512
9.530000 -19.308575
9.540000 -19.308631
9.550000 -19.308687
9.560000 -19.308732
9.570000 -19.308770
9.580000 -19.308831
9.590000 -19.308889
9.600000 -19.308945
9.610000 -19.308998
9.620000 -19.309044
9.630000 -19.309103
9.640000 -19.309152
9.650000 -19.309213
9.660000 -19.309258
9.670000 -19.309314
9.680000 -19.309378
9.690000 -19.309432
9.700000 -19.309486
9.710000 -19.309530
9.720000 -19.309584
9.730000 -19.309639
9.740000 -19.309700
9.750000 -19.309757
9.760000 -19.309813
9.770000 -19.309853
9.780000 -19.309904
9.790000 -19.309962
9.800000 -19.310029
9.810000 -19.310085
9.820000 -19.310136
9.830000 -19.310176
9.840000 -19.310234
9.850000 -19.310295
9.860000 -19.310353
9.870000 -19.310414
9.880000 -19.310454
9.890000 -19.310508
9.900000 -19.310567
9.910000 -19.310615
9.920000 -19.310680
9.930000 -19.310733
9.940000 -19.310781
9.950000 -19.310842
9.960000 -19.310897
9.970000 -19.310948
9.980000 -19.310997
9.990000 -19.311049
10.000000 -19.311112
