0.00 -1355542.15933383
0.01 -1355542.18013098
0.02 -1355542.25894274
0.03 -1355542.37694631
0.04 -1355542.53282669
0.05 -1355542.7194805
0.06 -1355543.00013538
0.07 -1355543.30119056
0.08 -1355543.64775863
0.09 -1355544.0036245
0.10 -1355544.41865724
0.11 -1355544.85314379
0.12 -1355545.28911205
0.13 -1355545.74201609
0.14 -1355546.22215357
0.15 -1355546.72807884
0.16 -1355547.24130295
0.17 -1355547.72340535
0.18 -1355548.2086208
0.19 -1355548.68026395
0.20 -1355549.14855343
0.21 -1355549.58297817
0.22 -1355550.0011329
0.23 -1355550.37538928
0.24 -1355550.74072925
0.25 -1355551.0192646
0.26 -1355551.2857063
0.27 -1355551.51159177
0.28 -1355551.66266468
0.29 -1355551.77126882
0.30 -1355551.8308057
0.31 -1355551.8208768
0.32 -1355551.73331254
0.33 -1355551.62048886
0.34 -1355551.43835982
0.35 -1355551.17248505
0.36 -1355550.88259743
0.37 -1355550.52354511
0.38 -1355550.1140791
0.39 -1355549.62069755
0.40 -1355549.08897387
0.41 -1355548.50800065
0.42 -1355547.88004616
0.43 -1355547.205153
0.44 -1355546.48426324
0.45 -1355545.73165604
0.46 -1355544.9660532
0.47 -1355544.13992024
0.48 -1355543.318781
0.49 -1355542.48311552
0.50 -1355541.65043326
0.51 -1355540.78337899
0.52 -1355539.9198407
0.53 -1355539.09428242
0.54 -1355538.25036769
0.55 -1355537.44010585
0.56 -1355536.62537901
0.57 -1355535.86735199
0.58 -1355535.145868
0.59 -1355534.48586519
0.60 -1355533.82511267
0.61 -1355533.16980533
0.62 -1355532.67032122
0.63 -1355532.15954596
0.64 -1355531.7074224
0.65 -1355531.3079969
0.66 -1355530.95916853
0.67 -1355530.68871709
0.68 -1355530.46363118
0.69 -1355530.31803203
0.70 -1355530.21695095
0.71 -1355530.18985623
0.72 -1355530.22907249
0.73 -1355530.2835863
0.74 -1355530.40151875
0.75 -1355530.60623788
0.76 -1355530.80442068
0.77 -1355531.09025109
0.78 -1355531.3947652
0.79 -1355531.76091479
0.80 -1355532.16857203
0.81 -1355532.59246807
0.82 -1355533.04433867
0.83 -1355533.5541729
0.84 -1355534.0489127
0.85 -1355534.56566345
0.86 -1355535.11758369
0.87 -1355535.66267214
0.88 -1355536.2072093
0.89 -1355536.76227302
0.90 -1355537.32062083
0.91 -1355537.84922044
0.92 -1355538.38223393
0.93 -1355538.89868372
0.94 -1355539.39687338
0.95 -1355539.88493424
0.96 -1355540.32647321
0.97 -1355540.75546732
0.98 -1355541.16700924
0.99 -1355541.52405509
1.00 -1355541.86025071
1.01 -1355542.17514326
1.02 -1355542.45419915
1.03 -1355542.69981277
1.04 -1355542.89857584
1.05 -1355543.06707575
1.06 -1355543.2182129
1.07 -1355543.3235808
1.08 -1355543.4022062
1.09 -1355543.45074257
1.10 -1355543.48197509
1.11 -1355543.46324453
1.12 -1355543.42691777
1.13 -1355543.37025588
1.14 -1355543.28149303
1.15 -1355543.18994872
1.16 -1355543.06513826
1.17 -1355542.92409102
1.18 -1355542.77690535
1.19 -1355542.60512632
1.20 -1355542.44752545
1.21 -1355542.30285727
1.22 -1355542.07226076
1.23 -1355541.92267697
1.24 -1355541.70932396
1.25 -1355541.55618626
1.26 -1355541.38266849
1.27 -1355541.23127025
1.28 -1355541.10754006
1.29 -1355540.96334765
1.30 -1355540.84986431
1.31 -1355540.76223914
1.32 -1355540.68331857
1.33 -1355540.6233796
1.34 -1355540.59511494
1.35 -1355540.58391502
1.36 -1355540.57899835
1.37 -1355540.58897429
1.38 -1355540.64049833
1.39 -1355540.68432974
1.40 -1355540.77016156
1.41 -1355540.84634263
1.42 -1355540.92924254
1.43 -1355541.04701029
1.44 -1355541.1525512
1.45 -1355541.25651926
1.46 -1355541.38630831
1.47 -1355541.51894004
1.48 -1355541.65544457
1.49 -1355541.77771959
1.50 -1355541.89464465
1.51 -1355542.03353835
1.52 -1355542.16491737
1.53 -1355542.27479334
1.54 -1355542.39382058
1.55 -1355542.50476683
1.56 -1355542.61089224
1.57 -1355542.70577568
1.58 -1355542.81267815
1.59 -1355542.87999692
1.60 -1355542.9783247
1.61 -1355543.03354274
1.62 -1355543.08868197
1.63 -1355543.12739007
1.64 -1355543.16472046
1.65 -1355543.21721151
1.66 -1355543.24205448
1.67 -1355543.23413209
1.68 -1355543.22952735
1.69 -1355543.24902813
1.70 -1355543.20498377
1.71 -1355543.17024883
1.72 -1355543.13009738
1.73 -1355543.08237664
1.74 -1355543.02616117
1.75 -1355542.95104671
1.76 -1355542.86596157
1.77 -1355542.77857836
1.78 -1355542.70683912
1.79 -1355542.6025028
1.80 -1355542.51293657
1.81 -1355542.40777371
1.82 -1355542.29081471
1.83 -1355542.18659538
1.84 -1355542.08749028
1.85 -1355541.98689147
1.86 -1355541.90090568
1.87 -1355541.80728795
1.88 -1355541.72955014
1.89 -1355541.66228918
1.90 -1355541.59479957
1.91 -1355541.55489125
1.92 -1355541.5458949
1.93 -1355541.50213386
1.94 -1355541.48777056
1.95 -1355541.49846236
1.96 -1355541.52831936
1.97 -1355541.55812772
1.98 -1355541.61365848
1.99 -1355541.68159284
2.00 -1355541.74092499
2.01 -1355541.83419752
2.02 -1355541.93085187
2.03 -1355542.02935239
2.04 -1355542.14809477
2.05 -1355542.2537285
2.06 -1355542.38532976
2.07 -1355542.48878194
2.08 -1355542.61550433
2.09 -1355542.72653922
2.10 -1355542.83528805
2.11 -1355542.94941843
2.12 -1355543.04227847
2.13 -1355543.12818727
2.14 -1355543.21061166
2.15 -1355543.27747397
2.16 -1355543.32342049
2.17 -1355543.36992001
2.18 -1355543.40950266
2.19 -1355543.43641653
2.20 -1355543.44581122
2.21 -1355543.43739772
2.22 -1355543.42311799
2.23 -1355543.41063386
2.24 -1355543.38488371
2.25 -1355543.33743011
2.26 -1355543.27839825
2.27 -1355543.24360102
2.28 -1355543.16884799
2.29 -1355543.10306797
2.30 -1355543.04153628
2.31 -1355542.97210971
2.32 -1355542.89602565
2.33 -1355542.82108711
2.34 -1355542.75142447
2.35 -1355542.68990785
2.36 -1355542.61163342
2.37 -1355542.54391093
2.38 -1355542.45585067
2.39 -1355542.42272637
2.40 -1355542.36204273
2.41 -1355542.2960513
2.42 -1355542.23880791
2.43 -1355542.21417424
2.44 -1355542.1604901
2.45 -1355542.1186364
2.46 -1355542.07838268
2.47 -1355542.07056577
2.48 -1355542.04661381
2.49 -1355542.03940332
2.50 -1355542.06128072
2.51 -1355542.05764507
2.52 -1355542.08027856
2.53 -1355542.09907963
2.54 -1355542.12642424
2.55 -1355542.18019675
2.56 -1355542.21339951
2.57 -1355542.26744594
2.58 -1355542.33072017
2.59 -1355542.39029995
2.60 -1355542.46317164
2.61 -1355542.53349943
2.62 -1355542.61666852
2.63 -1355542.69409375
2.64 -1355542.78156017
2.65 -1355542.85838032
2.66 -1355542.9440543
2.67 -1355543.01949889
2.68 -1355543.12291595
2.69 -1355543.17001191
2.70 -1355543.23766573
2.71 -1355543.28880153
2.72 -1355543.3386196
2.73 -1355543.39112449
2.74 -1355543.44984035
2.75 -1355543.46791521
2.76 -1355543.48792084
2.77 -1355543.51587165
2.78 -1355543.50764395
2.79 -1355543.51414955
2.80 -1355543.48732969
2.81 -1355543.4750889
2.82 -1355543.4408
2.83 -1355543.41081444
2.84 -1355543.37432252
2.85 -1355543.31717442
2.86 -1355543.27195212
2.87 -1355543.20720721
2.88 -1355543.15961788
2.89 -1355543.08185232
2.90 -1355543.02574584
2.91 -1355542.97304577
2.92 -1355542.91508062
2.93 -1355542.8457781
2.94 -1355542.77483886
2.95 -1355542.71697394
2.96 -1355542.65432023
2.97 -1355542.59864359
2.98 -1355542.54721374
2.99 -1355542.48585988
3.00 -1355542.45201613
3.01 -1355542.40790093
3.02 -1355542.38045238
3.03 -1355542.36352918
3.04 -1355542.34141785
3.05 -1355542.31614349
3.06 -1355542.31813508
3.07 -1355542.31258892
3.08 -1355542.32877938
3.09 -1355542.3373072
3.10 -1355542.38588923
3.11 -1355542.40434666
3.12 -1355542.43729103
3.13 -1355542.47197285
3.14 -1355542.53264018
3.15 -1355542.57420061
3.16 -1355542.64638876
3.17 -1355542.70910962
3.18 -1355542.78629631
3.19 -1355542.84872588
3.20 -1355542.90535834
3.21 -1355542.96334251
3.22 -1355543.04255381
3.23 -1355543.1132406
3.24 -1355543.17010398
3.25 -1355543.23628938
3.26 -1355543.30100239
3.27 -1355543.34843708
3.28 -1355543.41547606
3.29 -1355543.46464943
3.30 -1355543.51688546
3.31 -1355543.53991177
3.32 -1355543.58516342
3.33 -1355543.58907044
3.34 -1355543.62445242
3.35 -1355543.63666184
3.36 -1355543.64832852
3.37 -1355543.64946716
3.38 -1355543.63771218
3.39 -1355543.6217691
3.40 -1355543.60036396
3.41 -1355543.54917682
3.42 -1355543.52128808
3.43 -1355543.47435358
3.44 -1355543.42062408
3.45 -1355543.36437324
3.46 -1355543.27042512
3.47 -1355543.24272116
3.48 -1355543.19350898
3.49 -1355543.11631037
3.50 -1355543.03720146
3.51 -1355542.97772356
3.52 -1355542.93638719
3.53 -1355542.86443122
3.54 -1355542.80468412
3.55 -1355542.77815181
3.56 -1355542.75050807
3.57 -1355542.69481905
3.58 -1355542.6512978
3.59 -1355542.63212458
3.60 -1355542.61648589
3.61 -1355542.62131849
3.62 -1355542.58645266
3.63 -1355542.5823881
3.64 -1355542.58037766
3.65 -1355542.56964017
3.66 -1355542.57412373
3.67 -1355542.5924516
3.68 -1355542.63619522
3.69 -1355542.65215477
3.70 -1355542.67712129
3.71 -1355542.73163061
3.72 -1355542.77987003
3.73 -1355542.80408045
3.74 -1355542.87368715
3.75 -1355542.93627881
3.76 -1355542.98381964
3.77 -1355543.03913701
3.78 -1355543.1105839
3.79 -1355543.17673655
3.80 -1355543.25830413
3.81 -1355543.33449963
3.82 -1355543.38662536
3.83 -1355543.44064874
3.84 -1355543.49154847
3.85 -1355543.56844203
3.86 -1355543.59986368
3.87 -1355543.65568398
3.88 -1355543.69032847
3.89 -1355543.71351575
3.90 -1355543.74603466
3.91 -1355543.75639978
3.92 -1355543.77039695
3.93 -1355543.7761172
3.94 -1355543.7862506
3.95 -1355543.77696725
3.96 -1355543.77371894
3.97 -1355543.75994441
3.98 -1355543.72123153
3.99 -1355543.68831711
4.00 -1355543.64333995
4.01 -1355543.61355274
4.02 -1355543.56059506
4.03 -1355543.52139354
4.04 -1355543.46671809
4.05 -1355543.39955407
4.06 -1355543.35246139
4.07 -1355543.30257689
4.08 -1355543.2412929
4.09 -1355543.18433507
4.10 -1355543.13938502
4.11 -1355543.06740565
4.12 -1355543.03950206
4.13 -1355542.99694537
4.14 -1355542.95776333
4.15 -1355542.93328615
4.16 -1355542.9076171
4.17 -1355542.86122287
4.18 -1355542.84572447
4.19 -1355542.82229771
4.20 -1355542.80093032
4.21 -1355542.80372002
4.22 -1355542.80930042
4.23 -1355542.80530879
4.24 -1355542.82794121
4.25 -1355542.83544414
4.26 -1355542.86590641
4.27 -1355542.89783761
4.28 -1355542.92481165
4.29 -1355542.97033098
4.30 -1355543.01862754
4.31 -1355543.05702346
4.32 -1355543.10243724
4.33 -1355543.15483005
4.34 -1355543.21892595
4.35 -1355543.27342089
4.36 -1355543.31950283
4.37 -1355543.38586265
4.38 -1355543.4455156
4.39 -1355543.5055244
4.40 -1355543.55580465
4.41 -1355543.61608838
4.42 -1355543.67058471
4.43 -1355543.70362049
4.44 -1355543.75896889
4.45 -1355543.79480418
4.46 -1355543.8221821
4.47 -1355543.85153416
4.48 -1355543.88392476
4.49 -1355543.90158842
4.50 -1355543.89972353
4.51 -1355543.91139452
4.52 -1355543.90790204
4.53 -1355543.88931538
4.54 -1355543.8905657
4.55 -1355543.87120627
4.56 -1355543.854513
4.57 -1355543.82908003
4.58 -1355543.78171501
4.59 -1355543.74439807
4.60 -1355543.70202384
4.61 -1355543.68054406
4.62 -1355543.6215953
4.63 -1355543.57874694
4.64 -1355543.55837514
4.65 -1355543.48351998
4.66 -1355543.44634216
4.67 -1355543.39274112
4.68 -1355543.32662732
4.69 -1355543.30343226
4.70 -1355543.27262007
4.71 -1355543.22476836
4.72 -1355543.18918635
4.73 -1355543.16346436
4.74 -1355543.14778726
4.75 -1355543.11656138
4.76 -1355543.09149259
4.77 -1355543.07368423
4.78 -1355543.06013689
4.79 -1355543.05255452
4.80 -1355543.06559447
4.81 -1355543.07836152
4.82 -1355543.0932802
4.83 -1355543.10360126
4.84 -1355543.12703055
4.85 -1355543.1518978
4.86 -1355543.18661403
4.87 -1355543.24457269
4.88 -1355543.24942485
4.89 -1355543.29338595
4.90 -1355543.33888239
4.91 -1355543.39116835
4.92 -1355543.43680055
4.93 -1355543.4688881
4.94 -1355543.54008815
4.95 -1355543.58585891
4.96 -1355543.63335473
4.97 -1355543.69032535
4.98 -1355543.73589994
4.99 -1355543.76710114
5.00 -1355543.8438591
5.01 -1355543.85871598
5.02 -1355543.89651785
5.03 -1355543.92503736
5.04 -1355543.96343771
5.05 -1355543.98197068
5.06 -1355544.00454079
5.07 -1355544.00758961
5.08 -1355544.02716162
5.09 -1355544.0152485
5.10 -1355544.0233899
5.11 -1355544.01710665
5.12 -1355544.01083419
5.13 -1355543.97665538
5.14 -1355543.96757698
5.15 -1355543.94116464
5.16 -1355543.89566924
5.17 -1355543.86908257
5.18 -1355543.85773749
5.19 -1355543.82698743
5.20 -1355543.81334395
5.21 -1355543.7538383
5.22 -1355543.71591336
5.23 -1355543.68348778
5.24 -1355543.63666163
5.25 -1355543.60846888
5.26 -1355543.57246173
5.27 -1355543.53894128
5.28 -1355543.49914669
5.29 -1355543.49203705
5.30 -1355543.45172563
5.31 -1355543.42195421
5.32 -1355543.40175103
5.33 -1355543.38744936
5.34 -1355543.37241388
5.35 -1355543.34857296
5.36 -1355543.3521612
5.37 -1355543.34246704
5.38 -1355543.35399135
5.39 -1355543.3649083
5.40 -1355543.36901074
5.41 -1355543.39543064
5.42 -1355543.38598031
5.43 -1355543.41018869
5.44 -1355543.4587212
5.45 -1355543.48993112
5.46 -1355543.50885408
5.47 -1355543.54720392
5.48 -1355543.57917589
5.49 -1355543.62746713
5.50 -1355543.66782001
5.51 -1355543.70505497
5.52 -1355543.75327221
5.53 -1355543.79400017
5.54 -1355543.83387279
5.55 -1355543.86588048
5.56 -1355543.88728027
5.57 -1355543.91636972
5.58 -1355543.96417507
5.59 -1355543.99404173
5.60 -1355544.03552509
5.61 -1355544.04397252
5.62 -1355544.07878951
5.63 -1355544.09659472
5.64 -1355544.10061329
5.65 -1355544.12272585
5.66 -1355544.124106
5.67 -1355544.12965345
5.68 -1355544.12722759
5.69 -1355544.12320448
5.70 -1355544.12010012
5.71 -1355544.10947766
5.72 -1355544.08976154
5.73 -1355544.06577443
5.74 -1355544.03749554
5.75 -1355544.02784485
5.76 -1355543.98908259
5.77 -1355543.97964934
5.78 -1355543.96273151
5.79 -1355543.92738552
5.80 -1355543.91708424
5.81 -1355543.87111753
5.82 -1355543.8783676
5.83 -1355543.79731297
5.84 -1355543.79606984
5.85 -1355543.79099749
5.86 -1355543.75034636
5.87 -1355543.74835
5.88 -1355543.73804493
5.89 -1355543.71373953
5.90 -1355543.69380699
5.91 -1355543.69610331
5.92 -1355543.70426548
5.93 -1355543.66453145
5.94 -1355543.67045984
5.95 -1355543.66719703
5.96 -1355543.67590706
5.97 -1355543.68901734
5.98 -1355543.69287716
5.99 -1355543.70984492
6.00 -1355543.73037807
6.01 -1355543.74178831
6.02 -1355543.76352731
6.03 -1355543.79868917
6.04 -1355543.8114321
6.05 -1355543.83468189
6.06 -1355543.85916157
6.07 -1355543.89833435
6.08 -1355543.91040355
6.09 -1355543.92905515
6.10 -1355543.96188991
6.11 -1355543.99699279
6.12 -1355544.03081839
6.13 -1355544.06798968
6.14 -1355544.08339609
6.15 -1355544.10568675
6.16 -1355544.14158665
6.17 -1355544.15086273
6.18 -1355544.18036047
6.19 -1355544.19352058
6.20 -1355544.2089035
6.21 -1355544.22329626
6.22 -1355544.22876695
6.23 -1355544.1968594
6.24 -1355544.23818485
6.25 -1355544.24177726
6.26 -1355544.25339771
6.27 -1355544.2226425
6.28 -1355544.23550058
6.29 -1355544.22562388
6.30 -1355544.20310968
6.31 -1355544.19509241
6.32 -1355544.19164009
6.33 -1355544.19168688
6.34 -1355544.16708396
6.35 -1355544.15980231
6.36 -1355544.14883959
6.37 -1355544.13964125
6.38 -1355544.12411615
6.39 -1355544.10745866
6.40 -1355544.07647694
6.41 -1355544.0882109
6.42 -1355544.07810046
6.43 -1355544.06980775
6.44 -1355544.0612672
6.45 -1355544.03932491
6.46 -1355544.02775266
6.47 -1355544.02253534
6.48 -1355544.02252865
6.49 -1355544.02623942
6.50 -1355544.01869916
6.51 -1355544.00145349
6.52 -1355544.03764467
6.53 -1355544.03090023
6.54 -1355544.04106641
6.55 -1355544.05530159
6.56 -1355544.06082324
6.57 -1355544.07098443
6.58 -1355544.08501672
6.59 -1355544.10054964
6.60 -1355544.10966812
6.61 -1355544.14334942
6.62 -1355544.14830381
6.63 -1355544.15774932
6.64 -1355544.19358066
6.65 -1355544.19206207
6.66 -1355544.21766273
6.67 -1355544.22805367
6.68 -1355544.2426661
6.69 -1355544.27851874
6.70 -1355544.27941989
6.71 -1355544.29321174
6.72 -1355544.30163497
6.73 -1355544.33387038
6.74 -1355544.32783333
6.75 -1355544.34462434
6.76 -1355544.35690215
6.77 -1355544.36641352
6.78 -1355544.35029395
6.79 -1355544.36551067
6.80 -1355544.35722229
6.81 -1355544.39449378
6.82 -1355544.38252207
6.83 -1355544.39288965
6.84 -1355544.37559535
6.85 -1355544.37128263
6.86 -1355544.38166522
6.87 -1355544.37478779
6.88 -1355544.37104403
6.89 -1355544.38616374
6.90 -1355544.35612655
6.91 -1355544.37012
6.92 -1355544.35984971
6.93 -1355544.35869541
6.94 -1355544.35041536
6.95 -1355544.35042253
6.96 -1355544.36108174
6.97 -1355544.36527629
6.98 -1355544.37250167
6.99 -1355544.34866158
7.00 -1355544.35345339
7.01 -1355544.37283246
7.02 -1355544.3564797
7.03 -1355544.37526976
7.04 -1355544.37769635
7.05 -1355544.37604569
7.06 -1355544.38905868
7.07 -1355544.41183356
7.08 -1355544.40506381
7.09 -1355544.41518116
7.10 -1355544.42429363
7.11 -1355544.44387212
7.12 -1355544.44826696
7.13 -1355544.44638941
7.14 -1355544.45104341
7.15 -1355544.49170212
7.16 -1355544.48179199
7.17 -1355544.51077975
7.18 -1355544.49780765
7.19 -1355544.52294833
7.20 -1355544.52135058
7.21 -1355544.5314938
7.22 -1355544.52522824
7.23 -1355544.53951996
7.24 -1355544.53520744
7.25 -1355544.5394136
7.26 -1355544.55804531
7.27 -1355544.5629592
7.28 -1355544.56901157
7.29 -1355544.56758754
7.30 -1355544.57941683
7.31 -1355544.57906052
7.32 -1355544.58761865
7.33 -1355544.5691187
7.34 -1355544.5829488
7.35 -1355544.58612767
7.36 -1355544.5780687
7.37 -1355544.58530688
7.38 -1355544.57622515
7.39 -1355544.57491621
7.40 -1355544.57151221
7.41 -1355544.56413694
7.42 -1355544.5689212
7.43 -1355544.56828233
7.44 -1355544.58258088
7.45 -1355544.57328955
7.46 -1355544.560804
7.47 -1355544.59466649
7.48 -1355544.60724299
7.49 -1355544.59036106
7.50 -1355544.61572395
7.51 -1355544.59826377
7.52 -1355544.60028642
7.53 -1355544.61507085
7.54 -1355544.64864699
7.55 -1355544.65327223
7.56 -1355544.64671124
7.57 -1355544.67242081
7.58 -1355544.69318543
7.59 -1355544.70140684
7.60 -1355544.740931
7.61 -1355544.72626791
7.62 -1355544.74529047
7.63 -1355544.77139267
7.64 -1355544.77989159
7.65 -1355544.77027599
7.66 -1355544.81377122
7.67 -1355544.80607401
7.68 -1355544.83489693
7.69 -1355544.85043875
7.70 -1355544.85724824
7.71 -1355544.86858072
7.72 -1355544.88035321
7.73 -1355544.89278444
7.74 -1355544.90858719
7.75 -1355544.91151988
7.76 -1355544.91983836
7.77 -1355544.94708116
7.78 -1355544.90618357
7.79 -1355544.92100989
7.80 -1355544.93840139
7.81 -1355544.91490674
7.82 -1355544.92058188
7.83 -1355544.91913475
7.84 -1355544.90323442
7.85 -1355544.8948373
7.86 -1355544.91265475
7.87 -1355544.89156548
7.88 -1355544.87831812
7.89 -1355544.87721895
7.90 -1355544.88403809
7.91 -1355544.85689546
7.92 -1355544.85785011
7.93 -1355544.85977528
7.94 -1355544.8338062
7.95 -1355544.83778239
7.96 -1355544.8501749
7.97 -1355544.84323521
7.98 -1355544.83991359
7.99 -1355544.83314852
8.00 -1355544.8362002
8.01 -1355544.84338329
8.02 -1355544.81729
8.03 -1355544.84338166
8.04 -1355544.86004047
8.05 -1355544.86549368
8.06 -1355544.86190431
8.07 -1355544.8832118
8.08 -1355544.90670925
8.09 -1355544.92310964
8.10 -1355544.92411741
8.11 -1355544.94996777
8.12 -1355544.95756994
8.13 -1355544.98797944
8.14 -1355544.99062903
8.15 -1355545.02020063
8.16 -1355545.04949967
8.17 -1355545.04976122
8.18 -1355545.07670711
8.19 -1355545.11547909
8.20 -1355545.13564468
8.21 -1355545.14102568
8.22 -1355545.14807544
8.23 -1355545.20311394
8.24 -1355545.21228392
8.25 -1355545.22712713
8.26 -1355545.25438687
8.27 -1355545.26908718
8.28 -1355545.27297369
8.29 -1355545.27943882
8.30 -1355545.29250179
8.31 -1355545.3173776
8.32 -1355545.32618867
8.33 -1355545.31222195
8.34 -1355545.33612085
8.35 -1355545.31874876
8.36 -1355545.32035817
8.37 -1355545.32213287
8.38 -1355545.31345412
8.39 -1355545.31210856
8.40 -1355545.30869804
8.41 -1355545.30087973
8.42 -1355545.27762763
8.43 -1355545.26594014
8.44 -1355545.23496204
8.45 -1355545.26272727
8.46 -1355545.2466637
8.47 -1355545.21604488
8.48 -1355545.22113553
8.49 -1355545.20341642
8.50 -1355545.21394441
8.51 -1355545.19350388
8.52 -1355545.17910525
8.53 -1355545.17235511
8.54 -1355545.17316191
8.55 -1355545.1576129
8.56 -1355545.15064609
8.57 -1355545.16431433
8.58 -1355545.14122304
8.59 -1355545.1609494
8.60 -1355545.15478949
8.61 -1355545.17602734
8.62 -1355545.18157068
8.63 -1355545.20294053
8.64 -1355545.205342
8.65 -1355545.21730657
8.66 -1355545.23836133
8.67 -1355545.25372004
8.68 -1355545.2820433
8.69 -1355545.27474546
8.70 -1355545.3147925
8.71 -1355545.32124467
8.72 -1355545.35272913
8.73 -1355545.35445538
8.74 -1355545.41241163
8.75 -1355545.42914221
8.76 -1355545.43523453
8.77 -1355545.47609766
8.78 -1355545.49468509
8.79 -1355545.50278165
8.80 -1355545.52368994
8.81 -1355545.56791911
8.82 -1355545.58099747
8.83 -1355545.61243575
8.84 -1355545.60936942
8.85 -1355545.63406719
8.86 -1355545.61364381
8.87 -1355545.6514693
8.88 -1355545.66007708
8.89 -1355545.67918303
8.90 -1355545.67628877
8.91 -1355545.68585334
8.92 -1355545.6755815
8.93 -1355545.70827796
8.94 -1355545.67358259
8.95 -1355545.69075451
8.96 -1355545.68216266
8.97 -1355545.6748833
8.98 -1355545.68239757
8.99 -1355545.65486235
9.00 -1355545.64449169
9.01 -1355545.65380176
9.02 -1355545.63314341
9.03 -1355545.63375143
9.04 -1355545.60687087
9.05 -1355545.60292673
9.06 -1355545.56814991
9.07 -1355545.57861153
9.08 -1355545.56478227
9.09 -1355545.5586784
9.10 -1355545.57309407
9.11 -1355545.5426554
9.12 -1355545.5279977
9.13 -1355545.542889
9.14 -1355545.5467753
9.15 -1355545.53104298
9.16 -1355545.54013333
9.17 -1355545.5319838
9.18 -1355545.53710962
9.19 -1355545.54160532
9.20 -1355545.55058712
9.21 -1355545.5579062
9.22 -1355545.57409408
9.23 -1355545.59127124
9.24 -1355545.60110536
9.25 -1355545.59856219
9.26 -1355545.62513095
9.27 -1355545.6563108
9.28 -1355545.669056
9.29 -1355545.68699347
9.30 -1355545.70298999
9.31 -1355545.71599088
9.32 -1355545.76353636
9.33 -1355545.75548448
9.34 -1355545.76908771
9.35 -1355545.8182068
9.36 -1355545.84654199
9.37 -1355545.84625672
9.38 -1355545.86790168
9.39 -1355545.89683812
9.40 -1355545.91938095
9.41 -1355545.926998
9.42 -1355545.9465107
9.43 -1355545.94456221
9.44 -1355545.9673136
9.45 -1355545.94235111
9.46 -1355545.99104007
9.47 -1355545.99096188
9.48 -1355545.99760554
9.49 -1355545.99083843
9.50 -1355546.01835417
9.51 -1355546.01722409
9.52 -1355546.009213
9.53 -1355545.9934555
9.54 -1355545.99043514
9.55 -1355546.00136359
9.56 -1355545.99920428
9.57 -1355545.98174225
9.58 -1355545.98151034
9.59 -1355545.97879072
9.60 -1355545.97216125
9.61 -1355545.96813746
9.62 -1355545.96811807
9.63 -1355545.93219858
9.64 -1355545.9462848
9.65 -1355545.95544846
9.66 -1355545.92527117
9.67 -1355545.94318317
9.68 -1355545.93445586
9.69 -1355545.94647062
9.70 -1355545.93663692
9.71 -1355545.92554771
9.72 -1355545.93277906
9.73 -1355545.92908683
9.74 -1355545.9411585
9.75 -1355545.93162469
9.76 -1355545.9530184
9.77 -1355545.95613251
9.78 -1355545.96040604
9.79 -1355545.97046031
9.80 -1355546.00790253
9.81 -1355545.98392821
9.82 -1355546.00110512
9.83 -1355546.01769095
9.84 -1355546.02942246
9.85 -1355546.04892348
9.86 -1355546.05966828
9.87 -1355546.08010144
9.88 -1355546.0977999
9.89 -1355546.10637878
9.90 -1355546.13085005
9.91 -1355546.13707817
9.92 -1355546.14468834
9.93 -1355546.16024006
9.94 -1355546.18512379
9.95 -1355546.19500703
9.96 -1355546.19626647
9.97 -1355546.22866921
9.98 -1355546.22744519
9.99 -1355546.23699914
10.00 -1355546.25259057
