0.00 -11349726.0115024
0.01 -11349726.1502704
0.02 -11349726.5308834
0.03 -11349727.137264
0.04 -11349727.9227923
0.05 -11349728.6973928
0.06 -11349729.4544274
0.07 -11349730.1036649
0.08 -11349730.5090235
0.09 -11349730.6827074
0.10 -11349730.5591376
0.11 -11349730.1415575
0.12 -11349729.4519235
0.13 -11349728.616472
0.14 -11349727.7221413
0.15 -11349726.7717367
0.16 -11349725.9864616
0.17 -11349725.4270241
0.18 -11349725.116123
0.19 -11349725.181956
0.20 -11349725.555314
0.21 -11349726.1540713
0.22 -11349727.0399361
0.23 -11349728.039253
0.24 -11349729.1153546
0.25 -11349730.0496498
0.26 -11349730.8142618
0.27 -11349731.215774
0.28 -11349731.2637442
0.29 -11349730.8461264
0.30 -11349730.0370118
0.31 -11349728.8610252
0.32 -11349727.4706323
0.33 -11349725.9792319
0.34 -11349724.5479647
0.35 -11349723.4045024
0.36 -11349722.633472
0.37 -11349722.2742327
0.38 -11349722.5171328
0.39 -11349723.2674972
0.40 -11349724.5422415
0.41 -11349726.1689042
0.42 -11349728.05834
0.43 -11349730.0049343
0.44 -11349731.7512246
0.45 -11349733.0714578
0.46 -11349733.7523723
0.47 -11349733.5242048
0.48 -11349732.3806972
0.49 -11349730.1332725
0.50 -11349726.8852431
0.51 -11349722.6024521
0.52 -11349717.6633304
0.53 -11349712.1864819
0.54 -11349706.548499
0.55 -11349701.1250888
0.56 -11349696.3298772
0.57 -11349692.470587
0.58 -11349689.7892945
0.59 -11349688.5163193
0.60 -11349688.6619669
0.61 -11349690.2823902
0.62 -11349693.3464738
0.63 -11349697.7259089
0.64 -11349703.235615
0.65 -11349709.4691856
0.66 -11349716.1158689
0.67 -11349722.758707
0.68 -11349729.0738666
0.69 -11349734.6066685
0.70 -11349739.1945948
0.71 -11349742.6294922
0.72 -11349744.7980146
0.73 -11349745.7235034
0.74 -11349745.364559
0.75 -11349744.1238779
0.76 -11349741.9298189
0.77 -11349739.2286138
0.78 -11349736.2705406
0.79 -11349733.3806214
0.80 -11349730.7243077
0.81 -11349728.6351876
0.82 -11349727.1295664
0.83 -11349726.3613237
0.84 -11349726.303438
0.85 -11349726.9119436
0.86 -11349728.033148
0.87 -11349729.516092
0.88 -11349731.2011057
0.89 -11349732.8704206
0.90 -11349734.3423736
0.91 -11349735.519692
0.92 -11349736.2488554
0.93 -11349736.5127553
0.94 -11349736.2760121
0.95 -11349735.5831896
0.96 -11349734.5392945
0.97 -11349733.2580079
0.98 -11349731.8362052
0.99 -11349730.5826201
1.00 -11349729.3675967
1.01 -11349728.4700839
1.02 -11349727.9593696
1.03 -11349727.8176167
1.04 -11349728.1176259
1.05 -11349728.7249388
1.06 -11349729.6205807
1.07 -11349730.6905421
1.08 -11349731.7495989
1.09 -11349732.7388291
1.10 -11349733.5609103
1.11 -11349734.166834
1.12 -11349734.4114785
1.13 -11349734.3790615
1.14 -11349734.0035041
1.15 -11349733.4027328
1.16 -11349732.5610433
1.17 -11349731.6583644
1.18 -11349730.6222878
1.19 -11349729.7620586
1.20 -11349729.0655272
1.21 -11349728.5979188
1.22 -11349728.5573572
1.23 -11349728.7432671
1.24 -11349729.1264346
1.25 -11349729.8101728
1.26 -11349730.4999601
1.27 -11349731.2538283
1.28 -11349732.0138185
1.29 -11349732.6874709
1.30 -11349733.2235226
1.31 -11349733.5455372
1.32 -11349733.6074365
1.33 -11349733.3861643
1.34 -11349732.9686594
1.35 -11349732.3611013
1.36 -11349731.6558708
1.37 -11349730.918271
1.38 -11349730.1973944
1.39 -11349729.5984123
1.40 -11349729.1697909
1.41 -11349728.9620334
1.42 -11349729.0312913
1.43 -11349729.3130324
1.44 -11349729.8160771
1.45 -11349730.4358332
1.46 -11349731.1166777
1.47 -11349731.7408033
1.48 -11349732.3365606
1.49 -11349732.8095234
1.50 -11349733.0805137
1.51 -11349733.1940946
1.52 -11349733.1097629
1.53 -11349732.823201
1.54 -11349732.3719273
1.55 -11349731.8146139
1.56 -11349731.1825916
1.57 -11349730.5557148
1.58 -11349729.9869444
1.59 -11349729.5678806
1.60 -11349729.3333064
1.61 -11349729.2986084
1.62 -11349729.5196702
1.63 -11349729.9271356
1.64 -11349730.4423455
1.65 -11349731.0491254
1.66 -11349731.6382022
1.67 -11349732.1481044
1.68 -11349732.5803877
1.69 -11349732.8928653
1.70 -11349733.0258152
1.71 -11349732.9858561
1.72 -11349732.821235
1.73 -11349732.5052916
1.74 -11349732.0790309
1.75 -11349731.5375131
1.76 -11349730.9525417
1.77 -11349730.3822668
1.78 -11349729.8608353
1.79 -11349729.5142639
1.80 -11349729.3825229
1.81 -11349729.5456851
1.82 -11349729.9294448
1.83 -11349730.5228768
1.84 -11349731.2262757
1.85 -11349731.9377626
1.86 -11349732.5144898
1.87 -11349732.8918137
1.88 -11349733.070927
1.89 -11349732.9996864
1.90 -11349732.7721142
1.91 -11349732.415791
1.92 -11349732.0104468
1.93 -11349731.6157676
1.94 -11349731.2845858
1.95 -11349731.023824
1.96 -11349730.8515937
1.97 -11349730.700909
1.98 -11349730.5808192
1.99 -11349730.4826675
2.00 -11349730.4668876
2.01 -11349730.5070439
2.02 -11349730.6688787
2.03 -11349730.9750422
2.04 -11349731.3560304
2.05 -11349731.7950326
2.06 -11349732.2301557
2.07 -11349732.5905341
2.08 -11349732.828483
2.09 -11349732.937601
2.10 -11349732.8477213
2.11 -11349732.6273059
2.12 -11349732.2997237
2.13 -11349731.9222914
2.14 -11349731.5673891
2.15 -11349731.202416
2.16 -11349730.9614878
2.17 -11349730.7120094
2.18 -11349730.6094009
2.19 -11349730.5827633
2.20 -11349730.7014995
2.21 -11349730.8873298
2.22 -11349731.1627357
2.23 -11349731.5078184
2.24 -11349731.9020854
2.25 -11349732.2683655
2.26 -11349732.5967933
2.27 -11349732.8582038
2.28 -11349732.972636
2.29 -11349732.9531896
2.30 -11349732.8128004
2.31 -11349732.5702637
2.32 -11349732.2403587
2.33 -11349731.9142773
2.34 -11349731.578025
2.35 -11349731.3088513
2.36 -11349731.0893969
2.37 -11349730.9521517
2.38 -11349730.9086423
2.39 -11349730.9595687
2.40 -11349731.1289002
2.41 -11349731.358347
2.42 -11349731.6628945
2.43 -11349731.9998793
2.44 -11349732.3554943
2.45 -11349732.6123803
2.46 -11349732.8229981
2.47 -11349733.0334621
2.48 -11349733.0664639
2.49 -11349732.9285583
2.50 -11349732.8053565
2.51 -11349732.5305018
2.52 -11349732.2483679
2.53 -11349731.9518243
2.54 -11349731.7084453
2.55 -11349731.4686039
2.56 -11349731.3645278
2.57 -11349731.2738654
2.58 -11349731.3253283
2.59 -11349731.4285183
2.60 -11349731.6220731
2.61 -11349731.8753788
2.62 -11349732.1632673
2.63 -11349732.4535224
2.64 -11349732.7019287
2.65 -11349732.9494767
2.66 -11349733.0662457
2.67 -11349733.1632406
2.68 -11349733.1336177
2.69 -11349732.9973808
2.70 -11349732.8338531
2.71 -11349732.5772463
2.72 -11349732.3478233
2.73 -11349732.0964288
2.74 -11349731.9491271
2.75 -11349731.7899399
2.76 -11349731.7436252
2.77 -11349731.7416601
2.78 -11349731.7894006
2.79 -11349731.9738454
2.80 -11349732.148251
2.81 -11349732.3613446
2.82 -11349732.6492459
2.83 -11349732.8806155
2.84 -11349733.0801038
2.85 -11349733.2201205
2.86 -11349733.2885424
2.87 -11349733.2990344
2.88 -11349733.2116968
2.89 -11349733.0733328
2.90 -11349732.8948505
2.91 -11349732.7164191
2.92 -11349732.5299044
2.93 -11349732.3633293
2.94 -11349732.2273175
2.95 -11349732.1797526
2.96 -11349732.182009
2.97 -11349732.2345701
2.98 -11349732.3496947
2.99 -11349732.4583603
3.00 -11349732.6892482
3.01 -11349732.8953092
3.02 -11349733.1225115
3.03 -11349733.2434749
3.04 -11349733.3754283
3.05 -11349733.4703861
3.06 -11349733.4725653
3.07 -11349733.4468157
3.08 -11349733.3356826
3.09 -11349733.2171219
3.10 -11349733.0775067
3.11 -11349732.942149
3.12 -11349732.7973003
3.13 -11349732.7184696
3.14 -11349732.689506
3.15 -11349732.6843411
3.16 -11349732.7261307
3.17 -11349732.7783085
3.18 -11349732.9129632
3.19 -11349733.0673556
3.20 -11349733.2405412
3.21 -11349733.3832893
3.22 -11349733.4926311
3.23 -11349733.5781925
3.24 -11349733.6443527
3.25 -11349733.6548139
3.26 -11349733.6888142
3.27 -11349733.6176269
3.28 -11349733.6061828
3.29 -11349733.5128441
3.30 -11349733.3569029
3.31 -11349733.2491473
3.32 -11349733.200606
3.33 -11349733.1748971
3.34 -11349733.1857851
3.35 -11349733.2953755
3.36 -11349733.3832378
3.37 -11349733.4596595
3.38 -11349733.5173094
3.39 -11349733.5844807
3.40 -11349733.682194
3.41 -11349733.7862489
3.42 -11349733.9326901
3.43 -11349733.9982645
3.44 -11349733.9912478
3.45 -11349733.9886269
3.46 -11349733.9105029
3.47 -11349733.8539593
3.48 -11349733.8132019
3.49 -11349733.8023867
3.50 -11349733.7824931
3.51 -11349733.7722816
3.52 -11349733.7882492
3.53 -11349733.8179275
3.54 -11349733.8580191
3.55 -11349733.9139149
3.56 -11349734.0018143
3.57 -11349734.0675134
3.58 -11349734.1384929
3.59 -11349734.1946155
3.60 -11349734.2486695
3.61 -11349734.2828489
3.62 -11349734.2822693
3.63 -11349734.3255483
3.64 -11349734.3037796
3.65 -11349734.2714373
3.66 -11349734.2557289
3.67 -11349734.250426
3.68 -11349734.2419547
3.69 -11349734.2479729
3.70 -11349734.3172267
3.71 -11349734.3370405
3.72 -11349734.4372846
3.73 -11349734.4795012
3.74 -11349734.5407831
3.75 -11349734.6030118
3.76 -11349734.6596121
3.77 -11349734.7286018
3.78 -11349734.7398602
3.79 -11349734.7498203
3.80 -11349734.6966901
3.81 -11349734.7542351
3.82 -11349734.7333195
3.83 -11349734.6695048
3.84 -11349734.6899442
3.85 -11349734.6796726
3.86 -11349734.6585207
3.87 -11349734.6963566
3.88 -11349734.766407
3.89 -11349734.7375049
3.90 -11349734.9578261
3.91 -11349735.0117052
3.92 -11349735.1046364
3.93 -11349735.2118043
3.94 -11349735.2836987
3.95 -11349735.3416159
3.96 -11349735.3607988
3.97 -11349735.3751287
3.98 -11349735.3318173
3.99 -11349735.2861506
4.00 -11349735.2327827
4.01 -11349735.1707375
4.02 -11349735.1400585
4.03 -11349735.1155017
4.04 -11349735.1438668
4.05 -11349735.1548477
4.06 -11349735.17156
4.07 -11349735.266662
4.08 -11349735.3720911
4.09 -11349735.4978565
4.10 -11349735.6394577
4.11 -11349735.7784859
4.12 -11349735.8702046
4.13 -11349735.9593648
4.14 -11349736.0262045
4.15 -11349736.0496764
4.16 -11349736.0295363
4.17 -11349735.9608681
4.18 -11349735.9184545
4.19 -11349735.814866
4.20 -11349735.7508841
4.21 -11349735.6980338
4.22 -11349735.6052957
4.23 -11349735.648163
4.24 -11349735.6596825
4.25 -11349735.6995741
4.26 -11349735.8057432
4.27 -11349735.9143994
4.28 -11349736.0671765
4.29 -11349736.2264082
4.30 -11349736.391421
4.31 -11349736.5315974
4.32 -11349736.6132653
4.33 -11349736.7050412
4.34 -11349736.7417287
4.35 -11349736.718959
4.36 -11349736.6067271
4.37 -11349736.5731898
4.38 -11349736.4935776
4.39 -11349736.3736435
4.40 -11349736.278076
4.41 -11349736.2380259
4.42 -11349736.2016
4.43 -11349736.2030018
4.44 -11349736.2543977
4.45 -11349736.3539279
4.46 -11349736.4838129
4.47 -11349736.6484356
4.48 -11349736.8129411
4.49 -11349736.9970984
4.50 -11349737.1503479
4.51 -11349737.2863199
4.52 -11349737.3737796
4.53 -11349737.4181538
4.54 -11349737.397878
4.55 -11349737.3574728
4.56 -11349737.272753
4.57 -11349737.1545736
4.58 -11349737.0256925
4.59 -11349736.9278035
4.60 -11349736.8938132
4.61 -11349736.8122552
4.62 -11349736.8268902
4.63 -11349736.8878827
4.64 -11349736.9440718
4.65 -11349737.0451128
4.66 -11349737.2187805
4.67 -11349737.3884066
4.68 -11349737.5949228
4.69 -11349737.736756
4.70 -11349737.8223543
4.71 -11349737.9973815
4.72 -11349738.0431684
4.73 -11349738.0951061
4.74 -11349738.0140991
4.75 -11349737.9392055
4.76 -11349737.8510835
4.77 -11349737.7323748
4.78 -11349737.6642089
4.79 -11349737.5523066
4.80 -11349737.4698626
4.81 -11349737.4662253
4.82 -11349737.4696843
4.83 -11349737.5402373
4.84 -11349737.6263027
4.85 -11349737.7907949
4.86 -11349737.9592292
4.87 -11349738.1260524
4.88 -11349738.3167046
4.89 -11349738.4862516
4.90 -11349738.573459
4.91 -11349738.6487329
4.92 -11349738.6556296
4.93 -11349738.6440838
4.94 -11349738.5961661
4.95 -11349738.4957267
4.96 -11349738.4193282
4.97 -11349738.3220863
4.98 -11349738.2454878
4.99 -11349738.1715437
5.00 -11349738.1403103
5.01 -11349738.1357356
5.02 -11349738.2032541
5.03 -11349738.2749929
5.04 -11349738.4101814
5.05 -11349738.5598896
5.06 -11349738.7157445
5.07 -11349738.8727157
5.08 -11349738.9887818
5.09 -11349739.1029792
5.10 -11349739.1807764
5.11 -11349739.247252
5.12 -11349739.255656
5.13 -11349739.185974
5.14 -11349739.1545671
5.15 -11349739.0914175
5.16 -11349738.99385
5.17 -11349738.9643047
5.18 -11349738.8871559
5.19 -11349738.8452587
5.20 -11349738.8683255
5.21 -11349738.8957432
5.22 -11349738.9365176
5.23 -11349739.063335
5.24 -11349739.1640716
5.25 -11349739.3009959
5.26 -11349739.3601249
5.27 -11349739.5403276
5.28 -11349739.6498327
5.29 -11349739.7657569
5.30 -11349739.7898857
5.31 -11349739.8092364
5.32 -11349739.7946406
5.33 -11349739.7684513
5.34 -11349739.7237213
5.35 -11349739.7175173
5.36 -11349739.6404925
5.37 -11349739.613013
5.38 -11349739.5923487
5.39 -11349739.6647294
5.40 -11349739.6501847
5.41 -11349739.7058699
5.42 -11349739.76661
5.43 -11349739.8714366
5.44 -11349739.9493888
5.45 -11349740.0484118
5.46 -11349740.1227955
5.47 -11349740.2619818
5.48 -11349740.280004
5.49 -11349740.3246509
5.50 -11349740.3727827
5.51 -11349740.3730135
5.52 -11349740.3694746
5.53 -11349740.3603716
5.54 -11349740.359537
5.55 -11349740.3430619
5.56 -11349740.3431751
5.57 -11349740.3881784
5.58 -11349740.3994232
5.59 -11349740.4433785
5.60 -11349740.4812036
5.61 -11349740.5474778
5.62 -11349740.5853193
5.63 -11349740.6839706
5.64 -11349740.7345902
5.65 -11349740.8269345
5.66 -11349740.8702222
5.67 -11349740.8956183
5.68 -11349740.9034549
5.69 -11349740.9510646
5.70 -11349740.9818067
5.71 -11349740.9855241
5.72 -11349740.9764088
5.73 -11349741.0449136
5.74 -11349741.0641686
5.75 -11349741.1116171
5.76 -11349741.1600434
5.77 -11349741.2408954
5.78 -11349741.2905465
5.79 -11349741.335165
5.80 -11349741.3586378
5.81 -11349741.4413474
5.82 -11349741.4592042
5.83 -11349741.5173249
5.84 -11349741.5485945
5.85 -11349741.5680414
5.86 -11349741.5514295
5.87 -11349741.5780472
5.88 -11349741.5827025
5.89 -11349741.6056576
5.90 -11349741.6267957
5.91 -11349741.6897234
5.92 -11349741.7131072
5.93 -11349741.8188429
5.94 -11349741.8902454
5.95 -11349741.9839709
5.96 -11349742.0774132
5.97 -11349742.1302448
5.98 -11349742.2487281
5.99 -11349742.29486
6.00 -11349742.3418084
6.01 -11349742.3773055
6.02 -11349742.3824921
6.03 -11349742.3510202
6.04 -11349742.3442255
6.05 -11349742.3377337
6.06 -11349742.3065153
6.07 -11349742.2869094
6.08 -11349742.2890628
6.09 -11349742.3213194
6.10 -11349742.4001574
6.11 -11349742.4585314
6.12 -11349742.5557273
6.13 -11349742.6561245
6.14 -11349742.7746599
6.15 -11349742.9048641
6.16 -11349743.0100996
6.17 -11349743.104635
6.18 -11349743.1817702
6.19 -11349743.2187059
6.20 -11349743.2444406
6.21 -11349743.2716823
6.22 -11349743.2347505
6.23 -11349743.177356
6.24 -11349743.1623499
6.25 -11349743.1032701
6.26 -11349743.0986744
6.27 -11349743.0919557
6.28 -11349743.1172704
6.29 -11349743.1586821
6.30 -11349743.2301721
6.31 -11349743.3664132
6.32 -11349743.4482405
6.33 -11349743.5536374
6.34 -11349743.7009075
6.35 -11349743.8382226
6.36 -11349743.9327241
6.37 -11349744.0332024
6.38 -11349744.0853781
6.39 -11349744.170596
6.40 -11349744.1151353
6.41 -11349744.0556607
6.42 -11349744.0522801
6.43 -11349744.0422458
6.44 -11349743.9778968
6.45 -11349743.9411702
6.46 -11349743.9208046
6.47 -11349743.957587
6.48 -11349743.9645074
6.49 -11349744.0087682
6.50 -11349744.1178912
6.51 -11349744.2365721
6.52 -11349744.3506272
6.53 -11349744.4678224
6.54 -11349744.6019928
6.55 -11349744.7232866
6.56 -11349744.8374573
6.57 -11349744.9079159
6.58 -11349744.9534259
6.59 -11349744.9924428
6.60 -11349744.9517206
6.61 -11349744.930595
6.62 -11349744.887401
6.63 -11349744.8748245
6.64 -11349744.8126701
6.65 -11349744.8287086
6.66 -11349744.7746195
6.67 -11349744.8026234
6.68 -11349744.8402803
6.69 -11349744.926978
6.70 -11349745.0352414
6.71 -11349745.1507663
6.72 -11349745.250718
6.73 -11349745.390838
6.74 -11349745.5121381
6.75 -11349745.5905687
6.76 -11349745.6895252
6.77 -11349745.7105378
6.78 -11349745.7260018
6.79 -11349745.7406261
6.80 -11349745.7481465
6.81 -11349745.7298292
6.82 -11349745.7186838
6.83 -11349745.6945921
6.84 -11349745.679255
6.85 -11349745.6848465
6.86 -11349745.7005146
6.87 -11349745.7454249
6.88 -11349745.7973332
6.89 -11349745.8883539
6.90 -11349745.9744615
6.91 -11349746.0462762
6.92 -11349746.1551362
6.93 -11349746.2652587
6.94 -11349746.3551397
6.95 -11349746.4060614
6.96 -11349746.451971
6.97 -11349746.5065915
6.98 -11349746.5381514
6.99 -11349746.5434137
7.00 -11349746.5640949
7.01 -11349746.55922
7.02 -11349746.5274476
7.03 -11349746.5450311
7.04 -11349746.5960307
7.05 -11349746.6075961
7.06 -11349746.6826912
7.07 -11349746.7214189
7.08 -11349746.7763873
7.09 -11349746.8734397
7.10 -11349746.9256101
7.11 -11349747.0005867
7.12 -11349747.0597017
7.13 -11349747.1272244
7.14 -11349747.2078277
7.15 -11349747.2261324
7.16 -11349747.2474419
7.17 -11349747.2981366
7.18 -11349747.3303652
7.19 -11349747.3702675
7.20 -11349747.410501
7.21 -11349747.4391897
7.22 -11349747.4856561
7.23 -11349747.5456701
7.24 -11349747.5999219
7.25 -11349747.6566482
7.26 -11349747.7342053
7.27 -11349747.7473997
7.28 -11349747.8110325
7.29 -11349747.8643704
7.30 -11349747.8896032
7.31 -11349747.9218665
7.32 -11349747.9672352
7.33 -11349748.0129051
7.34 -11349748.049969
7.35 -11349748.0572932
7.36 -11349748.0801388
7.37 -11349748.1461318
7.38 -11349748.1974971
7.39 -11349748.2588568
7.40 -11349748.3192872
7.41 -11349748.4129954
7.42 -11349748.4977727
7.43 -11349748.5961581
7.44 -11349748.6632064
7.45 -11349748.7301813
7.46 -11349748.7711559
7.47 -11349748.8594243
7.48 -11349748.8765316
7.49 -11349748.8861362
7.50 -11349748.9185421
7.51 -11349748.9029848
7.52 -11349748.9111817
7.53 -11349748.9341487
7.54 -11349748.9250377
7.55 -11349749.0127138
7.56 -11349749.0192886
7.57 -11349749.0778742
7.58 -11349749.1633663
7.59 -11349749.218917
7.60 -11349749.3570949
7.61 -11349749.4792406
7.62 -11349749.5654593
7.63 -11349749.6831814
7.64 -11349749.7715162
7.65 -11349749.8310409
7.66 -11349749.8718718
7.67 -11349749.9106332
7.68 -11349749.912071
7.69 -11349749.8737565
7.70 -11349749.8968834
7.71 -11349749.8891409
7.72 -11349749.8903707
7.73 -11349749.8729504
7.74 -11349749.8970973
7.75 -11349749.9313242
7.76 -11349750.0003852
7.77 -11349750.0849787
7.78 -11349750.1398927
7.79 -11349750.2432319
7.80 -11349750.3670062
7.81 -11349750.4920364
7.82 -11349750.6250774
7.83 -11349750.7332859
7.84 -11349750.8047171
7.85 -11349750.8302155
7.86 -11349750.8832233
7.87 -11349750.9052396
7.88 -11349750.9031623
7.89 -11349750.8811006
7.90 -11349750.8733802
7.91 -11349750.8778947
7.92 -11349750.854967
7.93 -11349750.9217793
7.94 -11349750.9049619
7.95 -11349750.9367962
7.96 -11349751.0081506
7.97 -11349751.0839962
7.98 -11349751.1874482
7.99 -11349751.2920237
8.00 -11349751.4356077
8.01 -11349751.5540132
8.02 -11349751.5866198
8.03 -11349751.7138131
8.04 -11349751.7602914
8.05 -11349751.8024224
8.06 -11349751.8442064
8.07 -11349751.8418064
8.08 -11349751.9174267
8.09 -11349751.8600897
8.10 -11349751.842173
8.11 -11349751.8750212
8.12 -11349751.841308
8.13 -11349751.9218712
8.14 -11349751.9485488
8.15 -11349752.004157
8.16 -11349752.0811166
8.17 -11349752.1607502
8.18 -11349752.2346247
8.19 -11349752.3372981
8.20 -11349752.4271593
8.21 -11349752.4894433
8.22 -11349752.5788473
8.23 -11349752.6446416
8.24 -11349752.7063551
8.25 -11349752.8224858
8.26 -11349752.7961373
8.27 -11349752.8364075
8.28 -11349752.8442687
8.29 -11349752.8523488
8.30 -11349752.8928621
8.31 -11349752.9059569
8.32 -11349752.9065799
8.33 -11349753.0137007
8.34 -11349753.0430283
8.35 -11349753.1015247
8.36 -11349753.1882234
8.37 -11349753.2252532
8.38 -11349753.3112848
8.39 -11349753.3829616
8.40 -11349753.4066662
8.41 -11349753.4601183
8.42 -11349753.5486352
8.43 -11349753.6052787
8.44 -11349753.6881284
8.45 -11349753.7257388
8.46 -11349753.7715202
8.47 -11349753.7820947
8.48 -11349753.8395669
8.49 -11349753.8431345
8.50 -11349753.957616
8.51 -11349754.0200798
8.52 -11349754.097373
8.53 -11349754.1459685
8.54 -11349754.2288264
8.55 -11349754.2838835
8.56 -11349754.311529
8.57 -11349754.3756932
8.58 -11349754.3844698
8.59 -11349754.4111452
8.60 -11349754.4585508
8.61 -11349754.5076111
8.62 -11349754.5445915
8.63 -11349754.6368067
8.64 -11349754.613215
8.65 -11349754.6893457
8.66 -11349754.7496542
8.67 -11349754.8441091
8.68 -11349754.9395431
8.69 -11349755.031259
8.70 -11349755.0992814
8.71 -11349755.1920122
8.72 -11349755.2381969
8.73 -11349755.3265684
8.74 -11349755.3828662
8.75 -11349755.4590757
8.76 -11349755.4469825
8.77 -11349755.4939194
8.78 -11349755.5057934
8.79 -11349755.5078858
8.80 -11349755.5281919
8.81 -11349755.5554029
8.82 -11349755.6089113
8.83 -11349755.6687797
8.84 -11349755.7031326
8.85 -11349755.7626717
8.86 -11349755.8075437
8.87 -11349755.9422325
8.88 -11349756.0318053
8.89 -11349756.1699556
8.90 -11349756.2652732
8.91 -11349756.3493706
8.92 -11349756.4097477
8.93 -11349756.479493
8.94 -11349756.5205846
8.95 -11349756.5990107
8.96 -11349756.6055085
8.97 -11349756.586765
8.98 -11349756.6238739
8.99 -11349756.5933717
9.00 -11349756.605181
9.01 -11349756.6867567
9.02 -11349756.6492012
9.03 -11349756.7299363
9.04 -11349756.7928248
9.05 -11349756.9027405
9.06 -11349756.9735452
9.07 -11349757.0793418
9.08 -11349757.1815094
9.09 -11349757.3052533
9.10 -11349757.3679033
9.11 -11349757.4625537
9.12 -11349757.552651
9.13 -11349757.5906957
9.14 -11349757.613918
9.15 -11349757.6827583
9.16 -11349757.6551637
9.17 -11349757.682867
9.18 -11349757.7030805
9.19 -11349757.7212295
9.20 -11349757.7389149
9.21 -11349757.7877757
9.22 -11349757.8684553
9.23 -11349757.896357
9.24 -11349757.9389549
9.25 -11349758.0648097
9.26 -11349758.120397
9.27 -11349758.2322641
9.28 -11349758.2843557
9.29 -11349758.3866844
9.30 -11349758.432341
9.31 -11349758.53854
9.32 -11349758.5951038
9.33 -11349758.6262857
9.34 -11349758.6963478
9.35 -11349758.7171945
9.36 -11349758.7465843
9.37 -11349758.7702222
9.38 -11349758.8373214
9.39 -11349758.8548109
9.40 -11349758.9159952
9.41 -11349758.9442864
9.42 -11349759.0453955
9.43 -11349759.0978419
9.44 -11349759.1103084
9.45 -11349759.2137722
9.46 -11349759.2756178
9.47 -11349759.326151
9.48 -11349759.3964286
9.49 -11349759.4251811
9.50 -11349759.5304167
9.51 -11349759.6510058
9.52 -11349759.6340264
9.53 -11349759.6707512
9.54 -11349759.736991
9.55 -11349759.7975109
9.56 -11349759.8600785
9.57 -11349759.8862791
9.58 -11349759.9703497
9.59 -11349760.062028
9.60 -11349760.1232304
9.61 -11349760.1753399
9.62 -11349760.1756938
9.63 -11349760.2918113
9.64 -11349760.3441202
9.65 -11349760.4076831
9.66 -11349760.4420442
9.67 -11349760.5062896
9.68 -11349760.5429714
9.69 -11349760.5624665
9.70 -11349760.629068
9.71 -11349760.6444525
9.72 -11349760.7441236
9.73 -11349760.7832292
9.74 -11349760.8357867
9.75 -11349760.9312666
9.76 -11349761.0236108
9.77 -11349761.0911773
9.78 -11349761.1552698
9.79 -11349761.2574062
9.80 -11349761.3591521
9.81 -11349761.4491479
9.82 -11349761.5096465
9.83 -11349761.5182113
9.84 -11349761.6218153
9.85 -11349761.6084449
9.86 -11349761.6389524
9.87 -11349761.6567606
9.88 -11349761.6883408
9.89 -11349761.7372692
9.90 -11349761.7865327
9.91 -11349761.8197503
9.92 -11349761.8830249
9.93 -11349761.9600783
9.94 -11349762.0391931
9.95 -11349762.120999
9.96 -11349762.1971003
9.97 -11349762.3492203
9.98 -11349762.4033141
9.99 -11349762.4935148
10.00 -11349762.5864856
