0.000000 -19.277614
0.010000 -19.277785
0.020000 -19.278432
0.030000 -19.279401
0.040000 -19.280681
0.050000 -19.282213
0.060000 -19.284517
0.070000 -19.286989
0.080000 -19.289834
0.090000 -19.292756
0.100000 -19.296163
0.110000 -19.299731
0.120000 -19.303310
0.130000 -19.307028
0.140000 -19.310970
0.150000 -19.315124
0.160000 -19.319338
0.170000 -19.323296
0.180000 -19.327279
0.190000 -19.331151
0.200000 -19.334996
0.210000 -19.338563
0.220000 -19.341996
0.230000 -19.345069
0.240000 -19.348068
0.250000 -19.350355
0.260000 -19.352542
0.270000 -19.354397
0.280000 -19.355637
0.290000 -19.356529
0.300000 -19.357018
0.310000 -19.356936
0.320000 -19.356217
0.330000 -19.355291
0.340000 -19.353796
0.350000 -19.351613
0.360000 -19.349233
0.370000 -19.346285
0.380000 -19.342923
0.390000 -19.338872
0.400000 -19.334507
0.410000 -19.329737
0.420000 -19.324582
0.430000 -19.319041
0.440000 -19.313122
0.450000 -19.306943
0.460000 -19.300658
0.470000 -19.293875
0.480000 -19.287133
0.490000 -19.280273
0.500000 -19.273436
0.510000 -19.266318
0.520000 -19.259228
0.530000 -19.252450
0.540000 -19.245522
0.550000 -19.238869
0.560000 -19.232180
0.570000 -19.225957
0.580000 -19.220033
0.590000 -19.214615
0.600000 -19.209190
0.610000 -19.203810
0.620000 -19.199709
0.630000 -19.195516
0.640000 -19.191804
0.650000 -19.188524
0.660000 -19.185660
0.670000 -19.183440
0.680000 -19.181592
0.690000 -19.180397
0.700000 -19.179567
0.710000 -19.179344
0.720000 -19.179666
0.730000 -19.180114
0.740000 -19.181082
0.750000 -19.182763
0.760000 -19.184390
0.770000 -19.186737
0.780000 -19.189237
0.790000 -19.192243
0.800000 -19.195590
0.810000 -19.199070
0.820000 -19.202780
0.830000 -19.206966
0.840000 -19.211027
0.850000 -19.215270
0.860000 -19.219801
0.870000 -19.224276
0.880000 -19.228747
0.890000 -19.233304
0.900000 -19.237888
0.910000 -19.242228
0.920000 -19.246604
0.930000 -19.250844
0.940000 -19.254934
0.950000 -19.258941
0.960000 -19.262566
0.970000 -19.266089
0.980000 -19.269467
0.990000 -19.272399
1.000000 -19.275159
1.010000 -19.277744
1.020000 -19.280035
1.030000 -19.282052
1.040000 -19.283684
1.050000 -19.285067
1.060000 -19.286308
1.070000 -19.287173
1.080000 -19.287818
1.090000 -19.288217
1.100000 -19.288473
1.110000 -19.288319
1.120000 -19.288021
1.130000 -19.287556
1.140000 -19.286827
1.150000 -19.286076
1.160000 -19.285051
1.170000 -19.283893
1.180000 -19.282685
1.190000 -19.281274
1.200000 -19.279980
1.210000 -19.278793
1.220000 -19.276899
1.230000 -19.275671
1.240000 -19.273920
1.250000 -19.272662
1.260000 -19.271238
1.270000 -19.269995
1.280000 -19.268979
1.290000 -19.267795
1.300000 -19.266864
1.310000 -19.266144
1.320000 -19.265496
1.330000 -19.265004
1.340000 -19.264772
1.350000 -19.264680
1.360000 -19.264640
1.370000 -19.264722
1.380000 -19.265145
1.390000 -19.265504
1.400000 -19.266209
1.410000 -19.266835
1.420000 -19.267515
1.430000 -19.268482
1.440000 -19.269349
1.450000 -19.270202
1.460000 -19.271268
1.470000 -19.272357
1.480000 -19.273477
1.490000 -19.274481
1.500000 -19.275441
1.510000 -19.276582
1.520000 -19.277660
1.530000 -19.278562
1.540000 -19.279539
1.550000 -19.280450
1.560000 -19.281322
1.570000 -19.282101
1.580000 -19.282978
1.590000 -19.283531
1.600000 -19.284338
1.610000 -19.284792
1.620000 -19.285244
1.630000 -19.285562
1.640000 -19.285869
1.650000 -19.286300
1.660000 -19.286504
1.670000 -19.286438
1.680000 -19.286401
1.690000 -19.286561
1.700000 -19.286199
1.710000 -19.285914
1.720000 -19.285584
1.730000 -19.285193
1.740000 -19.284731
1.750000 -19.284114
1.760000 -19.283416
1.770000 -19.282698
1.780000 -19.282109
1.790000 -19.281253
1.800000 -19.280517
1.810000 -19.279654
1.820000 -19.278694
1.830000 -19.277838
1.840000 -19.277024
1.850000 -19.276199
1.860000 -19.275493
1.870000 -19.274724
1.880000 -19.274086
1.890000 -19.273534
1.900000 -19.272979
1.910000 -19.272652
1.920000 -19.272578
1.930000 -19.272219
1.940000 -19.272101
1.950000 -19.272189
1.960000 -19.272434
1.970000 -19.272678
1.980000 -19.273134
1.990000 -19.273692
2.000000 -19.274179
2.010000 -19.274945
2.020000 -19.275738
2.030000 -19.276547
2.040000 -19.277522
2.050000 -19.278389
2.060000 -19.279470
2.070000 -19.280319
2.080000 -19.281359
2.090000 -19.282271
2.100000 -19.283164
2.110000 -19.284101
2.120000 -19.284863
2.130000 -19.285569
2.140000 -19.286245
2.150000 -19.286794
2.160000 -19.287172
2.170000 -19.287553
2.180000 -19.287878
2.190000 -19.288099
2.200000 -19.288176
2.210000 -19.288107
2.220000 -19.287990
2.230000 -19.287888
2.240000 -19.287676
2.250000 -19.287287
2.260000 -19.286802
2.270000 -19.286516
2.280000 -19.285902
2.290000 -19.285362
2.300000 -19.284857
2.310000 -19.284287
2.320000 -19.283663
2.330000 -19.283047
2.340000 -19.282475
2.350000 -19.281970
2.360000 -19.281328
2.370000 -19.280772
2.380000 -19.280049
2.390000 -19.279777
2.400000 -19.279279
2.410000 -19.278737
2.420000 -19.278267
2.430000 -19.278065
2.440000 -19.277624
2.450000 -19.277280
2.460000 -19.276950
2.470000 -19.276886
2.480000 -19.276689
2.490000 -19.276630
2.500000 -19.276809
2.510000 -19.276779
2.520000 -19.276965
2.530000 -19.277120
2.540000 -19.277344
2.550000 -19.277786
2.560000 -19.278058
2.570000 -19.278502
2.580000 -19.279021
2.590000 -19.279511
2.600000 -19.280109
2.610000 -19.280686
2.620000 -19.281369
2.630000 -19.282005
2.640000 -19.282723
2.650000 -19.283354
2.660000 -19.284057
2.670000 -19.284676
2.680000 -19.285525
2.690000 -19.285912
2.700000 -19.286467
2.710000 -19.286887
2.720000 -19.287296
2.730000 -19.287727
2.740000 -19.288209
2.750000 -19.288358
2.760000 -19.288522
2.770000 -19.288752
2.780000 -19.288684
2.790000 -19.288737
2.800000 -19.288517
2.810000 -19.288417
2.820000 -19.288135
2.830000 -19.287889
2.840000 -19.287589
2.850000 -19.287120
2.860000 -19.286749
2.870000 -19.286217
2.880000 -19.285827
2.890000 -19.285188
2.900000 -19.284728
2.910000 -19.284295
2.920000 -19.283819
2.930000 -19.283250
2.940000 -19.282668
2.950000 -19.282193
2.960000 -19.281678
2.970000 -19.281221
2.980000 -19.280799
2.990000 -19.280295
3.000000 -19.280017
3.010000 -19.279655
3.020000 -19.279430
3.030000 -19.279291
3.040000 -19.279109
3.050000 -19.278902
3.060000 -19.278918
3.070000 -19.278873
3.080000 -19.279005
3.090000 -19.279075
3.100000 -19.279474
3.110000 -19.279626
3.120000 -19.279896
3.130000 -19.280181
3.140000 -19.280679
3.150000 -19.281020
3.160000 -19.281613
3.170000 -19.282128
3.180000 -19.282762
3.190000 -19.283274
3.200000 -19.283739
3.210000 -19.284215
3.220000 -19.284866
3.230000 -19.285446
3.240000 -19.285913
3.250000 -19.286456
3.260000 -19.286987
3.270000 -19.287377
3.280000 -19.287927
3.290000 -19.288331
3.300000 -19.288760
3.310000 -19.288949
3.320000 -19.289320
3.330000 -19.289353
3.340000 -19.289643
3.350000 -19.289743
3.360000 -19.289839
3.370000 -19.289848
3.380000 -19.289752
3.390000 -19.289621
3.400000 -19.289445
3.410000 -19.289025
3.420000 -19.288796
3.430000 -19.288411
3.440000 -19.287970
3.450000 -19.287508
3.460000 -19.286736
3.470000 -19.286509
3.480000 -19.286105
3.490000 -19.285471
3.500000 -19.284822
3.510000 -19.284333
3.520000 -19.283994
3.530000 -19.283403
3.540000 -19.282913
3.550000 -19.282695
3.560000 -19.282468
3.570000 -19.282011
3.580000 -19.281653
3.590000 -19.281496
3.600000 -19.281368
3.610000 -19.281407
3.620000 -19.281121
3.630000 -19.281088
3.640000 -19.281071
3.650000 -19.280983
3.660000 -19.281020
3.670000 -19.281170
3.680000 -19.281529
3.690000 -19.281660
3.700000 -19.281865
3.710000 -19.282313
3.720000 -19.282709
3.730000 -19.282908
3.740000 -19.283479
3.750000 -19.283993
3.760000 -19.284383
3.770000 -19.284838
3.780000 -19.285424
3.790000 -19.285967
3.800000 -19.286637
3.810000 -19.287262
3.820000 -19.287690
3.830000 -19.288134
3.840000 -19.288552
3.850000 -19.289183
3.860000 -19.289441
3.870000 -19.289899
3.880000 -19.290184
3.890000 -19.290374
3.900000 -19.290641
3.910000 -19.290726
3.920000 -19.290841
3.930000 -19.290888
3.940000 -19.290971
3.950000 -19.290895
3.960000 -19.290868
3.970000 -19.290755
3.980000 -19.290438
3.990000 -19.290167
4.000000 -19.289798
4.010000 -19.289554
4.020000 -19.289119
4.030000 -19.288797
4.040000 -19.288348
4.050000 -19.287797
4.060000 -19.287410
4.070000 -19.287000
4.080000 -19.286497
4.090000 -19.286030
4.100000 -19.285661
4.110000 -19.285070
4.120000 -19.284841
4.130000 -19.284491
4.140000 -19.284169
4.150000 -19.283969
4.160000 -19.283758
4.170000 -19.283377
4.180000 -19.283250
4.190000 -19.283057
4.200000 -19.282882
4.210000 -19.282905
4.220000 -19.282951
4.230000 -19.282918
4.240000 -19.283104
4.250000 -19.283165
4.260000 -19.283415
4.270000 -19.283677
4.280000 -19.283899
4.290000 -19.284273
4.300000 -19.284669
4.310000 -19.284984
4.320000 -19.285357
4.330000 -19.285787
4.340000 -19.286314
4.350000 -19.286761
4.360000 -19.287139
4.370000 -19.287684
4.380000 -19.288174
4.390000 -19.288667
4.400000 -19.289079
4.410000 -19.289574
4.420000 -19.290022
4.430000 -19.290293
4.440000 -19.290747
4.450000 -19.291042
4.460000 -19.291266
4.470000 -19.291507
4.480000 -19.291773
4.490000 -19.291918
4.500000 -19.291903
4.510000 -19.291999
4.520000 -19.291970
4.530000 -19.291818
4.540000 -19.291828
4.550000 -19.291669
4.560000 -19.291532
4.570000 -19.291323
4.580000 -19.290934
4.590000 -19.290628
4.600000 -19.290280
4.610000 -19.290104
4.620000 -19.289620
4.630000 -19.289268
4.640000 -19.289101
4.650000 -19.288486
4.660000 -19.288181
4.670000 -19.287741
4.680000 -19.287198
4.690000 -19.287007
4.700000 -19.286754
4.710000 -19.286362
4.720000 -19.286069
4.730000 -19.285858
4.740000 -19.285730
4.750000 -19.285473
4.760000 -19.285267
4.770000 -19.285121
4.780000 -19.285010
4.790000 -19.284948
4.800000 -19.285055
4.810000 -19.285160
4.820000 -19.285282
4.830000 -19.285367
4.840000 -19.285559
4.850000 -19.285763
4.860000 -19.286048
4.870000 -19.286524
4.880000 -19.286564
4.890000 -19.286925
4.900000 -19.287298
4.910000 -19.287728
4.920000 -19.288102
4.930000 -19.288366
4.940000 -19.288950
4.950000 -19.289326
4.960000 -19.289716
4.970000 -19.290184
4.980000 -19.290558
4.990000 -19.290814
5.000000 -19.291444
5.010000 -19.291566
5.020000 -19.291877
5.030000 -19.292111
5.040000 -19.292426
5.050000 -19.292578
5.060000 -19.292764
5.070000 -19.292789
5.080000 -19.292949
5.090000 -19.292851
5.100000 -19.292918
5.110000 -19.292867
5.120000 -19.292815
5.130000 -19.292535
5.140000 -19.292460
5.150000 -19.292243
5.160000 -19.291870
5.170000 -19.291651
5.180000 -19.291558
5.190000 -19.291306
5.200000 -19.291194
5.210000 -19.290705
5.220000 -19.290394
5.230000 -19.290128
5.240000 -19.289743
5.250000 -19.289512
5.260000 -19.289216
5.270000 -19.288941
5.280000 -19.288614
5.290000 -19.288556
5.300000 -19.288225
5.310000 -19.287980
5.320000 -19.287815
5.330000 -19.287697
5.340000 -19.287574
5.350000 -19.287378
5.360000 -19.287407
5.370000 -19.287328
5.380000 -19.287423
5.390000 -19.287512
5.400000 -19.287546
5.410000 -19.287763
5.420000 -19.287685
5.430000 -19.287884
5.440000 -19.288282
5.450000 -19.288539
5.460000 -19.288694
5.470000 -19.289009
5.480000 -19.289271
5.490000 -19.289668
5.500000 -19.289999
5.510000 -19.290305
5.520000 -19.290701
5.530000 -19.291035
5.540000 -19.291362
5.550000 -19.291625
5.560000 -19.291801
5.570000 -19.292040
5.580000 -19.292432
5.590000 -19.292677
5.600000 -19.293018
5.610000 -19.293087
5.620000 -19.293373
5.630000 -19.293519
5.640000 -19.293552
5.650000 -19.293734
5.660000 -19.293745
5.670000 -19.293791
5.680000 -19.293771
5.690000 -19.293738
5.700000 -19.293712
5.710000 -19.293625
5.720000 -19.293463
5.730000 -19.293266
5.740000 -19.293034
5.750000 -19.292955
5.760000 -19.292637
5.770000 -19.292559
5.780000 -19.292420
5.790000 -19.292130
5.800000 -19.292046
5.810000 -19.291668
5.820000 -19.291728
5.830000 -19.291062
5.840000 -19.291052
5.850000 -19.291010
5.860000 -19.290677
5.870000 -19.290660
5.880000 -19.290576
5.890000 -19.290376
5.900000 -19.290212
5.910000 -19.290231
5.920000 -19.290298
5.930000 -19.289972
5.940000 -19.290021
5.950000 -19.289994
5.960000 -19.290065
5.970000 -19.290173
5.980000 -19.290205
5.990000 -19.290344
6.000000 -19.290513
6.010000 -19.290606
6.020000 -19.290785
6.030000 -19.291073
6.040000 -19.291178
6.050000 -19.291369
6.060000 -19.291570
6.070000 -19.291892
6.080000 -19.291991
6.090000 -19.292144
6.100000 -19.292413
6.110000 -19.292702
6.120000 -19.292979
6.130000 -19.293284
6.140000 -19.293411
6.150000 -19.293594
6.160000 -19.293889
6.170000 -19.293965
6.180000 -19.294207
6.190000 -19.294315
6.200000 -19.294441
6.210000 -19.294560
6.220000 -19.294604
6.230000 -19.294342
6.240000 -19.294682
6.250000 -19.294711
6.260000 -19.294807
6.270000 -19.294554
6.280000 -19.294660
6.290000 -19.294579
6.300000 -19.294394
6.310000 -19.294328
6.320000 -19.294300
6.330000 -19.294300
6.340000 -19.294098
6.350000 -19.294038
6.360000 -19.293948
6.370000 -19.293873
6.380000 -19.293745
6.390000 -19.293609
6.400000 -19.293354
6.410000 -19.293450
6.420000 -19.293367
6.430000 -19.293299
6.440000 -19.293229
6.450000 -19.293049
6.460000 -19.292954
6.470000 -19.292911
6.480000 -19.292911
6.490000 -19.292942
6.500000 -19.292880
6.510000 -19.292738
6.520000 -19.293035
6.530000 -19.292980
6.540000 -19.293063
6.550000 -19.293180
6.560000 -19.293226
6.570000 -19.293309
6.580000 -19.293424
6.590000 -19.293552
6.600000 -19.293627
6.610000 -19.293903
6.620000 -19.293944
6.630000 -19.294021
6.640000 -19.294316
6.650000 -19.294303
6.660000 -19.294513
6.670000 -19.294599
6.680000 -19.294719
6.690000 -19.295013
6.700000 -19.295020
6.710000 -19.295134
6.720000 -19.295203
6.730000 -19.295467
6.740000 -19.295418
6.750000 -19.295556
6.760000 -19.295656
6.770000 -19.295735
6.780000 -19.295602
6.790000 -19.295727
6.800000 -19.295659
6.810000 -19.295965
6.820000 -19.295867
6.830000 -19.295952
6.840000 -19.295810
6.850000 -19.295775
6.860000 -19.295860
6.870000 -19.295803
6.880000 -19.295773
6.890000 -19.295897
6.900000 -19.295650
6.910000 -19.295765
6.920000 -19.295681
6.930000 -19.295671
6.940000 -19.295603
6.950000 -19.295603
6.960000 -19.295691
6.970000 -19.295725
6.980000 -19.295785
6.990000 -19.295589
7.000000 -19.295628
7.010000 -19.295787
7.020000 -19.295653
7.030000 -19.295807
7.040000 -19.295827
7.050000 -19.295814
7.060000 -19.295920
7.070000 -19.296107
7.080000 -19.296052
7.090000 -19.296135
7.100000 -19.296210
7.110000 -19.296370
7.120000 -19.296407
7.130000 -19.296391
7.140000 -19.296429
7.150000 -19.296763
7.160000 -19.296682
7.170000 -19.296920
7.180000 -19.296813
7.190000 -19.297020
7.200000 -19.297007
7.210000 -19.297090
7.220000 -19.297038
7.230000 -19.297156
7.240000 -19.297120
7.250000 -19.297155
7.260000 -19.297308
7.270000 -19.297348
7.280000 -19.297398
7.290000 -19.297386
7.300000 -19.297483
7.310000 -19.297480
7.320000 -19.297551
7.330000 -19.297399
7.340000 -19.297512
7.350000 -19.297538
7.360000 -19.297472
7.370000 -19.297532
7.380000 -19.297457
7.390000 -19.297446
7.400000 -19.297418
7.410000 -19.297358
7.420000 -19.297397
7.430000 -19.297392
7.440000 -19.297509
7.450000 -19.297433
7.460000 -19.297330
7.470000 -19.297609
7.480000 -19.297712
7.490000 -19.297573
7.500000 -19.297781
7.510000 -19.297638
7.520000 -19.297655
7.530000 -19.297776
7.540000 -19.298052
7.550000 -19.298090
7.560000 -19.298036
7.570000 -19.298247
7.580000 -19.298417
7.590000 -19.298485
7.600000 -19.298809
7.610000 -19.298689
7.620000 -19.298845
7.630000 -19.299059
7.640000 -19.299129
7.650000 -19.299050
7.660000 -19.299407
7.670000 -19.299344
7.680000 -19.299581
7.690000 -19.299708
7.700000 -19.299764
7.710000 -19.299857
7.720000 -19.299954
7.730000 -19.300056
7.740000 -19.300186
7.750000 -19.300210
7.760000 -19.300278
7.770000 -19.300502
7.780000 -19.300166
7.790000 -19.300288
7.800000 -19.300431
7.810000 -19.300238
7.820000 -19.300284
7.830000 -19.300272
7.840000 -19.300142
7.850000 -19.300073
7.860000 -19.300219
7.870000 -19.300046
7.880000 -19.299937
7.890000 -19.299928
7.900000 -19.299984
7.910000 -19.299761
7.920000 -19.299769
7.930000 -19.299785
7.940000 -19.299572
7.950000 -19.299605
7.960000 -19.299706
7.970000 -19.299649
7.980000 -19.299622
7.990000 -19.299566
8.000000 -19.299592
8.010000 -19.299650
8.020000 -19.299436
8.030000 -19.299650
8.040000 -19.299787
8.050000 -19.299832
8.060000 -19.299803
8.070000 -19.299977
8.080000 -19.300170
8.090000 -19.300305
8.100000 -19.300313
8.110000 -19.300526
8.120000 -19.300588
8.130000 -19.300838
8.140000 -19.300859
8.150000 -19.301102
8.160000 -19.301343
8.170000 -19.301345
8.180000 -19.301566
8.190000 -19.301884
8.200000 -19.302050
8.210000 -19.302094
8.220000 -19.302152
8.230000 -19.302604
8.240000 -19.302679
8.250000 -19.302801
8.260000 -19.303025
8.270000 -19.303146
8.280000 -19.303177
8.290000 -19.303231
8.300000 -19.303338
8.310000 -19.303542
8.320000 -19.303614
8.330000 -19.303500
8.340000 -19.303696
8.350000 -19.303553
8.360000 -19.303566
8.370000 -19.303581
8.380000 -19.303510
8.390000 -19.303499
8.400000 -19.303471
8.410000 -19.303407
8.420000 -19.303216
8.430000 -19.303120
8.440000 -19.302865
8.450000 -19.303093
8.460000 -19.302961
8.470000 -19.302710
8.480000 -19.302752
8.490000 -19.302606
8.500000 -19.302693
8.510000 -19.302525
8.520000 -19.302407
8.530000 -19.302351
8.540000 -19.302358
8.550000 -19.302230
8.560000 -19.302173
8.570000 -19.302285
8.580000 -19.302096
8.590000 -19.302258
8.600000 -19.302207
8.610000 -19.302382
8.620000 -19.302427
8.630000 -19.302602
8.640000 -19.302622
8.650000 -19.302720
8.660000 -19.302893
8.670000 -19.303019
8.680000 -19.303252
8.690000 -19.303192
8.700000 -19.303521
8.710000 -19.303574
8.720000 -19.303832
8.730000 -19.303846
8.740000 -19.304322
8.750000 -19.304460
8.760000 -19.304510
8.770000 -19.304845
8.780000 -19.304998
8.790000 -19.305064
8.800000 -19.305236
8.810000 -19.305599
8.820000 -19.305706
8.830000 -19.305964
8.840000 -19.305939
8.850000 -19.306142
8.860000 -19.305974
8.870000 -19.306285
8.880000 -19.306356
8.890000 -19.306512
8.900000 -19.306489
8.910000 -19.306567
8.920000 -19.306483
8.930000 -19.306751
8.940000 -19.306466
8.950000 -19.306607
8.960000 -19.306537
8.970000 -19.306477
8.980000 -19.306539
8.990000 -19.306313
9.000000 -19.306228
9.010000 -19.306304
9.020000 -19.306134
9.030000 -19.306139
9.040000 -19.305919
9.050000 -19.305886
9.060000 -19.305601
9.070000 -19.305687
9.080000 -19.305573
9.090000 -19.305523
9.100000 -19.305641
9.110000 -19.305392
9.120000 -19.305271
9.130000 -19.305393
9.140000 -19.305425
9.150000 -19.305296
9.160000 -19.305371
9.170000 -19.305304
9.180000 -19.305346
9.190000 -19.305383
9.200000 -19.305457
9.210000 -19.305517
9.220000 -19.305650
9.230000 -19.305791
9.240000 -19.305871
9.250000 -19.305851
9.260000 -19.306069
9.270000 -19.306325
9.280000 -19.306429
9.290000 -19.306577
9.300000 -19.306708
9.310000 -19.306815
9.320000 -19.307205
9.330000 -19.307139
9.340000 -19.307251
9.350000 -19.307654
9.360000 -19.307886
9.370000 -19.307884
9.380000 -19.308062
9.390000 -19.308299
9.400000 -19.308484
9.410000 -19.308547
9.420000 -19.308707
9.430000 -19.308691
9.440000 -19.308878
9.450000 -19.308673
9.460000 -19.309073
9.470000 -19.309072
9.480000 -19.309127
9.490000 -19.309071
9.500000 -19.309297
9.510000 -19.309288
9.520000 -19.309222
9.530000 -19.309093
9.540000 -19.309068
9.550000 -19.309158
9.560000 -19.309140
9.570000 -19.308996
9.580000 -19.308995
9.590000 -19.308972
9.600000 -19.308918
9.610000 -19.308885
9.620000 -19.308885
9.630000 -19.308590
9.640000 -19.308705
9.650000 -19.308781
9.660000 -19.308533
9.670000 -19.308680
9.680000 -19.308608
9.690000 -19.308707
9.700000 -19.308626
9.710000 -19.308535
9.720000 -19.308594
9.730000 -19.308564
9.740000 -19.308663
9.750000 -19.308585
9.760000 -19.308761
9.770000 -19.308786
9.780000 -19.308821
9.790000 -19.308904
9.800000 -19.309211
9.810000 -19.309014
9.820000 -19.309155
9.830000 -19.309292
9.840000 -19.309388
9.850000 -19.309548
9.860000 -19.309636
9.870000 -19.309804
9.880000 -19.309949
9.890000 -19.310020
9.900000 -19.310221
9.910000 -19.310272
9.920000 -19.310334
9.930000 -19.310462
9.940000 -19.310666
9.950000 -19.310747
9.960000 -19.310758
9.970000 -19.311024
9.980000 -19.311014
9.990000 -19.311092
10.000000 -19.311220
