0.0100000000000 -10876.8996779999998
0.0199900000000 -10876.9630121313803
0.0299800000000 -10877.0743775050814
0.0399700000000 -10877.2310083944049
0.0499600000000 -10877.4280040554240
0.0599500000000 -10877.6571699936485
0.0699400000000 -10877.9107364432366
0.0799300000000 -10878.1800635957225
0.0899200000000 -10878.4564092125584
0.0999100000000 -10878.7324895786678
0.1099000000000 -10879.0021383419044
0.1198900000000 -10879.2601464116851
0.1298800000000 -10879.5011934888153
0.1398700000000 -10879.7185263528136
0.1498600000000 -10879.9049211419879
0.1598500000000 -10880.0539238459041
0.1698400000000 -10880.1647637292681
0.1798300000000 -10880.2381022834070
0.1898200000000 -10880.2787855261013
0.1998100000000 -10880.2898080578452
0.2098000000000 -10880.2746823600810
0.2197900000000 -10880.2369270502513
0.2297800000000 -10880.1813580427515
0.2397700000000 -10880.1131674147255
0.2497600000000 -10880.0376248913908
0.2597500000000 -10879.9603619781919
0.2697400000000 -10879.8870260328640
0.2797300000000 -10879.8224469535162
0.2897200000000 -10879.7692095647435
0.2997100000000 -10879.7285546238909
0.3097000000000 -10879.7005744675625
0.3196900000000 -10879.6854117551375
0.3296800000000 -10879.6832322810078
0.3396700000000 -10879.6934088066682
0.3496600000000 -10879.7149199190353
0.3596500000000 -10879.7454881052981
0.3696400000000 -10879.7821244114057
0.3796300000000 -10879.8216450268883
0.3896200000000 -10879.8616686987079
0.3996100000000 -10879.8994218906191
0.4096000000000 -10879.9330403880958
0.4195900000000 -10879.9611191779222
0.4295800000000 -10879.9827722681039
0.4395700000000 -10879.9964535230483
0.4495600000000 -10880.0020155181792
0.4595500000000 -10879.9992024773346
0.4695400000000 -10879.9884459100977
0.4795300000000 -10879.9710965014219
0.4895200000000 -10879.9483657891597
0.4995100000000 -10879.9223790735341
0.5095000000000 -10879.8949369753827
0.5194900000000 -10879.8682689574634
0.5294800000000 -10879.8438432093590
0.5394700000000 -10879.8229312007170
0.5494600000000 -10879.8071558304018
0.5594500000000 -10879.7967533127849
0.5694400000000 -10879.7926630006550
0.5794300000000 -10879.7942519543049
0.5894200000000 -10879.8009699820195
0.5994100000000 -10879.8125226600623
0.6094000000000 -10879.8275378624403
0.6193900000000 -10879.8455160220947
0.6293800000000 -10879.8650180951026
0.6393700000000 -10879.8838669765082
0.6493600000000 -10879.9013467030618
0.6593500000000 -10879.9165261373855
0.6693400000000 -10879.9284093272217
0.6793300000000 -10879.9369449215283
0.6893200000000 -10879.9412018704661
0.6993100000000 -10879.9420566224198
0.7093000000000 -10879.9387762998358
0.7192900000000 -10879.9318816318137
0.7292800000000 -10879.9218892692625
0.7392700000000 -10879.9090452860128
0.7492600000000 -10879.8947259455981
0.7592500000000 -10879.8795739317593
0.7692400000000 -10879.8652772682981
0.7792300000000 -10879.8524895037172
0.7892200000000 -10879.8417630797103
0.7992100000000 -10879.8340371975719
0.8092000000000 -10879.8293314317380
0.8191900000000 -10879.8281170921146
0.8291800000000 -10879.8302955437211
0.8391700000000 -10879.8359094160842
0.8491600000000 -10879.8442228481308
0.8591500000000 -10879.8546577173292
0.8691400000000 -10879.8665317387859
0.8791300000000 -10879.8785403427610
0.8891200000000 -10879.8900478355445
0.8991100000000 -10879.9002628447088
0.9091000000000 -10879.9085408537467
0.9190900000000 -10879.9151011686663
0.9290800000000 -10879.9188875220843
0.9390700000000 -10879.9202676149034
0.9490600000000 -10879.9188185809671
0.9590500000000 -10879.9149679301354
0.9690400000000 -10879.9087928872686
0.9790300000000 -10879.9010289357630
0.9890200000000 -10879.8919576508433
0.9990100000000 -10879.8824819058282
1.0090000000000 -10879.8731705198152
1.0189900000000 -10879.8643138928383
1.0289800000000 -10879.8569427787497
1.0389700000000 -10879.8509771365134
1.0489600000000 -10879.8469512324064
1.0589500000000 -10879.8452195962545
1.0689400000000 -10879.8457360694192
1.0789300000000 -10879.8485179478757
1.0889200000000 -10879.8534397578278
1.0989100000000 -10879.8601566096477
1.1089000000000 -10879.8676117944451
1.1188900000000 -10879.8758161039204
1.1288800000000 -10879.8841958310113
1.1388700000000 -10879.8919178565575
1.1488600000000 -10879.8986685378568
1.1588500000000 -10879.9040516829227
1.1688400000000 -10879.9077852263999
1.1788300000000 -10879.9094150288802
1.1888200000000 -10879.9094532614927
1.1988100000000 -10879.9074848139862
1.2088000000000 -10879.9038809405974
1.2187900000000 -10879.8985645755383
1.2287800000000 -10879.8921000207265
1.2387700000000 -10879.8849017422181
1.2487600000000 -10879.8777540609772
1.2587500000000 -10879.8707393656932
1.2687400000000 -10879.8649369700943
1.2787300000000 -10879.8603938193664
1.2887200000000 -10879.8571841268040
1.2987100000000 -10879.8554800034599
1.3087000000000 -10879.8553407423769
1.3186900000000 -10879.8572973684659
1.3286800000000 -10879.8601653045280
1.3386700000000 -10879.8643682474303
1.3486600000000 -10879.8700985693522
1.3586500000000 -10879.8760160707534
1.3686400000000 -10879.8823404344457
1.3786300000000 -10879.8877948110712
1.3886200000000 -10879.8930182540444
1.3986100000000 -10879.8974075777169
1.4086000000000 -10879.9004487664097
1.4185900000000 -10879.9026850525443
1.4285800000000 -10879.9034381550791
1.4385700000000 -10879.9024494599926
1.4485600000000 -10879.9003165201029
1.4585500000000 -10879.8968865109437
1.4685400000000 -10879.8923242890705
1.4785300000000 -10879.8871920622969
1.4885200000000 -10879.8815630899699
1.4985100000000 -10879.8759917217358
1.5085000000000 -10879.8710106884228
1.5184900000000 -10879.8667786615551
1.5284800000000 -10879.8635360192602
1.5384700000000 -10879.8614198268533
1.5484600000000 -10879.8610251873397
1.5584500000000 -10879.8619302451425
1.5684400000000 -10879.8641968142838
1.5784300000000 -10879.8677930924114
1.5884200000000 -10879.8718767496393
1.5984100000000 -10879.8763439992581
1.6084000000000 -10879.8811523129971
1.6183900000000 -10879.8860206574118
1.6283800000000 -10879.8901258536862
1.6383700000000 -10879.8940699890518
1.6483600000000 -10879.8969187714101
1.6583500000000 -10879.8987618155697
1.6683400000000 -10879.8996828602521
1.6783300000000 -10879.8993333372000
1.6883200000000 -10879.8980602306219
1.6983100000000 -10879.8958148251204
1.7083000000000 -10879.8925425861744
1.7182900000000 -10879.8886163681782
1.7282800000000 -10879.8842489959134
1.7382700000000 -10879.8798440193514
1.7482600000000 -10879.8759490302964
1.7582500000000 -10879.8720923519741
1.7682400000000 -10879.8692828220755
1.7782300000000 -10879.8671858232156
1.7882200000000 -10879.8661795765220
1.7982100000000 -10879.8663921706393
1.8082000000000 -10879.8673858648563
1.8181900000000 -10879.8698440724311
1.8281800000000 -10879.8726090469572
1.8381700000000 -10879.8763751188108
1.8481600000000 -10879.8806073235501
1.8581500000000 -10879.8848450958230
1.8681400000000 -10879.8886219820179
1.8781300000000 -10879.8917657103739
1.8881200000000 -10879.8946271401819
1.8981100000000 -10879.8964541727892
1.9081000000000 -10879.8972842005387
1.9180900000000 -10879.8976140010709
1.9280800000000 -10879.8968911183401
1.9380700000000 -10879.8950831259335
1.9480600000000 -10879.8925937215390
1.9580500000000 -10879.8896781876447
1.9680400000000 -10879.8862922257758
1.9780300000000 -10879.8826966051292
1.9880200000000 -10879.8794126083776
1.9980100000000 -10879.8762791284844
2.0080000000000 -10879.8737259828049
2.0179900000000 -10879.8717015287966
2.0279800000000 -10879.8706632554058
2.0379700000000 -10879.8703968951959
2.0479600000000 -10879.8712006339174
2.0579500000000 -10879.8726220976641
2.0679400000000 -10879.8748088996399
2.0779300000000 -10879.8776903184571
2.0879200000000 -10879.8807702900413
2.0979100000000 -10879.8842601349388
2.1079000000000 -10879.8873832959998
2.1178900000000 -10879.8905013363856
2.1278800000000 -10879.8930328211045
2.1378700000000 -10879.8949811874227
2.1478600000000 -10879.8963284644215
2.1578500000000 -10879.8968668967755
2.1678400000000 -10879.8965407514333
2.1778300000000 -10879.8952280634821
2.1878200000000 -10879.8935556379001
2.1978100000000 -10879.8914561148104
2.2078000000000 -10879.8884716877837
2.2177900000000 -10879.8856557633389
2.2277800000000 -10879.8824904505946
2.2377700000000 -10879.8798467325778
2.2477600000000 -10879.8775684787834
2.2577500000000 -10879.8755934271558
2.2677400000000 -10879.8744972778168
2.2777300000000 -10879.8742073481171
2.2877200000000 -10879.8746187481975
2.2977100000000 -10879.8757155802850
2.3077000000000 -10879.8777524009402
2.3176900000000 -10879.8800143214939
2.3276800000000 -10879.8827495480073
2.3376700000000 -10879.8854202260081
2.3476600000000 -10879.8880544975782
2.3576500000000 -10879.8905872899668
2.3676400000000 -10879.8926477144796
2.3776300000000 -10879.8943177602996
2.3876200000000 -10879.8955375886544
2.3976100000000 -10879.8961982206583
2.4076000000000 -10879.8961133503253
2.4175900000000 -10879.8956371904806
2.4275800000000 -10879.8945052010567
2.4375700000000 -10879.8926471244195
2.4475600000000 -10879.8903641721117
2.4575500000000 -10879.8877185106394
2.4675400000000 -10879.8851688921695
2.4775300000000 -10879.8828704853768
2.4875200000000 -10879.8808323856792
2.4975100000000 -10879.8792775024285
2.5075000000000 -10879.8779307773893
2.5174900000000 -10879.8775227365550
2.5274800000000 -10879.8773865666753
2.5374700000000 -10879.8780801358553
2.5474600000000 -10879.8796056245483
2.5574500000000 -10879.8817834655947
2.5674400000000 -10879.8840313740056
2.5774300000000 -10879.8865130378108
2.5874200000000 -10879.8889271400058
2.5974100000000 -10879.8912991042253
2.6074000000000 -10879.8934352501310
2.6173900000000 -10879.8949811743169
2.6273800000000 -10879.8958763792780
2.6373700000000 -10879.8965046667545
2.6473600000000 -10879.8964981948757
2.6573500000000 -10879.8958779044115
2.6673400000000 -10879.8950195026355
2.6773300000000 -10879.8935848706624
2.6873200000000 -10879.8915568525772
2.6973100000000 -10879.8897453465706
2.7073000000000 -10879.8875750405277
2.7172900000000 -10879.8853180832157
2.7272800000000 -10879.8833849487801
2.7372700000000 -10879.8818385904306
2.7472600000000 -10879.8805909809071
2.7572500000000 -10879.8799134757628
2.7672400000000 -10879.8800339825393
2.7772300000000 -10879.8804417756874
2.7872200000000 -10879.8815647305146
2.7972100000000 -10879.8833197775111
2.8072000000000 -10879.8853061803111
2.8171900000000 -10879.8874369082787
2.8271800000000 -10879.8899295069896
2.8371700000000 -10879.8922248130857
2.8471600000000 -10879.8939925162977
2.8571500000000 -10879.8956099328097
2.8671400000000 -10879.8970531452833
2.8771300000000 -10879.8977309163638
2.8871200000000 -10879.8978604193671
2.8971100000000 -10879.8976292638672
2.9071000000000 -10879.8967156764902
2.9170900000000 -10879.8954127460438
2.9270800000000 -10879.8938925940693
2.9370700000000 -10879.8917169802662
2.9470600000000 -10879.8897726314790
2.9570500000000 -10879.8877829004814
2.9670400000000 -10879.8858885912396
2.9770300000000 -10879.8843767568524
2.9870200000000 -10879.8831608026976
2.9970100000000 -10879.8825588756190
3.0070000000000 -10879.8822641264178
3.0169900000000 -10879.8827307197535
3.0269800000000 -10879.8836253326845
3.0369700000000 -10879.8850471101632
3.0469600000000 -10879.8867881238875
3.0569500000000 -10879.8889697188752
3.0669400000000 -10879.8911409455523
3.0769300000000 -10879.8932910178064
3.0869200000000 -10879.8951700849339
3.0969100000000 -10879.8965690039713
3.1069000000000 -10879.8981958342429
3.1168900000000 -10879.8990513928165
3.1268800000000 -10879.8993902837683
3.1368700000000 -10879.8995007892281
3.1468600000000 -10879.8990375919657
3.1568500000000 -10879.8982166513433
3.1668400000000 -10879.8968215053228
3.1768300000000 -10879.8950212165673
3.1868200000000 -10879.8931948509944
3.1968100000000 -10879.8911491408853
3.2068000000000 -10879.8889782132992
3.2167900000000 -10879.8873622621595
3.2267800000000 -10879.8859429244076
3.2367700000000 -10879.8849175751348
3.2467600000000 -10879.8844764753067
3.2567500000000 -10879.8845564011663
3.2667400000000 -10879.8852302149589
3.2767300000000 -10879.8862094293290
3.2867200000000 -10879.8877084782671
3.2967100000000 -10879.8894649601207
3.3067000000000 -10879.8915104619591
3.3166900000000 -10879.8935697873821
3.3266800000000 -10879.8953444548442
3.3366700000000 -10879.8971189609092
3.3466600000000 -10879.8987165635172
3.3566500000000 -10879.8995026956472
3.3666400000000 -10879.9001768231337
3.3766300000000 -10879.9003630123789
3.3866200000000 -10879.9002826144824
3.3966100000000 -10879.8997352218466
3.4066000000000 -10879.8988953909520
3.4165900000000 -10879.8975356837382
3.4265800000000 -10879.8961020533952
3.4365700000000 -10879.8944892371892
3.4465600000000 -10879.8926995597176
3.4565500000000 -10879.8911053347292
3.4665400000000 -10879.8897511685682
3.4765300000000 -10879.8885392513766
3.4865200000000 -10879.8879549141693
3.4965100000000 -10879.8877199532835
3.5065000000000 -10879.8879907755763
3.5164900000000 -10879.8886478030599
3.5264800000000 -10879.8898554915995
3.5364700000000 -10879.8913260878544
3.5464600000000 -10879.8931209154107
3.5564500000000 -10879.8948691529949
3.5664400000000 -10879.8966528209949
3.5764300000000 -10879.8982674850704
3.5864200000000 -10879.8996732794458
3.5964100000000 -10879.9008702349238
3.6064000000000 -10879.9014130927826
3.6163900000000 -10879.9017449862968
3.6263800000000 -10879.9018105117120
3.6363700000000 -10879.9014096205974
3.6463600000000 -10879.9005632782846
3.6563500000000 -10879.8995109454518
3.6663400000000 -10879.8982815039617
3.6763300000000 -10879.8968786243458
3.6863200000000 -10879.8954048591568
3.6963100000000 -10879.8940860274179
3.7063000000000 -10879.8928952921451
3.7162900000000 -10879.8917448780121
3.7262800000000 -10879.8910278394433
3.7362700000000 -10879.8905416520320
3.7462600000000 -10879.8906629630255
3.7562500000000 -10879.8912483548102
3.7662400000000 -10879.8918889968063
3.7762300000000 -10879.8932671159782
3.7862200000000 -10879.8949353172429
3.7962100000000 -10879.8964988169137
3.8062000000000 -10879.8981443174980
3.8161900000000 -10879.8997930946625
3.8261800000000 -10879.9009775850791
3.8361700000000 -10879.9021863452363
3.8461600000000 -10879.9030976840477
3.8561500000000 -10879.9034048652811
3.8661400000000 -10879.9035220777423
3.8761300000000 -10879.9032410928794
3.8861200000000 -10879.9026086605700
3.8961100000000 -10879.9020091076909
3.9061000000000 -10879.9010277381294
3.9160900000000 -10879.8996568090806
3.9260800000000 -10879.8982914079061
3.9360700000000 -10879.8969430194466
3.9460600000000 -10879.8958752030085
3.9560500000000 -10879.8950123009672
3.9660400000000 -10879.8941439604059
3.9760300000000 -10879.8938924564172
3.9860200000000 -10879.8937716304699
3.9960100000000 -10879.8941348497101
4.0060000000000 -10879.8948915653582
4.0159900000000 -10879.8957903533792
4.0259800000000 -10879.8969351844698
4.0359700000000 -10879.8985008905183
4.0459600000000 -10879.9002611032356
4.0559500000000 -10879.9016021913922
4.0659400000000 -10879.9028908659602
4.0759300000000 -10879.9040565719206
4.0859200000000 -10879.9047386594757
4.0959100000000 -10879.9053714771035
4.1059000000000 -10879.9058760252756
4.1158900000000 -10879.9055205989789
4.1258800000000 -10879.9051734602963
4.1358700000000 -10879.9046301919971
4.1458600000000 -10879.9035547049189
4.1558500000000 -10879.9025294606508
4.1658400000000 -10879.9013614477790
4.1758300000000 -10879.8999353018880
4.1858200000000 -10879.8988653881879
4.1958100000000 -10879.8979764195192
4.2058000000000 -10879.8968993477156
4.2157900000000 -10879.8962240110595
4.2257800000000 -10879.8961878248028
4.2357700000000 -10879.8965421199409
4.2457600000000 -10879.8971068558349
4.2557500000000 -10879.8979774762247
4.2657400000000 -10879.8991181090187
4.2757300000000 -10879.9004383061783
4.2857200000000 -10879.9017802484686
4.2957100000000 -10879.9032047731889
4.3057000000000 -10879.9045757514377
4.3156900000000 -10879.9055829774643
4.3256800000000 -10879.9064801509212
4.3356700000000 -10879.9072005218604
4.3456600000000 -10879.9076431829326
4.3556500000000 -10879.9076306181923
4.3656400000000 -10879.9073608076487
4.3756300000000 -10879.9067541434761
4.3856200000000 -10879.9060723544881
4.3956100000000 -10879.9052725997662
4.4056000000000 -10879.9044006898112
4.4155900000000 -10879.9033069129746
4.4255800000000 -10879.9018729685140
4.4355700000000 -10879.9008187892669
4.4455600000000 -10879.9001778539787
4.4555500000000 -10879.8996526643714
4.4655400000000 -10879.8994241431592
4.4755300000000 -10879.8994258866423
4.4855200000000 -10879.8997929236539
4.4955100000000 -10879.9004924632409
4.5055000000000 -10879.9013741224171
4.5154900000000 -10879.9027136359709
4.5254800000000 -10879.9042822146985
4.5354700000000 -10879.9057864698116
4.5454600000000 -10879.9071047124326
4.5554500000000 -10879.9081340440025
4.5654400000000 -10879.9089900121598
4.5754300000000 -10879.9097920406057
4.5854200000000 -10879.9102302471656
4.5954100000000 -10879.9105399362215
4.6054000000000 -10879.9103774727246
4.6153900000000 -10879.9100741585062
4.6253800000000 -10879.9095949563580
4.6353700000000 -10879.9088037250222
4.6453600000000 -10879.9080615076909
4.6553500000000 -10879.9068201128157
4.6653400000000 -10879.9057741463930
4.6753300000000 -10879.9048880609771
4.6853200000000 -10879.9040141009718
4.6953100000000 -10879.9035017276892
4.7053000000000 -10879.9030977768853
4.7152900000000 -10879.9029613833936
4.7252800000000 -10879.9031160285940
4.7352700000000 -10879.9036909567330
4.7452600000000 -10879.9046971230746
4.7552500000000 -10879.9057324497862
4.7652400000000 -10879.9066451961608
4.7752300000000 -10879.9079027966436
4.7852200000000 -10879.9093085008008
4.7952100000000 -10879.9105735034627
4.8052000000000 -10879.9113392718264
4.8151900000000 -10879.9121533182042
4.8251800000000 -10879.9127531398954
4.8351700000000 -10879.9129694033018
4.8451600000000 -10879.9132082586475
4.8551500000000 -10879.9128986083451
4.8651400000000 -10879.9124168853996
4.8751300000000 -10879.9117350968099
4.8851200000000 -10879.9108924328157
4.8951100000000 -10879.9100694684566
4.9051000000000 -10879.9092159427728
4.9150900000000 -10879.9082074365706
4.9250800000000 -10879.9073586178383
4.9350700000000 -10879.9067798527794
4.9450600000000 -10879.9062122012856
4.9550500000000 -10879.9059635411249
4.9650400000000 -10879.9061361503700
4.9750300000000 -10879.9067113613964
4.9850200000000 -10879.9073585199931
4.9950100000000 -10879.9082346951291
5.0050000000000 -10879.9093123570710
5.0149900000000 -10879.9105990529515
5.0249800000000 -10879.9116174520459
5.0349700000000 -10879.9126098715569
5.0449600000000 -10879.9137947790750
5.0549500000000 -10879.9144898119757
5.0649400000000 -10879.9150107469686
5.0749300000000 -10879.9154695799989
5.0849200000000 -10879.9157424323530
5.0949100000000 -10879.9155637365893
5.1049000000000 -10879.9152809616007
5.1148900000000 -10879.9146467236078
5.1248800000000 -10879.9139004307581
5.1348700000000 -10879.9131322807225
5.1448600000000 -10879.9122017826030
5.1548500000000 -10879.9113720763362
5.1648400000000 -10879.9105330232433
5.1748300000000 -10879.9098076350328
5.1848200000000 -10879.9094270054484
5.1948100000000 -10879.9094680547205
5.2048000000000 -10879.9094932918706
5.2147900000000 -10879.9097293979376
5.2247800000000 -10879.9104393377784
5.2347700000000 -10879.9113725948937
5.2447600000000 -10879.9124881613789
5.2547500000000 -10879.9138669773693
5.2647400000000 -10879.9151257437952
5.2747300000000 -10879.9162709037519
5.2847200000000 -10879.9173384233745
5.2947100000000 -10879.9180580770280
5.3047000000000 -10879.9186462471371
5.3146900000000 -10879.9191113389461
5.3246800000000 -10879.9192680528104
5.3346700000000 -10879.9191002405423
5.3446600000000 -10879.9189956789050
5.3546500000000 -10879.9183919580828
5.3646400000000 -10879.9175795732262
5.3746300000000 -10879.9170421167437
5.3846200000000 -10879.9160534567563
5.3946100000000 -10879.9150873436647
5.4046000000000 -10879.9144039292260
5.4145900000000 -10879.9136363614798
5.4245800000000 -10879.9129786219928
5.4345700000000 -10879.9125899802802
5.4445600000000 -10879.9123968669592
5.4545500000000 -10879.9125802676463
5.4645400000000 -10879.9128518795787
5.4745300000000 -10879.9136751351998
5.4845200000000 -10879.9148512741922
5.4945100000000 -10879.9159160936615
5.5045000000000 -10879.9169489498563
5.5144900000000 -10879.9181215094741
5.5244800000000 -10879.9191608754827
5.5344700000000 -10879.9201694374151
5.5444600000000 -10879.9211714115172
5.5544500000000 -10879.9217611908589
5.5644400000000 -10879.9221124105516
5.5744300000000 -10879.9223029954210
5.5844200000000 -10879.9221616321211
5.5944100000000 -10879.9218425675881
5.6044000000000 -10879.9213203073978
5.6143900000000 -10879.9206470379668
5.6243800000000 -10879.9200934806831
5.6343700000000 -10879.9190822017099
5.6443600000000 -10879.9181473206772
5.6543500000000 -10879.9175451655992
5.6643400000000 -10879.9170931033987
5.6743300000000 -10879.9165173658330
5.6843200000000 -10879.9162574713228
5.6943100000000 -10879.9162166369242
5.7043000000000 -10879.9165712643371
5.7142900000000 -10879.9171247524919
5.7242800000000 -10879.9177729419462
5.7342700000000 -10879.9187488717289
5.7442600000000 -10879.9198303443100
5.7542500000000 -10879.9209162158313
5.7642400000000 -10879.9219814197968
5.7742300000000 -10879.9230359816047
5.7842200000000 -10879.9238642019100
5.7942100000000 -10879.9244240038897
5.8042000000000 -10879.9249249005425
5.8141900000000 -10879.9253811789185
5.8241800000000 -10879.9252756773039
5.8341700000000 -10879.9252419431050
5.8441600000000 -10879.9251424863724
5.8541500000000 -10879.9245756055025
5.8641400000000 -10879.9240177847114
5.8741300000000 -10879.9233788365145
5.8841200000000 -10879.9224986774170
5.8941100000000 -10879.9217246897006
5.9041000000000 -10879.9212255628645
5.9140900000000 -10879.9209379182394
5.9240800000000 -10879.9204626817955
5.9340700000000 -10879.9204796890044
5.9440600000000 -10879.9206660491218
5.9540500000000 -10879.9210792162721
5.9640400000000 -10879.9218473383535
5.9740300000000 -10879.9225542000422
5.9840200000000 -10879.9235240240141
5.9940100000000 -10879.9244999690254
6.0040000000000 -10879.9252595937105
6.0139900000000 -10879.9262117931212
6.0239800000000 -10879.9270594045538
6.0339700000000 -10879.9275000096077
6.0439600000000 -10879.9280698908296
6.0539500000000 -10879.9284276984581
6.0639400000000 -10879.9285780561695
6.0739300000000 -10879.9285200588147
6.0839200000000 -10879.9283938389108
6.0939100000000 -10879.9281186232365
6.1039000000000 -10879.9274975750031
6.1138900000000 -10879.9268875880662
6.1238800000000 -10879.9262038997167
6.1338700000000 -10879.9256911485572
6.1438600000000 -10879.9251505861412
6.1538500000000 -10879.9247238160879
6.1638400000000 -10879.9244022450475
6.1738300000000 -10879.9243637362015
6.1838200000000 -10879.9247468797421
6.1938100000000 -10879.9249940970149
6.2038000000000 -10879.9256346222119
6.2137900000000 -10879.9263968653977
6.2237800000000 -10879.9273259640267
6.2337700000000 -10879.9284016148213
6.2437600000000 -10879.9295929723448
6.2537500000000 -10879.9304757182981
6.2637400000000 -10879.9311359199510
6.2737300000000 -10879.9317736411194
6.2837200000000 -10879.9322382523733
6.2937100000000 -10879.9326822005387
6.3037000000000 -10879.9327024161139
6.3136900000000 -10879.9323965740678
6.3236800000000 -10879.9320628366477
6.3336700000000 -10879.9315539051313
6.3436600000000 -10879.9311508998817
6.3536500000000 -10879.9306103664603
6.3636400000000 -10879.9298470315862
6.3736300000000 -10879.9292387799815
6.3836200000000 -10879.9285679414224
6.3936100000000 -10879.9280527361370
6.4036000000000 -10879.9280892256847
6.4135900000000 -10879.9277603245664
6.4235800000000 -10879.9277213962341
6.4335700000000 -10879.9281910749323
6.4435600000000 -10879.9287645394088
6.4535500000000 -10879.9294715895085
6.4635400000000 -10879.9304131526660
6.4735300000000 -10879.9313398086670
6.4835200000000 -10879.9323251634905
6.4935100000000 -10879.9334289103062
6.5035000000000 -10879.9345624352372
6.5134900000000 -10879.9351713682263
6.5234800000000 -10879.9358223194413
6.5334700000000 -10879.9362640617310
6.5434600000000 -10879.9364667897662
6.5534500000000 -10879.9362983868559
6.5634400000000 -10879.9362396551824
6.5734300000000 -10879.9357519117475
6.5834200000000 -10879.9352721730720
6.5934100000000 -10879.9346639317955
6.6034000000000 -10879.9339139754429
6.6133900000000 -10879.9332115036304
6.6233800000000 -10879.9324125745934
6.6333700000000 -10879.9321173709486
6.6433600000000 -10879.9315559221868
6.6533500000000 -10879.9312414007836
6.6633400000000 -10879.9314066687657
6.6733300000000 -10879.9315297499634
6.6833200000000 -10879.9319051273087
6.6933100000000 -10879.9324013351488
6.7033000000000 -10879.9335809859622
6.7132900000000 -10879.9346949982082
6.7232800000000 -10879.9356087828455
6.7332700000000 -10879.9367433811331
6.7432600000000 -10879.9380410630765
6.7532500000000 -10879.9388185492535
6.7632400000000 -10879.9394763585715
6.7732300000000 -10879.9401581312159
6.7832200000000 -10879.9406758516470
6.7932100000000 -10879.9407581775067
6.8032000000000 -10879.9408947085285
6.8131900000000 -10879.9408739766332
6.8231800000000 -10879.9404248489009
6.8331700000000 -10879.9396186072026
6.8431600000000 -10879.9392313081153
6.8531500000000 -10879.9385449419133
6.8631400000000 -10879.9374872706558
6.8731300000000 -10879.9368559332124
6.8831200000000 -10879.9363665389483
6.8931100000000 -10879.9359394273924
6.9031000000000 -10879.9355357327113
6.9130900000000 -10879.9355937639903
6.9230800000000 -10879.9357966786411
6.9330700000000 -10879.9361772707725
6.9430600000000 -10879.9368697163227
6.9530500000000 -10879.9378876698338
6.9630400000000 -10879.9388125391415
6.9730300000000 -10879.9396448290463
6.9830200000000 -10879.9406220996370
6.9930100000000 -10879.9414605368274
7.0030000000000 -10879.9423515226936
7.0129900000000 -10879.9429813149382
7.0229800000000 -10879.9436256481349
7.0329700000000 -10879.9438781289882
7.0429600000000 -10879.9438272108819
7.0529500000000 -10879.9440099050644
7.0629400000000 -10879.9436321337398
7.0729300000000 -10879.9433681088321
7.0829200000000 -10879.9429872344172
7.0929100000000 -10879.9424037999088
7.1029000000000 -10879.9418574550073
7.1128900000000 -10879.9413632155702
7.1228800000000 -10879.9407571224001
7.1328700000000 -10879.9403482118523
7.1428600000000 -10879.9401836266425
7.1528500000000 -10879.9400139119552
7.1628400000000 -10879.9399666233458
7.1728300000000 -10879.9403720194896
7.1828200000000 -10879.9410226959881
7.1928100000000 -10879.9417879778539
7.2028000000000 -10879.9426324540909
7.2127900000000 -10879.9435819527534
7.2227800000000 -10879.9445599452774
7.2327700000000 -10879.9453048167088
7.2427600000000 -10879.9461622993094
7.2527500000000 -10879.9471147950189
7.2627400000000 -10879.9475416589266
7.2727300000000 -10879.9478881794912
7.2827200000000 -10879.9482813298255
7.2927100000000 -10879.9484589409367
7.3027000000000 -10879.9480292334083
7.3126900000000 -10879.9478743809286
7.3226800000000 -10879.9474311335234
7.3326700000000 -10879.9469545062057
7.3426600000000 -10879.9463958937522
7.3526500000000 -10879.9458901284561
7.3626400000000 -10879.9455895107203
7.3726300000000 -10879.9451340402502
7.3826200000000 -10879.9450122600356
7.3926100000000 -10879.9448156362396
7.4026000000000 -10879.9448501870775
7.4125900000000 -10879.9448767143331
7.4225800000000 -10879.9456353221722
7.4325700000000 -10879.9461322301122
7.4425600000000 -10879.9468929779832
7.4525500000000 -10879.9479043154388
7.4625400000000 -10879.9489080824369
7.4725300000000 -10879.9498655236930
7.4825200000000 -10879.9508571386395
7.4925100000000 -10879.9515063759482
7.5025000000000 -10879.9522615996138
7.5124900000000 -10879.9524628339332
7.5224800000000 -10879.9529039476820
7.5324700000000 -10879.9528681842930
7.5424600000000 -10879.9528650028897
7.5524500000000 -10879.9525996718439
7.5624400000000 -10879.9523529075232
7.5724300000000 -10879.9518736673781
7.5824200000000 -10879.9513543754420
7.5924100000000 -10879.9507012590802
7.6024000000000 -10879.9501512052939
7.6123900000000 -10879.9497331712646
7.6223800000000 -10879.9492698264439
7.6323700000000 -10879.9487387982008
7.6423600000000 -10879.9488661821579
7.6523500000000 -10879.9489348177740
7.6623400000000 -10879.9492554062326
7.6723300000000 -10879.9499372088412
7.6823200000000 -10879.9507451107365
7.6923100000000 -10879.9515397562791
7.7023000000000 -10879.9522885466595
7.7122900000000 -10879.9535667834971
7.7222800000000 -10879.9542525743927
7.7322700000000 -10879.9550795497198
7.7422600000000 -10879.9555857930136
7.7522500000000 -10879.9561814368026
7.7622400000000 -10879.9569295575620
7.7722300000000 -10879.9571998114698
7.7822200000000 -10879.9571603030363
7.7922100000000 -10879.9571892828226
7.8022000000000 -10879.9569600866271
7.8121900000000 -10879.9566102275021
7.8221800000000 -10879.9564236933147
7.8321700000000 -10879.9557509024180
7.8421600000000 -10879.9551769673308
7.8521500000000 -10879.9549337287553
7.8621400000000 -10879.9544162639213
7.8721300000000 -10879.9539411617534
7.8821200000000 -10879.9537389852376
7.8921100000000 -10879.9537366754885
7.9021000000000 -10879.9539770979445
7.9120900000000 -10879.9542485739785
7.9220800000000 -10879.9548512282909
7.9320700000000 -10879.9555321010666
7.9420600000000 -10879.9565686728147
7.9520500000000 -10879.9574119931203
7.9620400000000 -10879.9582719014943
7.9720300000000 -10879.9592955039097
7.9820200000000 -10879.9601204942483
7.9920100000000 -10879.9608117221560
8.0020000000000 -10879.9613788148945
8.0119900000000 -10879.9619654060607
8.0219800000000 -10879.9618972695644
8.0319700000000 -10879.9619850907638
8.0419600000000 -10879.9621000585375
8.0519500000000 -10879.9618920346256
8.0619400000000 -10879.9615646280399
8.0719300000000 -10879.9611349662446
8.0819200000000 -10879.9608119659697
8.0919100000000 -10879.9603054744748
8.1019000000000 -10879.9598348371528
8.1118900000000 -10879.9597101658110
8.1218800000000 -10879.9594062218475
8.1318700000000 -10879.9590540122663
8.1418600000000 -10879.9592306147133
8.1518500000000 -10879.9593051191550
8.1618400000000 -10879.9596880363188
8.1718300000000 -10879.9604483990770
8.1818200000000 -10879.9611045325291
8.1918100000000 -10879.9616490952176
8.2018000000000 -10879.9624296864640
8.2117900000000 -10879.9632985181379
8.2217800000000 -10879.9642465280740
8.2317700000000 -10879.9644970696536
8.2417600000000 -10879.9651214601890
8.2517500000000 -10879.9652377351977
8.2617400000000 -10879.9655453413870
8.2717300000000 -10879.9656003947039
8.2817200000000 -10879.9657048881309
8.2917100000000 -10879.9654415427813
8.3017000000000 -10879.9653692532884
8.3116900000000 -10879.9649831504812
8.3216800000000 -10879.9648045007980
8.3316700000000 -10879.9643929651884
8.3416600000000 -10879.9641293181248
8.3516500000000 -10879.9637260820509
8.3616400000000 -10879.9635239136587
8.3716300000000 -10879.9634308627010
8.3816200000000 -10879.9638068552704
8.3916100000000 -10879.9640881391915
8.4016000000000 -10879.9643601465759
8.4115900000000 -10879.9651627989806
8.4215800000000 -10879.9654439803489
8.4315700000000 -10879.9664522388866
8.4415600000000 -10879.9671115958317
8.4515500000000 -10879.9678838140189
8.4615400000000 -10879.9684591537170
8.4715300000000 -10879.9688538895989
8.4815200000000 -10879.9695141259799
8.4915100000000 -10879.9698679008125
8.5015000000000 -10879.9703656065649
8.5114900000000 -10879.9704257217782
8.5214800000000 -10879.9704376236714
8.5314700000000 -10879.9704901577461
8.5414600000000 -10879.9701146350599
8.5514500000000 -10879.9698465290694
8.5614400000000 -10879.9693713867073
8.5714300000000 -10879.9691163118823
8.5814200000000 -10879.9687743841914
8.5914100000000 -10879.9684715573148
8.6014000000000 -10879.9681067496022
8.6113900000000 -10879.9680943637122
8.6213800000000 -10879.9678126454892
8.6313700000000 -10879.9681102917239
8.6413600000000 -10879.9684455057322
8.6513500000000 -10879.9688274955697
8.6613400000000 -10879.9694434003031
8.6713300000000 -10879.9700005309660
8.6813200000000 -10879.9709120444459
8.6913100000000 -10879.9716022948378
8.7013000000000 -10879.9722240413557
8.7112900000000 -10879.9732442101686
8.7212800000000 -10879.9734922117168
8.7312700000000 -10879.9737668863290
8.7412600000000 -10879.9743063110964
8.7512500000000 -10879.9747771893726
8.7612400000000 -10879.9746017650104
8.7712300000000 -10879.9746456181438
8.7812200000000 -10879.9745250374399
8.7912100000000 -10879.9743932731162
8.8012000000000 -10879.9744186219013
8.8111900000000 -10879.9742973789726
8.8211800000000 -10879.9737435046700
8.8311700000000 -10879.9735012966921
8.8411600000000 -10879.9732854700360
8.8511500000000 -10879.9733401346766
8.8611400000000 -10879.9733317609316
8.8711300000000 -10879.9734585430597
8.8811200000000 -10879.9735206751047
8.8911100000000 -10879.9742597786753
8.9011000000000 -10879.9747325083154
8.9110900000000 -10879.9753231423165
8.9210800000000 -10879.9762330631693
8.9310700000000 -10879.9769024999041
8.9410600000000 -10879.9777050097109
8.9510500000000 -10879.9783283238903
8.9610400000000 -10879.9790473219637
8.9710300000000 -10879.9794210313339
8.9810200000000 -10879.9796750237256
8.9910100000000 -10879.9799784033221
9.0010000000000 -10879.9798032473172
9.0109900000000 -10879.9798536493290
9.0209800000000 -10879.9798168712223
9.0309700000000 -10879.9795415803801
9.0409600000000 -10879.9794758455064
9.0509500000000 -10879.9792954812820
9.0609400000000 -10879.9791150946621
9.0709300000000 -10879.9788381150502
9.0809200000000 -10879.9786181951440
9.0909100000000 -10879.9784026945035
9.1009000000000 -10879.9785279535517
9.1108900000000 -10879.9785906583111
9.1208800000000 -10879.9789842885239
9.1308700000000 -10879.9793265257304
9.1408600000000 -10879.9797831660035
9.1508500000000 -10879.9802531076548
9.1608400000000 -10879.9811735821022
9.1708300000000 -10879.9820972414891
9.1808200000000 -10879.9827393141659
9.1908100000000 -10879.9834373379581
9.2008000000000 -10879.9837780800735
9.2107900000000 -10879.9844564684136
9.2207800000000 -10879.9849108896997
9.2307700000000 -10879.9848943490342
9.2407600000000 -10879.9850686589980
9.2507500000000 -10879.9851747513985
9.2607400000000 -10879.9851664654780
9.2707300000000 -10879.9849022368580
9.2807200000000 -10879.9843964687589
9.2907100000000 -10879.9840792725518
9.3007000000000 -10879.9839742591284
9.3106900000000 -10879.9834199007691
9.3206800000000 -10879.9830860332022
9.3306700000000 -10879.9831186047413
9.3406600000000 -10879.9830178344400
9.3506500000000 -10879.9830243206416
9.3606400000000 -10879.9831500591481
9.3706300000000 -10879.9836554162157
9.3806200000000 -10879.9839674313207
9.3906100000000 -10879.9846668710870
9.4006000000000 -10879.9853671440760
9.4105900000000 -10879.9860981546153
9.4205800000000 -10879.9870695578138
9.4305700000000 -10879.9882594794344
9.4405600000000 -10879.9888146317498
9.4505500000000 -10879.9890809402714
9.4605400000000 -10879.9898150986228
9.4705300000000 -10879.9898353326771
9.4805200000000 -10879.9899890012821
9.4905100000000 -10879.9902906358584
9.5005000000000 -10879.9902170613768
9.5104900000000 -10879.9900950718238
9.5204800000000 -10879.9896373182601
9.5304700000000 -10879.9895325134894
9.5404600000000 -10879.9895505987643
9.5504500000000 -10879.9890868225502
9.5604400000000 -10879.9889403069501
9.5704300000000 -10879.9887653085570
9.5804200000000 -10879.9886390781867
9.5904100000000 -10879.9887246943235
9.6004000000000 -10879.9887052335125
9.6103900000000 -10879.9887886911365
9.6203800000000 -10879.9893853384565
9.6303700000000 -10879.9898981997030
9.6403600000000 -10879.9906029490940
9.6503500000000 -10879.9913995009556
9.6603400000000 -10879.9922884219395
9.6703300000000 -10879.9932769866027
9.6803200000000 -10879.9938676781057
9.6903100000000 -10879.9945118413234
9.7003000000000 -10879.9950542946735
9.7102900000000 -10879.9955928356503
9.7202800000000 -10879.9959771091653
9.7302700000000 -10879.9961791808837
9.7402600000000 -10879.9960864905861
9.7502500000000 -10879.9961671413621
9.7602400000000 -10879.9960409334544
9.7702300000000 -10879.9956538881543
9.7802200000000 -10879.9953293640938
9.7902100000000 -10879.9951030140255
9.8002000000000 -10879.9947855524315
9.8101900000000 -10879.9944384841419
9.8201800000000 -10879.9944947320164
9.8301700000000 -10879.9941573922970
9.8401600000000 -10879.9941372286266
9.8501500000000 -10879.9943553913690
9.8601400000000 -10879.9946064237083
9.8701300000000 -10879.9947938245841
9.8801200000000 -10879.9956878878329
9.8901100000000 -10879.9961721745312
9.9001000000000 -10879.9969480606433
9.9100900000000 -10879.9977309729311
9.9200800000000 -10879.9986859770652
9.9300700000000 -10879.9993810717569
9.9400600000000 -10879.9999628302230
9.9500500000000 -10880.0004808661979
9.9600400000000 -10880.0005061947104
9.9700300000000 -10880.0010712255589
9.9800200000000 -10880.0010866180510
9.9900100000000 -10880.0008817894704
10.0000000000000 -10880.0006830000002
