0.010000 -74018.526738
0.020000 -74018.529388
0.030000 -74018.532161
0.040000 -74018.535997
0.050000 -74018.541964
0.060000 -74018.552319
0.070000 -74018.566486
0.080000 -74018.575441
0.090000 -74018.595091
0.100000 -74018.612591
0.110000 -74018.630059
0.120000 -74018.648924
0.130000 -74018.674943
0.140000 -74018.698813
0.150000 -74018.725118
0.160000 -74018.757336
0.170000 -74018.786044
0.180000 -74018.817141
0.190000 -74018.853718
0.200000 -74018.888357
0.210000 -74018.924623
0.220000 -74018.966341
0.230000 -74019.007466
0.240000 -74019.051703
0.250000 -74019.096218
0.260000 -74019.138367
0.270000 -74019.188241
0.280000 -74019.235720
0.290000 -74019.284607
0.300000 -74019.335015
0.310000 -74019.387057
0.320000 -74019.439091
0.330000 -74019.492748
0.340000 -74019.547752
0.350000 -74019.602618
0.360000 -74019.658873
0.370000 -74019.715224
0.380000 -74019.773250
0.390000 -74019.830623
0.400000 -74019.886893
0.410000 -74019.945528
0.420000 -74020.003136
0.430000 -74020.062011
0.440000 -74020.121039
0.450000 -74020.178530
0.460000 -74020.237653
0.470000 -74020.296302
0.480000 -74020.353183
0.490000 -74020.410193
0.500000 -74020.468897
0.510000 -74020.526487
0.520000 -74020.584436
0.530000 -74020.637711
0.540000 -74020.696384
0.550000 -74020.752938
0.560000 -74020.808462
0.570000 -74020.861058
0.580000 -74020.915739
0.590000 -74020.966553
0.600000 -74021.020934
0.610000 -74021.070781
0.620000 -74021.120350
0.630000 -74021.171305
0.640000 -74021.218062
0.650000 -74021.269689
0.660000 -74021.315475
0.670000 -74021.360396
0.680000 -74021.403390
0.690000 -74021.448577
0.700000 -74021.489160
0.710000 -74021.530532
0.720000 -74021.568531
0.730000 -74021.605728
0.740000 -74021.640603
0.750000 -74021.676018
0.760000 -74021.707962
0.770000 -74021.740349
0.780000 -74021.771532
0.790000 -74021.796229
0.800000 -74021.820602
0.810000 -74021.845449
0.820000 -74021.871013
0.830000 -74021.892519
0.840000 -74021.910850
0.850000 -74021.929401
0.860000 -74021.946267
0.870000 -74021.960826
0.880000 -74021.977818
0.890000 -74021.986967
0.900000 -74021.999498
0.910000 -74022.006996
0.920000 -74022.016931
0.930000 -74022.020415
0.940000 -74022.026721
0.950000 -74022.031257
0.960000 -74022.033438
0.970000 -74022.036328
0.980000 -74022.037949
0.990000 -74022.036221
1.000000 -74022.034978
1.010000 -74022.033770
1.020000 -74022.029602
1.030000 -74022.022470
1.040000 -74022.019268
1.050000 -74022.012524
1.060000 -74022.004743
1.070000 -74021.997437
1.080000 -74021.987079
1.090000 -74021.977562
1.100000 -74021.967253
1.110000 -74021.956691
1.120000 -74021.942235
1.130000 -74021.931376
1.140000 -74021.918999
1.150000 -74021.905722
1.160000 -74021.890073
1.170000 -74021.876858
1.180000 -74021.862004
1.190000 -74021.846739
1.200000 -74021.830716
1.210000 -74021.814930
1.220000 -74021.798911
1.230000 -74021.781535
1.240000 -74021.767816
1.250000 -74021.750249
1.260000 -74021.733326
1.270000 -74021.718671
1.280000 -74021.700771
1.290000 -74021.685128
1.300000 -74021.672372
1.310000 -74021.655952
1.320000 -74021.643850
1.330000 -74021.624291
1.340000 -74021.609715
1.350000 -74021.595135
1.360000 -74021.582163
1.370000 -74021.568740
1.380000 -74021.557210
1.390000 -74021.544097
1.400000 -74021.531652
1.410000 -74021.522592
1.420000 -74021.509347
1.430000 -74021.498456
1.440000 -74021.488225
1.450000 -74021.481087
1.460000 -74021.470510
1.470000 -74021.461933
1.480000 -74021.454216
1.490000 -74021.450034
1.500000 -74021.441390
1.510000 -74021.436125
1.520000 -74021.427744
1.530000 -74021.424268
1.540000 -74021.422423
1.550000 -74021.418044
1.560000 -74021.411974
1.570000 -74021.412154
1.580000 -74021.410077
1.590000 -74021.408382
1.600000 -74021.407918
1.610000 -74021.406550
1.620000 -74021.407589
1.630000 -74021.409502
1.640000 -74021.409131
1.650000 -74021.414176
1.660000 -74021.414494
1.670000 -74021.417573
1.680000 -74021.420500
1.690000 -74021.423633
1.700000 -74021.430691
1.710000 -74021.433606
1.720000 -74021.438711
1.730000 -74021.444567
1.740000 -74021.452519
1.750000 -74021.457272
1.760000 -74021.464947
1.770000 -74021.473308
1.780000 -74021.479843
1.790000 -74021.487340
1.800000 -74021.496208
1.810000 -74021.502452
1.820000 -74021.511694
1.830000 -74021.519423
1.840000 -74021.528864
1.850000 -74021.537644
1.860000 -74021.545174
1.870000 -74021.554535
1.880000 -74021.563494
1.890000 -74021.571479
1.900000 -74021.580280
1.910000 -74021.586986
1.920000 -74021.596111
1.930000 -74021.604238
1.940000 -74021.612368
1.950000 -74021.620486
1.960000 -74021.626790
1.970000 -74021.636924
1.980000 -74021.641334
1.990000 -74021.650676
2.000000 -74021.657085
2.010000 -74021.665066
2.020000 -74021.669911
2.030000 -74021.674731
2.040000 -74021.683315
2.050000 -74021.687607
2.060000 -74021.693225
2.070000 -74021.699044
2.080000 -74021.703494
2.090000 -74021.707379
2.100000 -74021.712756
2.110000 -74021.714978
2.120000 -74021.719668
2.130000 -74021.721693
2.140000 -74021.727041
2.150000 -74021.732192
2.160000 -74021.729374
2.170000 -74021.733017
2.180000 -74021.733395
2.190000 -74021.738029
2.200000 -74021.736186
2.210000 -74021.738836
2.220000 -74021.737325
2.230000 -74021.737045
2.240000 -74021.737939
2.250000 -74021.739262
2.260000 -74021.739229
2.270000 -74021.735095
2.280000 -74021.736166
2.300000 -74021.730029
2.310000 -74021.727957
2.320000 -74021.724585
2.330000 -74021.721502
2.340000 -74021.718243
2.350000 -74021.715619
2.360000 -74021.711430
2.370000 -74021.709318
2.380000 -74021.702881
2.390000 -74021.696547
2.400000 -74021.694285
2.410000 -74021.688774
2.420000 -74021.683075
2.430000 -74021.679410
2.440000 -74021.672282
2.450000 -74021.668848
2.460000 -74021.662187
2.470000 -74021.656042
2.480000 -74021.650238
2.490000 -74021.646817
2.500000 -74021.639708
2.510000 -74021.633894
2.520000 -74021.627305
2.530000 -74021.623762
2.540000 -74021.616864
2.550000 -74021.611095
2.560000 -74021.605681
2.570000 -74021.599859
2.580000 -74021.593781
2.590000 -74021.588499
2.600000 -74021.583245
2.610000 -74021.578973
2.620000 -74021.573576
2.630000 -74021.567279
2.640000 -74021.565340
2.650000 -74021.557822
2.660000 -74021.556270
2.670000 -74021.551317
2.680000 -74021.547742
2.690000 -74021.545568
2.700000 -74021.542251
2.710000 -74021.538286
2.720000 -74021.536832
2.730000 -74021.533099
2.740000 -74021.532389
2.750000 -74021.530700
2.760000 -74021.527266
2.770000 -74021.526348
2.780000 -74021.525894
2.790000 -74021.525071
2.800000 -74021.524590
2.810000 -74021.522228
2.820000 -74021.524200
2.830000 -74021.523299
2.840000 -74021.523328
2.850000 -74021.525374
2.860000 -74021.524469
2.870000 -74021.527237
2.880000 -74021.529197
2.890000 -74021.530858
2.900000 -74021.531363
2.910000 -74021.534852
2.920000 -74021.537741
2.930000 -74021.540281
2.940000 -74021.544465
2.950000 -74021.545148
2.960000 -74021.550310
2.970000 -74021.553250
2.980000 -74021.556665
2.990000 -74021.559551
3.000000 -74021.564319
3.010000 -74021.567200
3.020000 -74021.570354
3.030000 -74021.576749
3.040000 -74021.580503
3.050000 -74021.582854
3.060000 -74021.589469
3.070000 -74021.593226
3.080000 -74021.595998
3.090000 -74021.601913
3.100000 -74021.606877
3.110000 -74021.611958
3.120000 -74021.616719
3.130000 -74021.621815
3.140000 -74021.622970
3.150000 -74021.629216
3.160000 -74021.632059
3.170000 -74021.635292
3.190000 -74021.644250
3.200000 -74021.650264
3.210000 -74021.651208
3.220000 -74021.655362
3.230000 -74021.656550
3.240000 -74021.662829
3.250000 -74021.665706
3.260000 -74021.668082
3.270000 -74021.671261
3.280000 -74021.673383
3.290000 -74021.676667
3.300000 -74021.678119
3.310000 -74021.679755
3.320000 -74021.681843
3.330000 -74021.683720
3.340000 -74021.686679
3.350000 -74021.687153
3.360000 -74021.689610
3.370000 -74021.688679
3.380000 -74021.689588
3.390000 -74021.690161
3.410000 -74021.690270
3.420000 -74021.690978
3.430000 -74021.690234
3.440000 -74021.691595
3.450000 -74021.690471
3.460000 -74021.692952
3.470000 -74021.689094
3.480000 -74021.688681
3.490000 -74021.687808
3.500000 -74021.687306
3.510000 -74021.685198
3.520000 -74021.684473
3.530000 -74021.682424
3.540000 -74021.681091
3.550000 -74021.678128
3.560000 -74021.678064
3.570000 -74021.674790
3.580000 -74021.672969
3.590000 -74021.671909
3.600000 -74021.668644
3.610000 -74021.666443
3.620000 -74021.663935
3.630000 -74021.661123
3.640000 -74021.659260
3.650000 -74021.657026
3.660000 -74021.654843
3.670000 -74021.652068
3.680000 -74021.645774
3.690000 -74021.642998
3.700000 -74021.640196
3.710000 -74021.637913
3.720000 -74021.636322
3.730000 -74021.631807
3.740000 -74021.629993
3.750000 -74021.626496
3.760000 -74021.621194
3.770000 -74021.619140
3.780000 -74021.615280
3.790000 -74021.612175
3.800000 -74021.611860
3.810000 -74021.606860
3.820000 -74021.604303
3.830000 -74021.601608
3.840000 -74021.599853
3.850000 -74021.596615
3.860000 -74021.594509
3.870000 -74021.589907
3.880000 -74021.588132
3.890000 -74021.587545
3.900000 -74021.584271
3.910000 -74021.583555
3.920000 -74021.579311
3.930000 -74021.579174
3.940000 -74021.577084
3.950000 -74021.575301
3.960000 -74021.573815
3.970000 -74021.573824
3.980000 -74021.572928
3.990000 -74021.571808
4.000000 -74021.571802
4.010000 -74021.571024
4.020000 -74021.571789
4.030000 -74021.570127
4.040000 -74021.571658
4.050000 -74021.570144
4.060000 -74021.571986
4.070000 -74021.571145
4.080000 -74021.573910
4.090000 -74021.574875
4.100000 -74021.576776
4.110000 -74021.576155
4.120000 -74021.579217
4.130000 -74021.578796
4.140000 -74021.582883
4.150000 -74021.581537
4.160000 -74021.586146
4.170000 -74021.586961
4.180000 -74021.590758
4.190000 -74021.592164
4.200000 -74021.595180
4.210000 -74021.597438
4.220000 -74021.600931
4.230000 -74021.603586
4.240000 -74021.605736
4.250000 -74021.610055
4.260000 -74021.611177
4.270000 -74021.615227
4.280000 -74021.618032
4.290000 -74021.620415
4.300000 -74021.621984
4.310000 -74021.625773
4.320000 -74021.630272
4.330000 -74021.631463
4.340000 -74021.634030
4.350000 -74021.639117
4.360000 -74021.642037
4.370000 -74021.645751
4.380000 -74021.646240
4.390000 -74021.649613
4.400000 -74021.652930
4.410000 -74021.656407
4.420000 -74021.655616
4.430000 -74021.659407
4.440000 -74021.660116
4.450000 -74021.663528
4.460000 -74021.666353
4.470000 -74021.669756
4.480000 -74021.669012
4.490000 -74021.670025
4.500000 -74021.674123
4.510000 -74021.674969
4.520000 -74021.676195
4.530000 -74021.678641
4.540000 -74021.679899
4.550000 -74021.678506
4.560000 -74021.680544
4.570000 -74021.681700
4.580000 -74021.682476
4.590000 -74021.683466
4.600000 -74021.682943
4.610000 -74021.684631
4.620000 -74021.683143
4.630000 -74021.684037
4.640000 -74021.684459
4.650000 -74021.684070
4.660000 -74021.684034
4.670000 -74021.683134
4.680000 -74021.683008
4.690000 -74021.679637
4.700000 -74021.682237
4.710000 -74021.678948
4.720000 -74021.678020
4.730000 -74021.678907
4.740000 -74021.677205
4.750000 -74021.675472
4.760000 -74021.673337
4.770000 -74021.671464
4.780000 -74021.668990
4.790000 -74021.668338
4.800000 -74021.669172
4.810000 -74021.664926
4.820000 -74021.665118
4.830000 -74021.662849
4.840000 -74021.660006
4.850000 -74021.658007
4.860000 -74021.654766
4.870000 -74021.651670
4.880000 -74021.650540
4.890000 -74021.649723
4.900000 -74021.647124
4.910000 -74021.644516
4.920000 -74021.643163
4.930000 -74021.639283
4.940000 -74021.636339
4.950000 -74021.634600
4.960000 -74021.632117
4.970000 -74021.630894
4.980000 -74021.628665
4.990000 -74021.626853
5.000000 -74021.625577
5.010000 -74021.623652
5.020000 -74021.620594
5.030000 -74021.617473
5.040000 -74021.615914
5.050000 -74021.615972
5.060000 -74021.615452
5.070000 -74021.609657
5.080000 -74021.609198
5.090000 -74021.609210
5.100000 -74021.608476
5.110000 -74021.603357
5.120000 -74021.601628
5.130000 -74021.601659
5.140000 -74021.602720
5.150000 -74021.599305
5.160000 -74021.599010
5.170000 -74021.597068
5.180000 -74021.597887
5.190000 -74021.597800
5.200000 -74021.596628
5.210000 -74021.596352
5.220000 -74021.596458
5.230000 -74021.595762
5.240000 -74021.594002
5.250000 -74021.596630
5.260000 -74021.597853
5.270000 -74021.595931
5.280000 -74021.597289
5.290000 -74021.598039
5.300000 -74021.597954
5.310000 -74021.597603
5.320000 -74021.600556
5.330000 -74021.600068
5.340000 -74021.601324
5.350000 -74021.603492
5.360000 -74021.603694
5.370000 -74021.605701
5.380000 -74021.605932
5.390000 -74021.607400
5.400000 -74021.609450
5.410000 -74021.609947
5.420000 -74021.613245
5.430000 -74021.617810
5.440000 -74021.618492
5.450000 -74021.619932
5.460000 -74021.622315
5.470000 -74021.624366
5.480000 -74021.624870
5.490000 -74021.627936
5.500000 -74021.629088
5.510000 -74021.631891
5.520000 -74021.634257
5.530000 -74021.636315
5.540000 -74021.640377
5.550000 -74021.641078
5.560000 -74021.644814
5.570000 -74021.646696
5.580000 -74021.650611
5.590000 -74021.650070
5.600000 -74021.654446
5.610000 -74021.653027
5.620000 -74021.657600
5.630000 -74021.658949
5.640000 -74021.662168
5.650000 -74021.663814
5.660000 -74021.665911
5.670000 -74021.667895
5.680000 -74021.669364
5.690000 -74021.671557
5.700000 -74021.669825
5.710000 -74021.674742
5.720000 -74021.674399
5.730000 -74021.676137
5.740000 -74021.676993
5.750000 -74021.677698
5.760000 -74021.679171
5.770000 -74021.679302
5.780000 -74021.682515
5.790000 -74021.680957
5.800000 -74021.681191
5.810000 -74021.681868
5.820000 -74021.685230
5.830000 -74021.682058
5.840000 -74021.684794
5.850000 -74021.682983
5.860000 -74021.684406
5.870000 -74021.684431
5.880000 -74021.684164
5.890000 -74021.684498
5.900000 -74021.683799
5.910000 -74021.686739
5.920000 -74021.684679
5.930000 -74021.683312
5.940000 -74021.681661
5.950000 -74021.683092
5.960000 -74021.680661
5.970000 -74021.677549
5.980000 -74021.678385
5.990000 -74021.678098
6.000000 -74021.677742
6.010000 -74021.677298
6.020000 -74021.677485
6.030000 -74021.674507
6.040000 -74021.674918
6.050000 -74021.673200
6.060000 -74021.670360
6.070000 -74021.669882
6.080000 -74021.668107
6.090000 -74021.664759
6.100000 -74021.665534
6.110000 -74021.662788
6.120000 -74021.663340
6.130000 -74021.659017
6.140000 -74021.660195
6.150000 -74021.658514
6.160000 -74021.655342
6.170000 -74021.651873
6.180000 -74021.653129
6.190000 -74021.649718
6.200000 -74021.648400
6.210000 -74021.647598
6.220000 -74021.644276
6.230000 -74021.645779
6.240000 -74021.641958
6.250000 -74021.641865
6.260000 -74021.640160
6.270000 -74021.637568
6.280000 -74021.637785
6.290000 -74021.636385
6.300000 -74021.632759
6.310000 -74021.633341
6.320000 -74021.631085
6.330000 -74021.631351
6.340000 -74021.629060
6.350000 -74021.629359
6.360000 -74021.629710
6.370000 -74021.627384
6.380000 -74021.626760
6.390000 -74021.627889
6.400000 -74021.628040
6.410000 -74021.625808
6.420000 -74021.624952
6.430000 -74021.624221
6.440000 -74021.627357
6.450000 -74021.627414
6.460000 -74021.628900
6.470000 -74021.627660
6.480000 -74021.629320
6.490000 -74021.629501
6.500000 -74021.631496
6.510000 -74021.628370
6.520000 -74021.630394
6.530000 -74021.632626
6.540000 -74021.631544
6.550000 -74021.631534
6.560000 -74021.633381
6.570000 -74021.637288
6.580000 -74021.638137
6.590000 -74021.638181
6.610000 -74021.641669
6.620000 -74021.644443
6.630000 -74021.643316
6.640000 -74021.645600
6.650000 -74021.647929
6.660000 -74021.650342
6.670000 -74021.651972
6.680000 -74021.652928
6.690000 -74021.653843
6.700000 -74021.653320
6.710000 -74021.657386
6.720000 -74021.657566
6.730000 -74021.661547
6.740000 -74021.662828
6.750000 -74021.665298
6.760000 -74021.666560
6.770000 -74021.670228
6.780000 -74021.670868
6.790000 -74021.672119
6.800000 -74021.672486
6.810000 -74021.676764
6.820000 -74021.677044
6.830000 -74021.681297
6.840000 -74021.679038
6.850000 -74021.681494
6.860000 -74021.685850
6.870000 -74021.687098
6.880000 -74021.687759
6.900000 -74021.689976
6.910000 -74021.692002
6.920000 -74021.691107
6.930000 -74021.691612
6.940000 -74021.693954
6.950000 -74021.694797
6.960000 -74021.695921
6.970000 -74021.695017
6.980000 -74021.696098
6.990000 -74021.698470
7.000000 -74021.698608
7.010000 -74021.699639
7.020000 -74021.698885
7.030000 -74021.698468
7.040000 -74021.696788
7.050000 -74021.697180
7.060000 -74021.700180
7.070000 -74021.702969
7.090000 -74021.696790
7.100000 -74021.700735
7.110000 -74021.699116
7.120000 -74021.697457
7.130000 -74021.699736
7.140000 -74021.698354
7.150000 -74021.697006
7.160000 -74021.695680
7.170000 -74021.697870
7.180000 -74021.694570
7.190000 -74021.693832
7.200000 -74021.693856
7.210000 -74021.693603
7.220000 -74021.691023
7.230000 -74021.690192
7.240000 -74021.689209
7.250000 -74021.690464
7.260000 -74021.686892
7.270000 -74021.687158
7.280000 -74021.685265
7.290000 -74021.682627
7.300000 -74021.682964
7.310000 -74021.680799
7.320000 -74021.679350
7.330000 -74021.677454
7.340000 -74021.679985
7.350000 -74021.676958
7.360000 -74021.672465
7.370000 -74021.673432
7.380000 -74021.673446
7.390000 -74021.673473
7.400000 -74021.672152
7.410000 -74021.667420
7.430000 -74021.666740
7.440000 -74021.665523
7.450000 -74021.664989
7.460000 -74021.663332
7.470000 -74021.662836
7.480000 -74021.661139
7.490000 -74021.661299
7.500000 -74021.660159
7.510000 -74021.659102
7.520000 -74021.657023
7.530000 -74021.655567
7.540000 -74021.654072
7.550000 -74021.655264
7.570000 -74021.654941
7.580000 -74021.654255
7.590000 -74021.652646
7.600000 -74021.650790
7.610000 -74021.653225
7.620000 -74021.649428
7.630000 -74021.652442
7.640000 -74021.650614
7.650000 -74021.650130
7.660000 -74021.651606
7.670000 -74021.652671
7.680000 -74021.651396
7.690000 -74021.651068
7.700000 -74021.653150
7.710000 -74021.651508
7.720000 -74021.653089
7.730000 -74021.654891
7.740000 -74021.654501
7.750000 -74021.655267
7.760000 -74021.654835
7.770000 -74021.654824
7.790000 -74021.659308
7.800000 -74021.657210
7.810000 -74021.661164
7.820000 -74021.663164
7.830000 -74021.663911
7.840000 -74021.664993
7.850000 -74021.667076
7.860000 -74021.667858
7.870000 -74021.669930
7.880000 -74021.672451
7.890000 -74021.672495
7.900000 -74021.673206
7.910000 -74021.674638
7.920000 -74021.679204
7.940000 -74021.682290
7.950000 -74021.681909
7.960000 -74021.684511
7.970000 -74021.684524
7.980000 -74021.689083
7.990000 -74021.688949
8.000000 -74021.691154
8.010000 -74021.692873
8.020000 -74021.694346
8.030000 -74021.695966
8.040000 -74021.698256
8.050000 -74021.699653
8.060000 -74021.699807
8.070000 -74021.701524
8.080000 -74021.704834
8.090000 -74021.704354
8.100000 -74021.706878
8.110000 -74021.705817
8.120000 -74021.709213
8.130000 -74021.708344
8.140000 -74021.707757
8.150000 -74021.709324
8.160000 -74021.712022
8.170000 -74021.710276
8.180000 -74021.712040
8.190000 -74021.711696
8.200000 -74021.712958
8.210000 -74021.713126
8.220000 -74021.714192
8.230000 -74021.712424
8.240000 -74021.714136
8.250000 -74021.713134
8.260000 -74021.714812
8.270000 -74021.714660
8.280000 -74021.713744
8.290000 -74021.714377
8.300000 -74021.714778
8.310000 -74021.714682
8.320000 -74021.714165
8.330000 -74021.714355
8.340000 -74021.716051
8.350000 -74021.713191
8.360000 -74021.713437
8.370000 -74021.709860
8.380000 -74021.711815
8.390000 -74021.711048
8.400000 -74021.708922
8.410000 -74021.709324
8.420000 -74021.709220
8.430000 -74021.707571
8.440000 -74021.708364
8.450000 -74021.704903
8.460000 -74021.706566
8.480000 -74021.703824
8.490000 -74021.703111
8.500000 -74021.703422
8.510000 -74021.701133
8.520000 -74021.701553
8.530000 -74021.700015
8.540000 -74021.700620
8.550000 -74021.699089
8.560000 -74021.695102
8.570000 -74021.694261
8.580000 -74021.693951
8.590000 -74021.693762
8.600000 -74021.691806
8.610000 -74021.691517
8.620000 -74021.690550
8.630000 -74021.687774
8.640000 -74021.689936
8.650000 -74021.687017
8.660000 -74021.687432
8.670000 -74021.688220
8.680000 -74021.684270
8.690000 -74021.684791
8.700000 -74021.682457
8.710000 -74021.680642
8.720000 -74021.680572
8.730000 -74021.679548
8.740000 -74021.680724
8.750000 -74021.679195
8.760000 -74021.678876
8.770000 -74021.679032
8.780000 -74021.679772
8.790000 -74021.676960
8.800000 -74021.679129
8.810000 -74021.677218
8.820000 -74021.676302
8.830000 -74021.677349
8.840000 -74021.676542
8.850000 -74021.679218
8.860000 -74021.677445
8.870000 -74021.678476
8.880000 -74021.677065
8.890000 -74021.678223
8.900000 -74021.679033
8.910000 -74021.679051
8.920000 -74021.678944
8.930000 -74021.679704
8.940000 -74021.681257
8.950000 -74021.680999
8.960000 -74021.681641
8.970000 -74021.685092
8.980000 -74021.683385
8.990000 -74021.684954
9.000000 -74021.684754
9.010000 -74021.686536
9.020000 -74021.688684
9.030000 -74021.687876
9.040000 -74021.688665
9.050000 -74021.690038
9.060000 -74021.691022
9.070000 -74021.692843
9.080000 -74021.693590
9.090000 -74021.697938
9.100000 -74021.696890
9.110000 -74021.699903
9.120000 -74021.703079
9.130000 -74021.701167
9.140000 -74021.704966
9.150000 -74021.704937
9.160000 -74021.706961
9.170000 -74021.710118
9.180000 -74021.710576
9.190000 -74021.714509
9.200000 -74021.713836
9.210000 -74021.713075
9.220000 -74021.717727
9.230000 -74021.719709
9.240000 -74021.719305
9.250000 -74021.720992
9.260000 -74021.724385
9.270000 -74021.725124
9.280000 -74021.726477
9.290000 -74021.726578
9.300000 -74021.729587
9.320000 -74021.731546
9.330000 -74021.731781
9.340000 -74021.732091
9.350000 -74021.732441
9.360000 -74021.734188
9.370000 -74021.736903
9.380000 -74021.735755
9.400000 -74021.739976
9.410000 -74021.738376
9.420000 -74021.740680
9.430000 -74021.738333
9.440000 -74021.741044
9.450000 -74021.742059
9.460000 -74021.740874
9.470000 -74021.743072
9.480000 -74021.741313
9.490000 -74021.741004
9.500000 -74021.743992
9.510000 -74021.741576
9.520000 -74021.742378
9.530000 -74021.741964
9.540000 -74021.741569
9.550000 -74021.741187
9.560000 -74021.740190
9.570000 -74021.740392
9.580000 -74021.739612
9.590000 -74021.740437
9.600000 -74021.740004
9.610000 -74021.741122
9.620000 -74021.738698
9.630000 -74021.736510
9.640000 -74021.735205
9.650000 -74021.736652
9.660000 -74021.733993
9.670000 -74021.734572
9.680000 -74021.733797
9.700000 -74021.732262
9.710000 -74021.732846
9.720000 -74021.731648
9.730000 -74021.727773
9.740000 -74021.728960
9.750000 -74021.727296
9.760000 -74021.728391
9.770000 -74021.726146
9.780000 -74021.723720
9.790000 -74021.725697
9.800000 -74021.722971
9.810000 -74021.721720
9.820000 -74021.720346
9.830000 -74021.720409
9.840000 -74021.719056
9.850000 -74021.716335
9.860000 -74021.716540
9.870000 -74021.715654
9.880000 -74021.716442
9.890000 -74021.715041
9.900000 -74021.712461
9.910000 -74021.712094
9.920000 -74021.709925
9.930000 -74021.709065
9.940000 -74021.709250
9.950000 -74021.706891
9.960000 -74021.705690
9.970000 -74021.706808
9.980000 -74021.706818
9.990000 -74021.705688
10.000000 -74021.705751
