0.010000 -2548.876343
0.020000 -2549.143602
0.030000 -2549.567844
0.040000 -2550.087619
0.060000 -2551.162087
0.070000 -2551.619202
0.090000 -2552.138512
0.100000 -2552.190828
0.110000 -2552.139058
0.120000 -2552.016194
0.130000 -2551.864092
0.140000 -2551.726522
0.150000 -2551.632698
0.160000 -2551.589283
0.170000 -2551.596422
0.180000 -2551.647270
0.190000 -2551.722984
0.200000 -2551.800572
0.210000 -2551.863119
0.220000 -2551.899152
0.230000 -2551.902281
0.240000 -2551.874680
0.250000 -2551.826408
0.260000 -2551.772451
0.270000 -2551.726897
0.280000 -2551.700390
0.290000 -2551.696972
0.300000 -2551.714439
0.310000 -2551.746942
0.320000 -2551.784838
0.330000 -2551.817710
0.340000 -2551.838523
0.350000 -2551.844357
0.360000 -2551.834937
0.370000 -2551.812272
0.380000 -2551.782986
0.390000 -2551.755756
0.400000 -2551.737100
0.410000 -2551.730545
0.420000 -2551.737499
0.430000 -2551.755896
0.440000 -2551.779517
0.450000 -2551.801309
0.470000 -2551.822493
0.480000 -2551.817860
0.490000 -2551.804147
0.500000 -2551.786032
0.510000 -2551.767912
0.520000 -2551.754159
0.530000 -2551.748024
0.540000 -2551.750464
0.550000 -2551.761023
0.560000 -2551.776423
0.570000 -2551.792449
0.580000 -2551.804751
0.590000 -2551.810645
0.600000 -2551.809143
0.610000 -2551.800652
0.620000 -2551.787348
0.630000 -2551.773511
0.640000 -2551.762935
0.650000 -2551.757675
0.660000 -2551.758413
0.670000 -2551.765221
0.680000 -2551.776245
0.690000 -2551.787973
0.700000 -2551.797487
0.710000 -2551.803122
0.720000 -2551.803532
0.730000 -2551.798158
0.740000 -2551.788786
0.750000 -2551.777966
0.760000 -2551.768638
0.770000 -2551.763246
0.780000 -2551.763184
0.790000 -2551.768011
0.810000 -2551.785466
0.820000 -2551.793580
0.830000 -2551.798365
0.840000 -2551.799135
0.850000 -2551.795828
0.860000 -2551.789122
0.870000 -2551.780628
0.880000 -2551.773017
0.890000 -2551.767995
0.900000 -2551.766633
0.910000 -2551.769619
0.920000 -2551.775988
0.930000 -2551.783902
0.940000 -2551.790792
0.950000 -2551.795403
0.960000 -2551.796774
0.970000 -2551.794559
0.980000 -2551.789154
0.990000 -2551.782426
1.000000 -2551.776001
1.010000 -2551.771434
1.020000 -2551.769852
1.030000 -2551.771658
1.040000 -2551.776192
1.050000 -2551.782381
1.060000 -2551.788529
1.070000 -2551.793061
1.080000 -2551.794844
1.090000 -2551.793547
1.100000 -2551.789574
1.110000 -2551.783817
1.120000 -2551.777957
1.130000 -2551.773794
1.140000 -2551.772118
1.150000 -2551.773260
1.160000 -2551.776920
1.170000 -2551.782109
1.180000 -2551.787228
1.190000 -2551.791191
1.200000 -2551.793290
1.210000 -2551.792950
1.220000 -2551.789972
1.230000 -2551.785243
1.240000 -2551.780156
1.250000 -2551.776051
1.260000 -2551.773986
1.270000 -2551.774431
1.280000 -2551.777362
1.290000 -2551.781856
1.300000 -2551.786428
1.310000 -2551.790200
1.320000 -2551.792184
1.330000 -2551.792080
1.340000 -2551.789897
1.350000 -2551.786247
1.360000 -2551.781779
1.370000 -2551.778016
1.380000 -2551.775886
1.390000 -2551.775769
1.400000 -2551.777797
1.410000 -2551.781527
1.420000 -2551.785727
1.430000 -2551.789377
1.440000 -2551.791600
1.450000 -2551.791910
1.460000 -2551.790222
1.470000 -2551.787010
1.480000 -2551.783140
1.490000 -2551.779810
1.500000 -2551.777574
1.510000 -2551.777150
1.520000 -2551.778497
1.530000 -2551.781632
1.540000 -2551.785128
1.550000 -2551.788417
1.560000 -2551.790639
1.570000 -2551.791378
1.580000 -2551.790287
1.590000 -2551.787694
1.600000 -2551.784254
1.610000 -2551.780963
1.620000 -2551.778942
1.630000 -2551.778266
1.640000 -2551.779421
1.650000 -2551.781953
1.660000 -2551.785240
1.670000 -2551.788239
1.680000 -2551.790377
1.690000 -2551.791169
1.700000 -2551.790532
1.710000 -2551.788469
1.720000 -2551.785477
1.730000 -2551.782437
1.740000 -2551.780181
1.750000 -2551.779293
1.760000 -2551.780007
1.770000 -2551.782263
1.790000 -2551.788046
1.800000 -2551.790237
1.810000 -2551.791241
1.830000 -2551.789156
1.840000 -2551.786593
1.850000 -2551.783877
1.860000 -2551.781587
1.870000 -2551.780617
1.880000 -2551.780887
1.890000 -2551.782641
1.900000 -2551.785257
1.910000 -2551.787954
1.920000 -2551.790123
1.930000 -2551.791316
1.940000 -2551.791151
1.950000 -2551.789891
1.960000 -2551.787529
1.970000 -2551.784946
1.980000 -2551.782786
1.990000 -2551.781692
2.000000 -2551.781779
2.010000 -2551.783118
2.020000 -2551.785390
2.030000 -2551.787889
2.040000 -2551.789999
2.050000 -2551.791267
2.060000 -2551.791420
2.070000 -2551.790458
2.080000 -2551.788536
2.090000 -2551.786151
2.110000 -2551.782713
2.120000 -2551.782638
2.130000 -2551.783843
2.140000 -2551.785795
2.150000 -2551.788235
2.160000 -2551.790215
2.170000 -2551.791644
2.180000 -2551.791938
2.190000 -2551.791251
2.200000 -2551.789603
2.210000 -2551.787594
2.220000 -2551.785493
2.230000 -2551.784109
2.240000 -2551.783707
2.250000 -2551.784466
2.260000 -2551.786273
2.280000 -2551.790523
2.290000 -2551.791870
2.300000 -2551.792375
2.310000 -2551.791953
2.320000 -2551.790545
2.330000 -2551.788639
2.340000 -2551.786778
2.350000 -2551.785371
2.360000 -2551.784867
2.410000 -2551.792196
2.420000 -2551.792802
2.430000 -2551.792476
2.440000 -2551.791351
2.450000 -2551.789643
2.460000 -2551.787756
2.470000 -2551.786282
2.490000 -2551.786170
2.500000 -2551.787536
2.510000 -2551.789430
2.520000 -2551.791229
2.530000 -2551.792715
2.540000 -2551.793436
2.550000 -2551.793428
2.560000 -2551.792489
2.570000 -2551.790964
2.580000 -2551.789088
2.590000 -2551.787642
2.600000 -2551.786761
2.610000 -2551.786907
2.620000 -2551.787933
2.630000 -2551.789748
2.640000 -2551.791543
2.650000 -2551.793063
2.660000 -2551.793970
2.670000 -2551.794089
2.680000 -2551.793402
2.690000 -2551.792191
2.710000 -2551.789082
2.720000 -2551.788086
2.730000 -2551.787989
2.740000 -2551.788616
2.760000 -2551.791998
2.770000 -2551.793485
2.780000 -2551.794451
2.790000 -2551.794739
2.800000 -2551.794302
2.810000 -2551.793256
2.820000 -2551.791771
2.830000 -2551.790326
2.840000 -2551.789411
2.850000 -2551.789147
2.860000 -2551.789705
2.870000 -2551.791055
2.880000 -2551.792537
2.890000 -2551.793944
2.900000 -2551.795017
2.910000 -2551.795479
2.920000 -2551.795191
2.930000 -2551.794218
2.940000 -2551.792891
2.950000 -2551.791528
2.960000 -2551.790629
2.970000 -2551.790294
2.980000 -2551.790559
2.990000 -2551.791720
3.000000 -2551.793235
3.010000 -2551.794612
3.020000 -2551.795629
3.030000 -2551.795958
3.040000 -2551.795883
3.050000 -2551.795189
3.060000 -2551.794026
3.070000 -2551.792739
3.080000 -2551.791756
3.090000 -2551.791374
3.100000 -2551.791700
3.110000 -2551.792761
3.120000 -2551.794138
3.130000 -2551.795418
3.140000 -2551.796529
3.150000 -2551.796947
3.160000 -2551.796855
3.170000 -2551.796163
3.180000 -2551.795104
3.190000 -2551.793909
3.200000 -2551.792945
3.210000 -2551.792492
3.220000 -2551.792606
3.230000 -2551.793412
3.240000 -2551.794767
3.250000 -2551.796159
3.260000 -2551.797325
3.270000 -2551.797853
3.280000 -2551.797862
3.290000 -2551.797357
3.300000 -2551.796341
3.310000 -2551.795007
3.320000 -2551.794065
3.330000 -2551.793500
3.340000 -2551.793471
3.350000 -2551.794250
3.360000 -2551.795378
3.370000 -2551.796861
3.380000 -2551.797973
3.390000 -2551.798761
3.400000 -2551.798950
3.410000 -2551.798524
3.420000 -2551.797748
3.430000 -2551.796467
3.440000 -2551.795470
3.450000 -2551.794676
3.460000 -2551.794692
3.470000 -2551.795284
3.480000 -2551.796340
3.490000 -2551.797712
3.500000 -2551.798949
3.510000 -2551.799803
3.520000 -2551.800122
3.530000 -2551.799913
3.540000 -2551.799075
3.550000 -2551.798141
3.560000 -2551.797018
3.570000 -2551.796202
3.580000 -2551.795892
3.590000 -2551.796257
3.600000 -2551.797196
3.610000 -2551.798403
3.620000 -2551.799511
3.630000 -2551.800457
3.640000 -2551.800877
3.650000 -2551.800760
3.660000 -2551.800128
3.670000 -2551.799225
3.680000 -2551.798221
3.690000 -2551.797518
3.700000 -2551.797239
3.710000 -2551.797508
3.720000 -2551.798295
3.730000 -2551.799421
3.740000 -2551.800730
3.750000 -2551.801618
3.770000 -2551.801923
3.780000 -2551.801471
3.790000 -2551.800640
3.800000 -2551.799572
3.810000 -2551.798731
3.830000 -2551.798537
3.840000 -2551.799215
3.850000 -2551.800376
3.860000 -2551.801535
3.870000 -2551.802494
3.880000 -2551.803044
3.900000 -2551.802686
3.910000 -2551.801960
3.920000 -2551.800990
3.930000 -2551.800102
3.940000 -2551.799601
3.950000 -2551.799597
3.960000 -2551.800286
3.970000 -2551.801312
3.980000 -2551.802533
3.990000 -2551.803460
4.000000 -2551.804126
4.010000 -2551.804320
4.020000 -2551.804062
4.030000 -2551.803429
4.040000 -2551.802607
4.050000 -2551.801671
4.060000 -2551.801082
4.070000 -2551.800993
4.080000 -2551.801404
4.090000 -2551.802345
4.100000 -2551.803525
4.110000 -2551.804446
4.120000 -2551.805173
4.130000 -2551.805460
4.140000 -2551.805280
4.150000 -2551.804771
4.160000 -2551.804050
4.170000 -2551.803244
4.180000 -2551.802594
4.190000 -2551.802331
4.200000 -2551.802678
4.210000 -2551.803351
4.220000 -2551.804487
4.230000 -2551.805405
4.240000 -2551.806140
4.250000 -2551.806482
4.270000 -2551.806046
4.280000 -2551.805378
4.290000 -2551.804700
4.300000 -2551.804147
4.310000 -2551.803964
4.320000 -2551.804133
4.330000 -2551.804846
4.340000 -2551.805715
4.350000 -2551.806630
4.360000 -2551.807342
4.370000 -2551.807789
4.390000 -2551.807389
4.400000 -2551.806834
4.410000 -2551.806169
4.420000 -2551.805652
4.430000 -2551.805411
4.440000 -2551.805638
4.450000 -2551.806236
4.470000 -2551.808142
4.480000 -2551.808786
4.490000 -2551.809282
4.500000 -2551.809185
4.510000 -2551.808885
4.520000 -2551.808289
4.530000 -2551.807578
4.540000 -2551.806947
4.550000 -2551.806732
4.560000 -2551.806868
4.570000 -2551.807527
4.580000 -2551.808488
4.590000 -2551.809572
4.600000 -2551.810379
4.610000 -2551.810894
4.620000 -2551.810995
4.630000 -2551.810634
4.640000 -2551.810028
4.650000 -2551.809232
4.660000 -2551.808531
4.670000 -2551.808100
4.680000 -2551.808112
4.690000 -2551.808568
4.700000 -2551.809477
4.710000 -2551.810563
4.720000 -2551.811552
4.730000 -2551.812178
4.740000 -2551.812475
4.750000 -2551.812212
4.760000 -2551.811805
4.770000 -2551.811046
4.780000 -2551.810308
4.790000 -2551.809783
4.800000 -2551.809674
4.810000 -2551.810019
4.820000 -2551.810804
4.830000 -2551.811802
4.840000 -2551.812713
4.850000 -2551.813389
4.860000 -2551.813745
4.870000 -2551.813678
4.880000 -2551.813213
4.890000 -2551.812570
4.900000 -2551.811840
4.910000 -2551.811246
4.920000 -2551.810934
4.930000 -2551.811147
4.940000 -2551.811935
4.950000 -2551.812829
4.960000 -2551.813884
4.970000 -2551.814662
4.980000 -2551.815043
4.990000 -2551.815145
5.000000 -2551.814887
5.010000 -2551.814329
5.020000 -2551.813596
5.030000 -2551.813133
5.040000 -2551.812710
5.050000 -2551.812794
5.060000 -2551.813360
5.070000 -2551.814184
5.080000 -2551.815162
5.090000 -2551.815980
5.100000 -2551.816522
5.110000 -2551.816758
5.120000 -2551.816637
5.130000 -2551.816114
5.140000 -2551.815485
5.150000 -2551.814894
5.160000 -2551.814531
5.170000 -2551.814590
5.180000 -2551.815046
5.190000 -2551.815713
5.200000 -2551.816622
5.210000 -2551.817391
5.220000 -2551.818085
5.230000 -2551.818288
5.240000 -2551.818121
5.250000 -2551.817812
5.260000 -2551.817249
5.270000 -2551.816701
5.280000 -2551.816333
5.290000 -2551.816215
5.300000 -2551.816542
5.310000 -2551.817206
5.320000 -2551.818111
5.330000 -2551.818934
5.340000 -2551.819436
5.350000 -2551.819742
5.360000 -2551.819844
5.370000 -2551.819578
5.380000 -2551.819035
5.390000 -2551.818524
5.400000 -2551.818119
5.410000 -2551.818022
5.420000 -2551.818241
5.430000 -2551.818813
5.440000 -2551.819534
5.450000 -2551.820400
5.460000 -2551.820912
5.470000 -2551.821303
5.480000 -2551.821330
5.490000 -2551.820969
5.500000 -2551.820611
5.510000 -2551.820186
5.520000 -2551.819756
5.530000 -2551.819531
5.540000 -2551.819748
5.550000 -2551.820223
5.560000 -2551.821048
5.570000 -2551.821966
5.580000 -2551.822457
5.590000 -2551.822904
5.600000 -2551.822911
5.610000 -2551.822731
5.620000 -2551.822246
5.630000 -2551.821755
5.640000 -2551.821310
5.650000 -2551.821204
5.660000 -2551.821282
5.670000 -2551.821822
5.680000 -2551.822507
5.690000 -2551.823408
5.700000 -2551.824161
5.710000 -2551.824580
5.720000 -2551.824689
5.730000 -2551.824659
5.740000 -2551.824229
5.750000 -2551.823759
5.760000 -2551.823342
5.770000 -2551.823212
5.780000 -2551.823303
5.790000 -2551.823612
5.800000 -2551.824409
5.810000 -2551.825196
5.820000 -2551.825953
5.830000 -2551.826329
5.840000 -2551.826571
5.850000 -2551.826451
5.860000 -2551.826156
5.870000 -2551.825747
5.880000 -2551.825280
5.890000 -2551.824953
5.900000 -2551.824943
5.910000 -2551.825307
5.920000 -2551.826040
5.930000 -2551.826868
5.940000 -2551.827506
5.950000 -2551.828038
5.960000 -2551.828229
5.970000 -2551.828217
5.980000 -2551.827824
5.990000 -2551.827472
6.000000 -2551.827123
6.010000 -2551.826712
6.020000 -2551.826649
6.030000 -2551.827058
6.040000 -2551.827630
6.050000 -2551.828446
6.060000 -2551.829336
6.070000 -2551.829898
6.080000 -2551.830218
6.090000 -2551.830154
6.100000 -2551.829877
6.110000 -2551.829492
6.120000 -2551.828944
6.130000 -2551.828506
6.140000 -2551.828518
6.150000 -2551.828720
6.160000 -2551.829218
6.170000 -2551.829998
6.180000 -2551.830877
6.190000 -2551.831599
6.200000 -2551.831972
6.210000 -2551.832053
6.220000 -2551.831881
6.230000 -2551.831416
6.240000 -2551.830920
6.250000 -2551.830512
6.260000 -2551.830378
6.270000 -2551.830412
6.280000 -2551.830867
6.290000 -2551.831783
6.300000 -2551.832529
6.310000 -2551.833254
6.330000 -2551.834013
6.340000 -2551.833959
6.350000 -2551.833622
6.360000 -2551.833181
6.370000 -2551.832698
6.380000 -2551.832451
6.390000 -2551.832356
6.400000 -2551.832722
6.410000 -2551.833429
6.420000 -2551.834178
6.430000 -2551.834965
6.440000 -2551.835462
6.450000 -2551.835720
6.460000 -2551.835684
6.470000 -2551.835489
6.480000 -2551.835076
6.490000 -2551.834698
6.500000 -2551.834416
6.510000 -2551.834393
6.520000 -2551.834666
6.530000 -2551.835313
6.540000 -2551.836044
6.550000 -2551.836787
6.560000 -2551.837420
6.570000 -2551.837639
6.580000 -2551.837842
6.590000 -2551.837545
6.600000 -2551.837132
6.610000 -2551.836715
6.620000 -2551.836308
6.630000 -2551.836209
6.640000 -2551.836461
6.650000 -2551.837089
6.660000 -2551.837810
6.670000 -2551.838562
6.680000 -2551.839160
6.690000 -2551.839593
6.700000 -2551.839710
6.710000 -2551.839573
6.720000 -2551.839262
6.730000 -2551.838716
6.740000 -2551.838403
6.750000 -2551.838329
6.760000 -2551.838382
6.770000 -2551.838865
6.780000 -2551.839586
6.790000 -2551.840414
6.810000 -2551.841580
6.820000 -2551.841809
6.830000 -2551.841636
6.840000 -2551.841420
6.860000 -2551.840534
6.870000 -2551.840303
6.880000 -2551.840324
6.890000 -2551.840722
6.900000 -2551.841341
6.910000 -2551.842084
6.920000 -2551.842902
6.930000 -2551.843496
6.940000 -2551.843784
6.950000 -2551.843786
6.960000 -2551.843617
6.970000 -2551.843328
6.980000 -2551.842975
6.990000 -2551.842799
7.000000 -2551.842753
7.010000 -2551.842958
7.020000 -2551.843517
7.030000 -2551.844139
7.040000 -2551.844781
7.050000 -2551.845284
7.060000 -2551.845569
7.070000 -2551.845596
7.080000 -2551.845484
7.090000 -2551.845161
7.100000 -2551.844770
7.110000 -2551.844539
7.120000 -2551.844569
7.130000 -2551.844855
7.140000 -2551.845335
7.150000 -2551.846092
7.160000 -2551.846945
7.170000 -2551.847477
7.180000 -2551.847828
7.190000 -2551.847899
7.200000 -2551.847821
7.210000 -2551.847496
7.220000 -2551.847082
7.230000 -2551.846721
7.240000 -2551.846555
7.250000 -2551.846824
7.260000 -2551.847193
7.270000 -2551.847961
7.280000 -2551.848755
7.290000 -2551.849373
7.300000 -2551.849794
7.310000 -2551.850111
7.320000 -2551.849900
7.330000 -2551.849706
7.340000 -2551.849237
7.350000 -2551.849130
7.360000 -2551.848972
7.370000 -2551.848991
7.380000 -2551.849346
7.390000 -2551.849999
7.400000 -2551.850643
7.410000 -2551.851376
7.420000 -2551.851812
7.430000 -2551.852124
7.440000 -2551.852207
7.450000 -2551.851979
7.460000 -2551.851711
7.470000 -2551.851361
7.480000 -2551.851220
7.490000 -2551.851251
7.500000 -2551.851561
7.510000 -2551.851964
7.520000 -2551.852612
7.530000 -2551.853309
7.540000 -2551.853777
7.550000 -2551.854014
7.560000 -2551.854119
7.570000 -2551.854047
7.580000 -2551.853801
7.590000 -2551.853594
7.600000 -2551.853465
7.610000 -2551.853500
7.620000 -2551.853825
7.630000 -2551.854412
7.640000 -2551.855065
7.650000 -2551.855676
7.660000 -2551.856091
7.670000 -2551.856370
7.680000 -2551.856451
7.690000 -2551.856292
7.700000 -2551.856012
7.710000 -2551.855687
7.720000 -2551.855529
7.730000 -2551.855522
7.740000 -2551.855798
7.750000 -2551.856284
7.760000 -2551.856962
7.770000 -2551.857684
7.780000 -2551.858248
7.790000 -2551.858692
7.800000 -2551.858811
7.810000 -2551.858711
7.820000 -2551.858435
7.830000 -2551.858223
7.840000 -2551.857936
7.850000 -2551.857728
7.860000 -2551.857983
7.870000 -2551.858410
7.880000 -2551.858999
7.890000 -2551.859694
7.900000 -2551.860317
7.910000 -2551.860813
7.920000 -2551.861023
7.930000 -2551.861023
7.940000 -2551.860909
7.950000 -2551.860596
7.960000 -2551.860312
7.970000 -2551.860137
7.980000 -2551.860207
7.990000 -2551.860585
8.000000 -2551.861100
8.010000 -2551.861731
8.020000 -2551.862327
8.030000 -2551.862760
8.040000 -2551.863129
8.050000 -2551.863186
8.060000 -2551.863069
8.070000 -2551.862932
8.080000 -2551.862596
8.090000 -2551.862554
8.100000 -2551.862605
8.110000 -2551.862923
8.120000 -2551.863438
8.130000 -2551.864260
8.140000 -2551.864850
8.150000 -2551.865311
8.160000 -2551.865573
8.170000 -2551.865593
8.180000 -2551.865532
8.190000 -2551.865294
8.200000 -2551.864971
8.210000 -2551.864698
8.220000 -2551.864744
8.230000 -2551.864929
8.240000 -2551.865437
8.250000 -2551.866071
8.260000 -2551.866900
8.270000 -2551.867462
8.280000 -2551.867927
8.290000 -2551.868101
8.300000 -2551.868041
8.310000 -2551.867886
8.320000 -2551.867637
8.330000 -2551.867371
8.340000 -2551.867330
8.350000 -2551.867421
8.360000 -2551.867782
8.370000 -2551.868309
8.380000 -2551.868896
8.390000 -2551.869515
8.400000 -2551.869895
8.410000 -2551.870266
8.420000 -2551.870250
8.430000 -2551.870122
8.440000 -2551.869894
8.450000 -2551.869774
8.460000 -2551.869745
8.470000 -2551.869873
8.480000 -2551.870152
8.490000 -2551.870738
8.500000 -2551.871394
8.510000 -2551.871943
8.520000 -2551.872283
8.530000 -2551.872477
8.540000 -2551.872556
8.550000 -2551.872414
8.560000 -2551.872082
8.570000 -2551.871992
8.580000 -2551.871778
8.590000 -2551.872016
8.600000 -2551.872360
8.610000 -2551.872935
8.620000 -2551.873639
8.630000 -2551.874269
8.640000 -2551.874910
8.650000 -2551.875232
8.660000 -2551.875205
8.670000 -2551.875166
8.680000 -2551.874898
8.690000 -2551.874696
8.700000 -2551.874563
8.720000 -2551.874584
8.730000 -2551.875133
8.740000 -2551.875783
8.750000 -2551.876312
8.760000 -2551.876956
8.770000 -2551.877365
8.780000 -2551.877625
8.790000 -2551.877623
8.800000 -2551.877469
8.810000 -2551.877339
8.820000 -2551.877161
8.830000 -2551.877117
8.840000 -2551.877324
8.850000 -2551.877647
8.860000 -2551.878277
8.870000 -2551.878738
8.880000 -2551.879292
8.890000 -2551.879666
8.900000 -2551.879803
8.910000 -2551.879871
8.920000 -2551.879689
8.930000 -2551.879608
8.940000 -2551.879502
8.950000 -2551.879535
8.960000 -2551.879740
8.970000 -2551.880094
8.980000 -2551.880631
8.990000 -2551.881302
9.000000 -2551.881841
9.020000 -2551.882391
9.030000 -2551.882286
9.040000 -2551.882264
9.050000 -2551.881983
9.060000 -2551.881867
9.070000 -2551.881814
9.080000 -2551.881966
9.090000 -2551.882366
9.100000 -2551.883004
9.110000 -2551.883621
9.120000 -2551.884360
9.130000 -2551.884804
9.140000 -2551.885048
9.150000 -2551.885128
9.160000 -2551.885111
9.170000 -2551.884875
9.180000 -2551.884670
9.190000 -2551.884467
9.200000 -2551.884576
9.210000 -2551.884903
9.220000 -2551.885298
9.230000 -2551.885956
9.250000 -2551.887148
9.260000 -2551.887509
9.270000 -2551.887685
9.280000 -2551.887605
9.290000 -2551.887513
9.300000 -2551.887278
9.310000 -2551.887082
9.320000 -2551.887129
9.330000 -2551.887361
9.340000 -2551.887871
9.350000 -2551.888405
9.360000 -2551.889169
9.370000 -2551.889726
9.380000 -2551.890139
9.390000 -2551.890310
9.400000 -2551.890152
9.410000 -2551.889983
9.420000 -2551.889762
9.430000 -2551.889859
9.440000 -2551.889447
9.450000 -2551.889545
9.460000 -2551.889957
9.470000 -2551.890645
9.490000 -2551.892206
9.500000 -2551.892691
9.510000 -2551.892956
9.520000 -2551.892993
9.530000 -2551.892887
9.540000 -2551.892641
9.550000 -2551.892474
9.560000 -2551.892246
9.570000 -2551.892341
9.580000 -2551.892548
9.590000 -2551.892980
9.600000 -2551.893681
9.610000 -2551.894344
9.620000 -2551.894987
9.630000 -2551.895395
9.640000 -2551.895611
9.650000 -2551.895489
9.660000 -2551.895457
9.670000 -2551.895184
9.680000 -2551.895039
9.690000 -2551.894996
9.700000 -2551.895229
9.710000 -2551.895681
9.720000 -2551.896172
9.730000 -2551.896840
9.740000 -2551.897453
9.750000 -2551.897841
9.760000 -2551.898041
9.770000 -2551.897973
9.780000 -2551.897919
9.790000 -2551.897795
9.800000 -2551.897591
9.810000 -2551.897582
9.820000 -2551.897762
9.830000 -2551.898117
9.840000 -2551.898583
9.850000 -2551.899391
9.860000 -2551.899941
9.870000 -2551.900324
9.880000 -2551.900643
9.890000 -2551.900770
9.900000 -2551.900769
9.910000 -2551.900556
9.920000 -2551.900326
9.930000 -2551.900268
9.940000 -2551.900370
9.950000 -2551.900637
9.960000 -2551.901160
9.970000 -2551.901765
9.980000 -2551.902433
9.990000 -2551.902952
10.000000 -2551.903326
