0.000000 -19.707877
1.500000 -19.658386
1.510000 -19.658085
1.520000 -19.657535
1.530000 -19.656652
1.540000 -19.656307
1.550000 -19.654339
1.560000 -19.649065
1.570000 -19.645486
1.580000 -19.650369
1.590000 -19.652292
1.600000 -19.653125
1.610000 -19.653192
1.620000 -19.652544
1.630000 -19.652283
1.640000 -19.651488
1.650000 -19.650140
1.660000 -19.650183
1.670000 -19.649821
1.680000 -19.649914
1.690000 -19.649022
1.700000 -19.649041
1.710000 -19.647194
1.720000 -19.646035
1.730000 -19.644777
1.740000 -19.640101
1.750000 -19.636745
1.760000 -19.634125
1.770000 -19.632066
1.780000 -19.632675
1.790000 -19.649908
1.800000 -19.649839
1.810000 -19.650575
1.820000 -19.650784
1.830000 -19.651264
1.840000 -19.650586
1.850000 -19.649070
1.860000 -19.646935
1.870000 -19.647796
1.880000 -19.646506
1.890000 -19.645678
1.900000 -19.609607
1.910000 -19.640862
1.920000 -19.641367
1.930000 -19.641395
1.940000 -19.641634
1.950000 -19.641858
1.960000 -19.642168
1.970000 -19.640944
1.980000 -19.638839
1.990000 -19.639196
2.000000 -19.631645
2.010000 -19.623148
2.020000 -19.621901
2.030000 -19.621700
2.040000 -19.624438
2.050000 -19.626067
2.060000 -19.626503
2.070000 -19.627601
2.080000 -19.627099
2.090000 -19.625809
2.100000 -19.623982
2.110000 -19.623398
2.120000 -19.623049
2.130000 -19.622917
2.140000 -19.622464
2.150000 -19.622776
2.160000 -19.622903
2.170000 -19.622603
2.180000 -19.622502
2.190000 -19.621506
2.200000 -19.620624
2.210000 -19.618025
2.220000 -19.614108
2.230000 -19.613904
2.240000 -19.614830
2.250000 -19.615587
2.260000 -19.616126
2.270000 -19.615933
2.280000 -19.616001
2.290000 -19.615382
2.300000 -19.613893
2.310000 -19.613189
2.320000 -19.612504
2.330000 -19.612252
2.340000 -19.611865
2.350000 -19.612071
2.360000 -19.612020
2.370000 -19.611716
2.380000 -19.611371
2.390000 -19.611085
2.400000 -19.610153
2.410000 -19.608571
2.420000 -19.606776
2.430000 -19.606413
2.440000 -19.606740
2.450000 -19.607428
2.460000 -19.607573
2.470000 -19.607564
2.480000 -19.607477
2.490000 -19.606897
2.500000 -19.606209
