0.000000 -19.306594
1.500000 -19.283522
1.510000 -19.283495
1.520000 -19.282769
1.530000 -19.281430
1.540000 -19.279707
1.550000 -19.278102
1.560000 -19.277134
1.570000 -19.277109
1.580000 -19.278142
1.590000 -19.280019
1.600000 -19.282230
1.610000 -19.284163
1.620000 -19.285310
1.630000 -19.285449
1.640000 -19.284707
1.650000 -19.283487
1.660000 -19.282405
1.670000 -19.281897
1.680000 -19.282179
1.690000 -19.283068
1.700000 -19.284044
1.710000 -19.284410
1.720000 -19.283587
1.730000 -19.281424
1.740000 -19.278232
1.750000 -19.274871
1.760000 -19.272392
1.770000 -19.271880
1.780000 -19.273952
1.790000 -19.278575
1.800000 -19.284924
1.810000 -19.291474
1.820000 -19.296497
1.830000 -19.298517
1.840000 -19.296711
1.850000 -19.291282
1.860000 -19.283407
1.870000 -19.274943
1.880000 -19.267814
1.890000 -19.263827
1.900000 -19.264053
1.910000 -19.268463
1.920000 -19.275822
1.930000 -19.284223
1.940000 -19.291683
1.950000 -19.296440
1.960000 -19.297590
1.970000 -19.295203
1.980000 -19.290230
1.990000 -19.284104
2.000000 -19.278498
2.010000 -19.274616
2.020000 -19.273222
2.030000 -19.274138
2.040000 -19.276674
2.050000 -19.279803
2.060000 -19.282525
2.070000 -19.284184
2.080000 -19.284640
2.090000 -19.284089
2.100000 -19.283112
2.110000 -19.282309
2.120000 -19.282144
2.130000 -19.282667
2.140000 -19.283710
2.150000 -19.284758
2.160000 -19.285368
2.170000 -19.285209
2.180000 -19.284221
2.190000 -19.282648
2.200000 -19.280938
2.210000 -19.279590
2.220000 -19.278956
2.230000 -19.279213
2.240000 -19.280204
2.250000 -19.281572
2.260000 -19.282903
2.270000 -19.283852
2.280000 -19.284223
2.290000 -19.284060
2.300000 -19.283553
2.310000 -19.282989
2.320000 -19.282677
2.330000 -19.282722
2.340000 -19.283081
2.350000 -19.283555
2.360000 -19.283894
2.370000 -19.283901
2.380000 -19.283458
2.390000 -19.282728
2.400000 -19.281829
2.410000 -19.281093
2.420000 -19.280746
2.430000 -19.280885
2.440000 -19.281476
2.450000 -19.282342
2.460000 -19.283238
2.470000 -19.283912
2.480000 -19.284240
2.490000 -19.284118
2.500000 -19.283751
