0.000000 -19.264608
1.500000 -19.280325
1.510000 -19.280321
1.520000 -19.280779
1.530000 -19.281706
1.540000 -19.282886
1.550000 -19.284024
1.560000 -19.284746
1.570000 -19.284805
1.580000 -19.284122
1.590000 -19.282882
1.600000 -19.281418
1.610000 -19.280102
1.620000 -19.279335
1.630000 -19.279261
1.640000 -19.279779
1.650000 -19.280586
1.660000 -19.281347
1.670000 -19.281719
1.680000 -19.281566
1.690000 -19.280984
1.700000 -19.280336
1.705000 -19.280106
1.710000 -19.280045
1.715000 -19.280184
1.720000 -19.280557
1.725000 -19.281180
1.730000 -19.282040
1.735000 -19.283081
1.740000 -19.284251
1.745000 -19.285443
1.750000 -19.286579
1.755000 -19.287591
1.760000 -19.288339
1.765000 -19.288769
1.770000 -19.288789
1.775000 -19.288366
1.780000 -19.287469
1.785000 -19.286119
1.790000 -19.284421
1.795000 -19.282406
1.800000 -19.280158
1.805000 -19.277849
1.810000 -19.275674
1.815000 -19.273675
1.820000 -19.272175
1.825000 -19.271134
1.830000 -19.270715
1.835000 -19.270958
1.840000 -19.271856
1.845000 -19.273352
1.850000 -19.275395
1.855000 -19.277895
1.860000 -19.280716
1.865000 -19.283634
1.870000 -19.286543
1.875000 -19.289197
1.880000 -19.291501
1.885000 -19.293251
1.890000 -19.294346
1.895000 -19.294778
1.900000 -19.294472
1.905000 -19.293439
1.910000 -19.291725
1.915000 -19.289448
1.920000 -19.286771
1.925000 -19.283841
1.930000 -19.280948
1.935000 -19.278167
1.940000 -19.275765
1.945000 -19.273881
1.950000 -19.272503
1.955000 -19.271722
1.960000 -19.271648
1.965000 -19.272108
1.970000 -19.273130
1.975000 -19.274631
1.980000 -19.276456
1.985000 -19.278490
1.990000 -19.280604
1.995000 -19.282622
2.000000 -19.284460
2.005000 -19.286019
2.010000 -19.287210
2.015000 -19.287974
2.020000 -19.288304
2.025000 -19.288215
2.030000 -19.287778
2.035000 -19.287057
2.040000 -19.286121
2.045000 -19.285104
2.050000 -19.284060
2.055000 -19.283063
2.060000 -19.282198
2.065000 -19.281540
2.070000 -19.281059
2.075000 -19.280826
2.080000 -19.280766
2.085000 -19.280874
2.090000 -19.281118
2.095000 -19.281441
2.100000 -19.281797
2.110000 -19.282365
2.120000 -19.282533
2.130000 -19.282178
2.140000 -19.281523
2.150000 -19.280798
2.160000 -19.280404
2.170000 -19.280500
2.180000 -19.281167
2.190000 -19.282237
2.200000 -19.283419
2.210000 -19.284402
2.220000 -19.284893
2.230000 -19.284782
2.240000 -19.284170
2.250000 -19.283290
2.260000 -19.282393
2.270000 -19.281766
2.280000 -19.281514
2.290000 -19.281615
2.300000 -19.281987
2.310000 -19.282379
2.320000 -19.282627
2.330000 -19.282640
2.340000 -19.282427
2.350000 -19.282126
2.360000 -19.281922
2.370000 -19.281930
2.380000 -19.282224
2.390000 -19.282739
2.410000 -19.283919
2.420000 -19.284214
2.430000 -19.284170
2.440000 -19.283796
2.450000 -19.283224
2.460000 -19.282656
2.470000 -19.282219
2.480000 -19.282015
2.490000 -19.282088
2.500000 -19.282352
