0.000000 -11.152119
0.010000 -11.329796
0.020000 -11.845909
0.030000 -12.641713
0.040000 -13.622178
0.050000 -14.673650
0.060000 -15.681181
0.070000 -16.543937
0.080000 -17.188336
0.100000 -17.723766
0.110000 -17.662217
0.120000 -17.458646
0.130000 -17.187629
0.140000 -16.920262
0.150000 -16.712003
0.160000 -16.595530
0.170000 -16.579458
0.180000 -16.650727
0.190000 -16.780059
0.200000 -16.929987
0.210000 -17.063913
0.220000 -17.153699
0.230000 -17.184544
0.240000 -17.156617
0.250000 -17.083296
0.260000 -16.986712
0.270000 -16.892009
0.280000 -16.821296
0.290000 -16.788561
0.300000 -16.797521
0.310000 -16.841985
0.320000 -16.908095
0.330000 -16.978150
0.340000 -17.035338
0.350000 -17.067426
0.360000 -17.068959
0.370000 -17.041975
0.380000 -16.995098
0.400000 -16.892823
0.410000 -16.861956
0.420000 -16.854588
0.430000 -16.870985
0.440000 -16.905589
0.450000 -16.948736
0.460000 -16.989327
0.470000 -17.017775
0.480000 -17.028071
0.500000 -16.993795
0.510000 -16.959628
0.520000 -16.925168
0.530000 -16.898692
0.540000 -16.886079
0.560000 -16.907934
0.570000 -16.935674
0.580000 -16.965637
0.590000 -16.990382
0.600000 -17.004114
0.610000 -17.004020
0.620000 -16.990847
0.630000 -16.968455
0.640000 -16.942744
0.650000 -16.920168
0.660000 -16.906014
0.670000 -16.903313
0.680000 -16.912190
0.690000 -16.930009
0.700000 -16.952051
0.710000 -16.972758
0.720000 -16.987179
0.730000 -16.992018
0.740000 -16.986430
0.750000 -16.972139
0.760000 -16.953023
0.780000 -16.919585
0.790000 -16.913328
0.800000 -16.916402
0.820000 -16.944133
0.830000 -16.961471
0.840000 -16.975449
0.850000 -16.982820
0.860000 -16.982075
0.870000 -16.973657
0.880000 -16.959854
0.890000 -16.944188
0.900000 -16.930568
0.910000 -16.922253
0.920000 -16.921149
0.930000 -16.927304
0.940000 -16.939003
0.950000 -16.953173
0.960000 -16.966149
0.970000 -16.974821
0.980000 -16.977181
0.990000 -16.972881
1.000000 -16.963206
1.010000 -16.950732
1.020000 -16.938539
1.030000 -16.929618
1.040000 -16.926020
1.050000 -16.928534
1.060000 -16.936373
1.070000 -16.947494
1.080000 -16.959047
1.090000 -16.968197
1.100000 -16.972713
1.110000 -16.971589
1.120000 -16.965301
1.130000 -16.955505
1.140000 -16.944801
1.150000 -16.935782
1.160000 -16.930658
1.170000 -16.930542
1.180000 -16.935358
1.190000 -16.943777
1.200000 -16.953628
1.210000 -16.962446
1.220000 -16.968103
1.230000 -16.969301
1.240000 -16.965815
1.250000 -16.958617
1.260000 -16.949559
1.270000 -16.940946
1.280000 -16.934912
1.290000 -16.932898
1.300000 -16.935335
1.310000 -16.941503
1.320000 -16.949787
1.330000 -16.958075
1.340000 -16.964323
1.350000 -16.967043
1.360000 -16.965682
1.370000 -16.960661
1.380000 -16.953288
1.390000 -16.945427
1.410000 -16.935589
1.430000 -16.940016
1.440000 -16.946640
1.450000 -16.954116
1.460000 -16.960600
1.470000 -16.964443
1.480000 -16.964764
1.490000 -16.961574
1.500000 -16.955722
1.510000 -16.948719
1.520000 -16.942324
1.530000 -16.938094
1.540000 -16.936986
1.550000 -16.939267
1.560000 -16.944319
1.570000 -16.950872
1.580000 -16.957266
1.590000 -16.961918
1.600000 -16.963745
1.610000 -16.962298
1.620000 -16.958008
1.630000 -16.951998
1.640000 -16.945798
1.650000 -16.940946
1.660000 -16.938628
1.670000 -16.939331
1.680000 -16.942848
1.690000 -16.948244
1.700000 -16.954160
1.710000 -16.959132
1.720000 -16.961949
1.730000 -16.961967
1.740000 -16.959209
1.750000 -16.954415
1.760000 -16.948790
1.770000 -16.943732
1.780000 -16.940511
1.790000 -16.939887
1.800000 -16.942002
1.810000 -16.946277
1.820000 -16.951606
1.830000 -16.956637
1.840000 -16.960146
1.850000 -16.961283
1.860000 -16.959850
1.870000 -16.956221
1.880000 -16.951345
1.890000 -16.946415
1.900000 -16.942652
1.910000 -16.940973
1.920000 -16.941756
1.940000 -16.949299
1.950000 -16.954144
1.960000 -16.958074
1.970000 -16.960153
1.980000 -16.959912
1.990000 -16.957437
2.000000 -16.953400
2.010000 -16.948823
2.020000 -16.944853
2.030000 -16.942457
2.040000 -16.942191
2.050000 -16.944106
2.060000 -16.947672
2.070000 -16.952010
2.080000 -16.956035
2.090000 -16.958746
2.100000 -16.959486
2.110000 -16.958092
2.120000 -16.954947
2.130000 -16.950879
2.150000 -16.943996
2.160000 -16.942892
2.170000 -16.943838
2.180000 -16.946581
2.190000 -16.950402
2.200000 -16.954316
2.210000 -16.957389
2.220000 -16.958871
2.230000 -16.958426
2.240000 -16.956188
2.250000 -16.952731
2.260000 -16.948923
2.270000 -16.945727
2.280000 -16.943937
2.300000 -16.945797
2.310000 -16.948972
2.320000 -16.952665
2.330000 -16.955934
2.340000 -16.957966
2.360000 -16.956865
2.370000 -16.954043
2.380000 -16.950558
2.390000 -16.947289
2.400000 -16.945013
2.410000 -16.944311
2.420000 -16.945340
2.430000 -16.947851
2.440000 -16.951197
2.450000 -16.954557
2.460000 -16.957090
2.470000 -16.958179
2.480000 -16.957563
2.490000 -16.955446
2.500000 -16.952343
2.510000 -16.949081
2.520000 -16.946445
2.530000 -16.945068
2.540000 -16.945281
2.550000 -16.947017
2.560000 -16.949815
2.570000 -16.952989
2.580000 -16.955719
2.590000 -16.957357
2.600000 -16.957509
2.610000 -16.956139
2.620000 -16.953627
2.630000 -16.950585
2.640000 -16.947796
2.660000 -16.945549
2.670000 -16.946617
2.680000 -16.948899
2.690000 -16.951831
2.700000 -16.954666
2.710000 -16.956721
2.720000 -16.957483
2.730000 -16.956814
2.740000 -16.954883
2.750000 -16.952189
2.760000 -16.949381
2.770000 -16.947209
2.780000 -16.946149
2.790000 -16.946485
2.800000 -16.948114
2.810000 -16.950627
2.820000 -16.953362
2.830000 -16.955631
2.840000 -16.956876
2.850000 -16.956801
2.860000 -16.955425
2.870000 -16.953140
2.880000 -16.950498
2.890000 -16.948182
2.900000 -16.946744
2.910000 -16.946547
2.920000 -16.947625
2.930000 -16.949748
2.940000 -16.952361
2.950000 -16.954832
2.960000 -16.956545
2.970000 -16.957080
2.980000 -16.956345
2.990000 -16.954506
3.000000 -16.952054
3.010000 -16.949612
3.020000 -16.947784
3.030000 -16.947019
3.040000 -16.947477
3.050000 -16.949035
3.060000 -16.951314
3.070000 -16.953715
3.080000 -16.955664
3.090000 -16.956656
3.100000 -16.956476
3.110000 -16.955163
3.120000 -16.953060
3.130000 -16.950687
3.140000 -16.948630
3.150000 -16.947419
3.160000 -16.947341
3.170000 -16.948425
3.180000 -16.950380
3.190000 -16.952739
3.200000 -16.954885
3.210000 -16.956321
3.230000 -16.955957
3.240000 -16.954301
3.250000 -16.952127
3.270000 -16.948422
3.280000 -16.947786
3.290000 -16.948249
3.300000 -16.949686
3.310000 -16.951721
3.320000 -16.953860
3.330000 -16.955530
3.340000 -16.956349
3.350000 -16.956138
3.360000 -16.954920
3.370000 -16.953065
3.380000 -16.951033
3.390000 -16.949343
3.400000 -16.948395
3.410000 -16.948418
3.420000 -16.949394
3.430000 -16.951110
3.440000 -16.953102
3.450000 -16.954903
3.460000 -16.956030
3.470000 -16.956252
3.480000 -16.955496
3.490000 -16.953955
3.500000 -16.952056
3.510000 -16.950277
3.520000 -16.949055
3.530000 -16.948698
3.540000 -16.949282
3.550000 -16.950673
3.560000 -16.952513
3.570000 -16.954333
3.590000 -16.956269
3.600000 -16.955924
3.610000 -16.954740
3.620000 -16.953044
3.630000 -16.951243
3.640000 -16.949815
3.650000 -16.949108
3.660000 -16.949293
3.670000 -16.950348
3.680000 -16.951984
3.690000 -16.953786
3.700000 -16.955337
3.710000 -16.956214
3.720000 -16.956234
3.730000 -16.955393
3.740000 -16.953911
3.750000 -16.952166
3.760000 -16.950595
3.770000 -16.949587
3.790000 -16.950067
3.800000 -16.951439
3.810000 -16.953177
3.820000 -16.954857
3.830000 -16.956049
3.840000 -16.956460
3.850000 -16.956037
3.860000 -16.954832
3.870000 -16.953201
3.880000 -16.951558
3.890000 -16.950307
3.900000 -16.949742
3.910000 -16.950016
3.920000 -16.951053
3.930000 -16.952599
3.940000 -16.954261
3.950000 -16.955631
3.960000 -16.956386
3.970000 -16.956342
3.980000 -16.955491
3.990000 -16.954080
4.000000 -16.952458
4.010000 -16.951032
4.020000 -16.950148
4.030000 -16.950052
4.040000 -16.950727
4.050000 -16.952022
4.060000 -16.953613
4.070000 -16.955105
4.080000 -16.956144
4.090000 -16.956436
4.100000 -16.955965
4.110000 -16.954846
4.120000 -16.953358
4.130000 -16.951865
4.140000 -16.950744
4.150000 -16.950281
4.160000 -16.950589
4.170000 -16.951581
4.180000 -16.953029
4.190000 -16.954548
4.200000 -16.955758
4.210000 -16.956390
4.220000 -16.956270
4.230000 -16.955436
4.240000 -16.954144
4.250000 -16.952691
4.260000 -16.951440
4.270000 -16.950717
4.280000 -16.950673
4.290000 -16.951336
4.300000 -16.952547
4.310000 -16.954000
4.320000 -16.955342
4.330000 -16.956226
4.340000 -16.956446
4.350000 -16.955968
4.360000 -16.954890
4.370000 -16.953526
4.380000 -16.952211
4.390000 -16.951266
4.400000 -16.950936
4.410000 -16.951303
4.420000 -16.952270
4.430000 -16.953591
4.440000 -16.954976
4.450000 -16.956030
4.460000 -16.956536
4.470000 -16.956397
4.480000 -16.955597
4.490000 -16.954406
4.500000 -16.953083
4.510000 -16.951996
4.520000 -16.951401
4.530000 -16.951455
4.540000 -16.952143
4.550000 -16.953294
4.560000 -16.954599
4.570000 -16.955758
4.580000 -16.956479
4.590000 -16.956587
4.600000 -16.956090
4.620000 -16.953822
4.630000 -16.952669
4.640000 -16.951899
4.650000 -16.951672
4.660000 -16.952080
4.670000 -16.952999
4.680000 -16.954231
4.690000 -16.955446
4.700000 -16.956341
4.710000 -16.956683
4.720000 -16.956417
4.730000 -16.955630
4.740000 -16.954490
4.750000 -16.953300
4.760000 -16.952393
4.770000 -16.951963
4.780000 -16.952142
4.790000 -16.952892
4.800000 -16.954027
4.810000 -16.955281
4.820000 -16.956336
4.830000 -16.956958
4.840000 -16.956974
4.850000 -16.956397
4.860000 -16.955397
4.880000 -16.953102
4.890000 -16.952391
4.900000 -16.952263
4.920000 -16.953603
4.930000 -16.954747
4.940000 -16.955839
4.950000 -16.956587
4.960000 -16.956842
4.970000 -16.956522
4.980000 -16.955678
4.990000 -16.954573
5.000000 -16.953442
5.010000 -16.952610
5.020000 -16.952254
5.030000 -16.952480
5.040000 -16.953263
5.050000 -16.954393
5.060000 -16.955619
5.070000 -16.956611
5.080000 -16.957177
5.090000 -16.957173
5.100000 -16.956613
5.110000 -16.955673
5.120000 -16.954545
5.130000 -16.953545
5.140000 -16.952911
5.150000 -16.952803
5.160000 -16.953234
5.170000 -16.954110
5.180000 -16.955189
5.190000 -16.956243
5.200000 -16.956964
5.210000 -16.957200
5.230000 -16.956141
5.240000 -16.955135
5.250000 -16.954131
5.260000 -16.953420
5.270000 -16.953120
5.280000 -16.953367
5.290000 -16.954071
5.310000 -16.956148
5.320000 -16.956994
5.330000 -16.957447
5.340000 -16.957376
5.350000 -16.956833
5.360000 -16.955912
5.370000 -16.954920
5.380000 -16.954062
5.390000 -16.953548
5.400000 -16.953559
5.410000 -16.954035
5.420000 -16.954887
5.430000 -16.955895
5.440000 -16.956809
5.450000 -16.957393
5.460000 -16.957524
5.470000 -16.957160
5.480000 -16.956401
5.490000 -16.955460
5.500000 -16.954527
5.510000 -16.953878
5.520000 -16.953660
5.530000 -16.953957
5.550000 -16.955621
5.560000 -16.956586
5.570000 -16.957331
5.580000 -16.957657
5.590000 -16.957481
5.600000 -16.956897
5.610000 -16.956027
5.620000 -16.955072
5.630000 -16.954326
5.640000 -16.953942
5.650000 -16.954016
5.660000 -16.954575
5.670000 -16.955467
5.680000 -16.956473
5.690000 -16.957369
5.700000 -16.957913
5.710000 -16.957982
5.720000 -16.957587
5.730000 -16.956807
5.740000 -16.955841
5.750000 -16.954961
5.760000 -16.954349
5.770000 -16.954178
5.780000 -16.954482
5.790000 -16.955184
5.800000 -16.956115
5.810000 -16.957050
5.830000 -16.958088
5.840000 -16.957933
5.850000 -16.957369
5.860000 -16.956539
5.870000 -16.955662
5.880000 -16.954943
5.890000 -16.954594
5.900000 -16.954714
5.910000 -16.955245
5.920000 -16.956082
5.930000 -16.957009
5.940000 -16.957805
5.950000 -16.958277
5.960000 -16.958308
5.970000 -16.957890
5.980000 -16.957162
5.990000 -16.956269
6.000000 -16.955473
6.010000 -16.954956
6.020000 -16.954861
6.030000 -16.955209
6.040000 -16.955943
6.050000 -16.956866
6.060000 -16.957743
6.070000 -16.958389
6.080000 -16.958622
6.090000 -16.958416
6.100000 -16.957797
6.110000 -16.956964
6.120000 -16.956078
6.130000 -16.955407
6.140000 -16.955071
6.150000 -16.955193
6.160000 -16.955722
6.170000 -16.956541
6.180000 -16.957463
6.190000 -16.958254
6.200000 -16.958732
6.210000 -16.958765
6.220000 -16.958393
6.230000 -16.957682
6.240000 -16.956840
6.250000 -16.956082
6.260000 -16.955583
6.270000 -16.955479
6.280000 -16.955781
6.290000 -16.956434
6.300000 -16.957241
6.310000 -16.958046
6.320000 -16.958629
6.330000 -16.958867
6.340000 -16.958680
6.350000 -16.958148
6.360000 -16.957389
6.370000 -16.956622
6.380000 -16.956032
6.390000 -16.955758
6.400000 -16.955920
6.410000 -16.956421
6.420000 -16.957186
6.430000 -16.958018
6.440000 -16.958708
6.450000 -16.959088
6.460000 -16.959078
6.470000 -16.958716
6.480000 -16.958059
6.490000 -16.957306
6.500000 -16.956638
6.520000 -16.956202
6.530000 -16.956556
6.540000 -16.957208
6.550000 -16.958015
6.560000 -16.958780
6.570000 -16.959301
6.580000 -16.959456
6.590000 -16.959238
6.600000 -16.958671
6.610000 -16.957925
6.620000 -16.957171
6.630000 -16.956612
6.640000 -16.956376
6.650000 -16.956515
6.660000 -16.957001
6.670000 -16.957738
6.680000 -16.958515
6.690000 -16.959165
6.700000 -16.959543
6.720000 -16.959207
6.730000 -16.958601
6.740000 -16.957902
6.750000 -16.957289
6.760000 -16.956911
6.770000 -16.956861
6.780000 -16.957148
6.790000 -16.957712
6.800000 -16.958398
6.810000 -16.959045
6.820000 -16.959485
6.830000 -16.959601
6.840000 -16.959417
6.850000 -16.958933
6.870000 -16.957731
6.880000 -16.957318
6.890000 -16.957190
6.900000 -16.957397
6.910000 -16.957894
6.920000 -16.958567
6.930000 -16.959230
6.940000 -16.959737
6.950000 -16.959969
6.960000 -16.959861
6.970000 -16.959461
6.980000 -16.958865
6.990000 -16.958250
7.000000 -16.957740
7.010000 -16.957510
7.020000 -16.957597
7.030000 -16.958012
7.040000 -16.958645
7.050000 -16.959351
7.060000 -16.959928
7.070000 -16.960273
7.080000 -16.960297
7.090000 -16.959988
7.100000 -16.959412
7.110000 -16.958746
7.120000 -16.958148
7.130000 -16.957798
7.140000 -16.957750
7.150000 -16.958053
7.160000 -16.958632
7.170000 -16.959381
7.180000 -16.960101
7.190000 -16.960636
7.200000 -16.960862
7.210000 -16.960704
7.220000 -16.960244
7.240000 -16.958888
7.250000 -16.958325
7.260000 -16.958058
7.270000 -16.958137
7.280000 -16.958548
7.290000 -16.959181
7.300000 -16.959923
7.310000 -16.960547
7.320000 -16.960932
7.330000 -16.960991
7.340000 -16.960706
7.350000 -16.960156
7.360000 -16.959484
7.370000 -16.958847
7.390000 -16.958266
7.400000 -16.958478
7.410000 -16.958972
7.420000 -16.959639
7.430000 -16.960307
7.440000 -16.960807
7.450000 -16.961044
7.460000 -16.960945
7.470000 -16.960596
7.480000 -16.960014
7.490000 -16.959427
7.500000 -16.958960
7.510000 -16.958721
7.520000 -16.958816
7.530000 -16.959200
7.540000 -16.959787
7.550000 -16.960484
7.560000 -16.961055
7.570000 -16.961415
7.580000 -16.961461
7.590000 -16.961228
7.600000 -16.960736
7.610000 -16.960164
7.620000 -16.959631
7.630000 -16.959304
7.640000 -16.959224
7.650000 -16.959437
7.660000 -16.959895
7.680000 -16.961041
7.690000 -16.961456
7.700000 -16.961613
7.710000 -16.961475
7.720000 -16.961092
7.730000 -16.960546
7.740000 -16.960010
7.750000 -16.959603
7.760000 -16.959428
7.770000 -16.959563
7.780000 -16.959953
7.790000 -16.960508
7.800000 -16.961107
7.810000 -16.961595
7.820000 -16.961865
7.830000 -16.961835
7.840000 -16.961556
7.850000 -16.961052
7.860000 -16.960493
7.870000 -16.959999
7.880000 -16.959723
7.890000 -16.959720
7.900000 -16.960006
7.910000 -16.960489
7.920000 -16.961078
7.930000 -16.961630
7.940000 -16.962003
7.950000 -16.962127
7.960000 -16.961949
7.970000 -16.961544
7.980000 -16.961023
7.990000 -16.960535
8.000000 -16.960172
8.010000 -16.960101
8.020000 -16.960289
8.040000 -16.961345
8.050000 -16.961963
8.060000 -16.962441
8.090000 -16.962261
8.100000 -16.961722
8.110000 -16.961137
8.120000 -16.960638
8.130000 -16.960379
8.140000 -16.960389
8.150000 -16.960714
8.160000 -16.961260
8.170000 -16.961887
8.180000 -16.962452
8.190000 -16.962871
8.200000 -16.962985
8.210000 -16.962803
8.220000 -16.962398
8.230000 -16.961806
8.240000 -16.961234
8.250000 -16.960824
8.260000 -16.960634
8.270000 -16.960762
8.280000 -16.961138
8.290000 -16.961674
8.300000 -16.962251
8.310000 -16.962707
8.320000 -16.962961
8.330000 -16.962939
8.340000 -16.962674
8.350000 -16.962249
8.360000 -16.961743
8.370000 -16.961329
8.380000 -16.961130
8.390000 -16.961173
8.400000 -16.961504
8.410000 -16.962048
8.420000 -16.962638
8.430000 -16.963195
8.440000 -16.963554
8.450000 -16.963641
8.460000 -16.963454
8.470000 -16.963035
8.480000 -16.962485
8.490000 -16.962009
8.500000 -16.961670
8.510000 -16.961567
8.520000 -16.961741
8.530000 -16.962145
8.540000 -16.962702
8.550000 -16.963246
8.560000 -16.963666
8.570000 -16.963859
8.580000 -16.963759
8.590000 -16.963388
8.600000 -16.962854
8.610000 -16.962268
8.620000 -16.961791
8.630000 -16.961552
8.640000 -16.961613
8.650000 -16.961938
8.660000 -16.962513
8.670000 -16.963150
8.680000 -16.963727
8.690000 -16.964155
8.710000 -16.964117
8.720000 -16.963728
8.730000 -16.963173
8.740000 -16.962631
8.750000 -16.962213
8.760000 -16.962053
8.770000 -16.962158
8.780000 -16.962537
8.790000 -16.963064
8.800000 -16.963659
8.810000 -16.964122
8.820000 -16.964385
8.830000 -16.964393
8.840000 -16.964167
8.850000 -16.963751
8.860000 -16.963275
8.870000 -16.962881
8.880000 -16.962643
8.890000 -16.962644
8.900000 -16.962903
8.910000 -16.963366
8.920000 -16.963915
8.930000 -16.964420
8.940000 -16.964762
8.950000 -16.964877
8.960000 -16.964756
8.970000 -16.964384
8.980000 -16.963908
8.990000 -16.963430
9.000000 -16.963075
9.010000 -16.962927
9.020000 -16.963035
9.030000 -16.963350
9.040000 -16.963802
9.050000 -16.964300
9.060000 -16.964719
9.070000 -16.964969
9.080000 -16.964969
9.090000 -16.964776
9.100000 -16.964405
9.110000 -16.963986
9.120000 -16.963637
9.130000 -16.963432
9.140000 -16.963424
9.150000 -16.963641
9.160000 -16.963997
9.170000 -16.964414
9.180000 -16.964775
9.190000 -16.965005
9.200000 -16.965047
9.210000 -16.964876
9.220000 -16.964576
9.230000 -16.964206
9.250000 -16.963693
9.260000 -16.963694
9.270000 -16.963916
9.280000 -16.964309
9.290000 -16.964815
9.300000 -16.965298
9.310000 -16.965643
9.320000 -16.965781
9.330000 -16.965684
9.340000 -16.965389
9.350000 -16.964981
9.360000 -16.964578
9.370000 -16.964246
9.380000 -16.964114
9.390000 -16.964176
9.400000 -16.964457
9.410000 -16.964858
9.420000 -16.965325
9.430000 -16.965735
9.440000 -16.965935
9.450000 -16.965925
9.460000 -16.965717
9.470000 -16.965326
9.480000 -16.964923
9.490000 -16.964527
9.500000 -16.964314
9.510000 -16.964302
9.520000 -16.964524
9.530000 -16.964913
9.540000 -16.965382
9.550000 -16.965842
9.570000 -16.966278
9.580000 -16.966159
9.590000 -16.965839
9.600000 -16.965424
9.610000 -16.964986
9.620000 -16.964683
9.630000 -16.964563
9.640000 -16.964688
9.650000 -16.965015
9.660000 -16.965476
9.670000 -16.965984
9.680000 -16.966411
9.690000 -16.966673
9.700000 -16.966681
9.710000 -16.966484
9.720000 -16.966120
9.730000 -16.965694
9.740000 -16.965300
9.750000 -16.965069
9.760000 -16.965063
9.770000 -16.965262
9.780000 -16.965659
9.790000 -16.966133
9.800000 -16.966600
9.810000 -16.966930
9.830000 -16.966964
9.840000 -16.966675
9.850000 -16.966279
9.860000 -16.965846
9.870000 -16.965543
9.880000 -16.965418
9.890000 -16.965508
9.900000 -16.965832
9.910000 -16.966267
9.920000 -16.966776
9.930000 -16.967158
9.940000 -16.967421
9.950000 -16.967459
9.960000 -16.967264
9.970000 -16.966920
9.980000 -16.966485
9.990000 -16.966119
10.000000 -16.965886
