0.000000 -11.148901
0.010000 -11.193486
0.020000 -11.326545
0.030000 -11.544982
0.040000 -11.842621
0.050000 -12.210793
0.060000 -12.638292
0.070000 -13.112220
0.080000 -13.618507
0.090000 -14.142548
0.100000 -14.669703
0.110000 -15.185627
0.120000 -15.676979
0.130000 -16.131747
0.140000 -16.539564
0.150000 -16.892268
0.160000 -17.183969
0.170000 -17.411670
0.180000 -17.575061
0.200000 -17.719594
0.210000 -17.711027
0.220000 -17.658150
0.230000 -17.569581
0.240000 -17.454658
0.250000 -17.322898
0.260000 -17.183665
0.270000 -17.045553
0.280000 -16.916238
0.290000 -16.802067
0.300000 -16.707890
0.310000 -16.637081
0.320000 -16.591369
0.330000 -16.571093
0.340000 -16.575214
0.350000 -16.601432
0.360000 -16.646448
0.370000 -16.706104
0.380000 -16.775770
0.390000 -16.850598
0.400000 -16.925758
0.410000 -16.996785
0.420000 -17.059782
0.430000 -17.111506
0.440000 -17.149654
0.450000 -17.172836
0.460000 -17.180570
0.470000 -17.173396
0.480000 -17.152626
0.490000 -17.120405
0.500000 -17.079254
0.510000 -17.032261
0.520000 -16.982542
0.530000 -16.933383
0.540000 -16.887681
0.550000 -16.848107
0.560000 -16.816726
0.570000 -16.795016
0.580000 -16.783849
0.590000 -16.783250
0.600000 -16.792722
0.610000 -16.811247
0.620000 -16.837277
0.630000 -16.868752
0.640000 -16.903540
0.650000 -16.939328
0.660000 -16.973872
0.670000 -17.005158
0.680000 -17.031394
0.690000 -17.051261
0.700000 -17.063785
0.710000 -17.068561
0.720000 -17.065588
0.730000 -17.055297
0.740000 -17.038690
0.750000 -17.016975
0.760000 -16.991774
0.770000 -16.964614
0.780000 -16.937380
0.790000 -16.911657
0.800000 -16.889012
0.810000 -16.870712
0.820000 -16.857783
0.830000 -16.850779
0.840000 -16.850049
0.850000 -16.855360
0.860000 -16.866199
0.870000 -16.881663
0.880000 -16.900675
0.890000 -16.921924
0.900000 -16.943914
0.910000 -16.965334
0.920000 -16.984807
0.930000 -17.001195
0.940000 -17.013646
0.950000 -17.021488
0.960000 -17.024391
0.970000 -17.022358
0.980000 -17.015656
0.990000 -17.004841
1.000000 -16.990756
1.010000 -16.974328
1.020000 -16.956688
1.030000 -16.938897
1.040000 -16.922087
1.050000 -16.907321
1.060000 -16.895350
1.070000 -16.886910
1.080000 -16.882359
1.090000 -16.881950
1.100000 -16.885529
1.110000 -16.892868
1.120000 -16.903349
1.130000 -16.916327
1.140000 -16.930820
1.150000 -16.945931
1.160000 -16.960703
1.170000 -16.974210
1.180000 -16.985563
1.190000 -16.994195
1.200000 -16.999596
1.210000 -17.001514
1.220000 -16.999878
1.230000 -16.994926
1.240000 -16.987105
1.250000 -16.976931
1.260000 -16.965051
1.270000 -16.952339
1.280000 -16.939543
1.290000 -16.927510
1.300000 -16.917010
1.310000 -16.908568
1.320000 -16.902717
1.330000 -16.899753
1.340000 -16.899773
1.350000 -16.902736
1.360000 -16.908326
1.370000 -16.916214
1.380000 -16.925825
1.390000 -16.936519
1.400000 -16.947623
1.410000 -16.958425
1.420000 -16.968244
1.430000 -16.976493
1.440000 -16.982758
1.460000 -16.987818
1.470000 -16.986412
1.480000 -16.982557
1.490000 -16.976497
1.500000 -16.968662
1.510000 -16.959597
1.520000 -16.949880
1.530000 -16.940160
1.540000 -16.931058
1.550000 -16.923112
1.560000 -16.916807
1.570000 -16.912512
1.580000 -16.910439
1.590000 -16.910757
1.600000 -16.913293
1.610000 -16.917916
1.620000 -16.924279
1.630000 -16.931930
1.640000 -16.940376
1.650000 -16.949052
1.660000 -16.957379
1.670000 -16.964915
1.680000 -16.971145
1.690000 -16.975729
1.700000 -16.978419
1.710000 -16.979077
1.720000 -16.977688
1.730000 -16.974424
1.740000 -16.969459
1.750000 -16.963136
1.760000 -16.955903
1.770000 -16.948211
1.780000 -16.940535
1.790000 -16.933405
1.800000 -16.927180
1.810000 -16.922332
1.820000 -16.919092
1.830000 -16.917627
1.840000 -16.918061
1.850000 -16.920277
1.860000 -16.924196
1.870000 -16.929492
1.880000 -16.935783
1.890000 -16.942691
1.900000 -16.949792
1.910000 -16.956613
1.920000 -16.962638
1.930000 -16.967587
1.940000 -16.971169
1.950000 -16.973153
1.960000 -16.973429
1.970000 -16.972032
1.990000 -16.964778
2.000000 -16.959453
2.010000 -16.953427
2.020000 -16.947073
2.030000 -16.940812
2.040000 -16.934985
2.050000 -16.930040
2.060000 -16.926233
2.070000 -16.923743
2.080000 -16.922773
2.090000 -16.923301
2.100000 -16.925378
2.110000 -16.928775
2.120000 -16.933279
2.130000 -16.938582
2.140000 -16.944391
2.150000 -16.950302
2.160000 -16.955951
2.170000 -16.960983
2.180000 -16.965056
2.190000 -16.967970
2.200000 -16.969534
2.210000 -16.969657
2.220000 -16.968385
2.230000 -16.965775
2.240000 -16.962009
2.250000 -16.957368
2.260000 -16.952166
2.270000 -16.946754
2.280000 -16.941417
2.290000 -16.936549
2.300000 -16.932407
2.310000 -16.929288
2.320000 -16.927298
2.330000 -16.926610
2.340000 -16.927275
2.350000 -16.929106
2.360000 -16.932144
2.370000 -16.936068
2.380000 -16.940658
2.390000 -16.945611
2.400000 -16.950621
2.410000 -16.955358
2.420000 -16.959536
2.430000 -16.962873
2.440000 -16.965239
2.450000 -16.966458
2.460000 -16.966482
2.470000 -16.965316
2.480000 -16.963024
2.490000 -16.959758
2.500000 -16.955760
2.510000 -16.951271
2.520000 -16.946633
2.530000 -16.942060
2.540000 -16.937879
2.550000 -16.934331
2.560000 -16.931681
2.570000 -16.930066
2.580000 -16.929520
2.590000 -16.930172
2.600000 -16.931926
2.610000 -16.934592
2.620000 -16.938090
2.630000 -16.942083
2.640000 -16.946435
2.650000 -16.950794
2.660000 -16.954883
2.670000 -16.958467
2.680000 -16.961316
2.690000 -16.963277
2.700000 -16.964233
2.710000 -16.964159
2.720000 -16.963033
2.730000 -16.960961
2.740000 -16.958106
2.750000 -16.954635
2.760000 -16.950770
2.770000 -16.946755
2.780000 -16.942864
2.790000 -16.939304
2.800000 -16.936273
2.810000 -16.934098
2.820000 -16.932704
2.830000 -16.932352
2.840000 -16.932927
2.850000 -16.934451
2.860000 -16.936823
2.870000 -16.939847
2.880000 -16.943363
2.890000 -16.947142
2.900000 -16.950936
2.920000 -16.957549
2.930000 -16.959998
2.940000 -16.961625
2.950000 -16.962393
2.960000 -16.962231
2.970000 -16.961161
2.980000 -16.959281
2.990000 -16.956671
3.000000 -16.953624
3.010000 -16.950145
3.020000 -16.946696
3.030000 -16.943273
3.040000 -16.940266
3.050000 -16.937742
3.060000 -16.935877
3.070000 -16.934790
3.080000 -16.934555
3.090000 -16.935163
3.100000 -16.936581
3.110000 -16.938687
3.120000 -16.941354
3.130000 -16.944449
3.140000 -16.947695
3.150000 -16.950994
3.160000 -16.954034
3.170000 -16.956656
3.180000 -16.958691
3.190000 -16.960070
3.200000 -16.960647
3.210000 -16.960409
3.220000 -16.959408
3.230000 -16.957676
3.240000 -16.955339
3.250000 -16.952561
3.260000 -16.949518
3.270000 -16.946401
3.280000 -16.943438
3.290000 -16.940783
3.310000 -16.937108
3.320000 -16.936282
3.330000 -16.936217
3.340000 -16.936907
3.350000 -16.938293
3.360000 -16.940320
3.370000 -16.942785
3.380000 -16.945634
3.390000 -16.948546
3.400000 -16.951468
3.410000 -16.954149
3.420000 -16.956459
3.430000 -16.958207
3.440000 -16.959346
3.450000 -16.959782
3.460000 -16.959502
3.470000 -16.958529
3.480000 -16.956943
3.490000 -16.954804
3.510000 -16.949562
3.520000 -16.946800
3.530000 -16.944123
3.540000 -16.941779
3.550000 -16.939864
3.560000 -16.938510
3.570000 -16.937797
3.580000 -16.937762
3.590000 -16.938400
3.600000 -16.939681
3.610000 -16.941502
3.620000 -16.943746
3.630000 -16.946258
3.640000 -16.948866
3.660000 -16.953800
3.670000 -16.955744
3.680000 -16.957207
3.690000 -16.958114
3.700000 -16.958421
3.710000 -16.958057
3.720000 -16.957030
3.730000 -16.955514
3.740000 -16.953562
3.750000 -16.951253
3.760000 -16.948840
3.770000 -16.946367
3.780000 -16.944063
3.790000 -16.942057
3.800000 -16.940437
3.810000 -16.939334
3.820000 -16.938838
3.830000 -16.938908
3.840000 -16.939603
3.850000 -16.940907
3.860000 -16.942652
3.870000 -16.944792
3.880000 -16.947175
3.890000 -16.949652
3.900000 -16.952065
3.910000 -16.954222
3.920000 -16.956090
3.930000 -16.957431
3.940000 -16.958265
3.950000 -16.958479
3.960000 -16.958146
3.970000 -16.957215
3.980000 -16.955800
3.990000 -16.953958
4.000000 -16.951826
4.010000 -16.949591
4.020000 -16.947333
4.030000 -16.945229
4.040000 -16.943385
4.050000 -16.941947
4.060000 -16.940953
4.070000 -16.940529
4.080000 -16.940621
4.090000 -16.941291
4.100000 -16.942413
4.110000 -16.943984
4.120000 -16.945851
4.130000 -16.947900
4.140000 -16.950036
4.150000 -16.952105
4.160000 -16.953993
4.170000 -16.955549
4.180000 -16.956675
4.190000 -16.957324
4.200000 -16.957437
4.210000 -16.957039
4.220000 -16.956122
4.230000 -16.954777
4.240000 -16.953100
4.250000 -16.951156
4.260000 -16.949119
4.270000 -16.947109
4.280000 -16.945216
4.290000 -16.943614
4.310000 -16.941655
4.320000 -16.941369
4.330000 -16.941638
4.340000 -16.942394
4.350000 -16.943623
4.360000 -16.945194
4.370000 -16.947098
4.380000 -16.949113
4.390000 -16.951165
4.400000 -16.953152
4.410000 -16.954890
4.420000 -16.956329
4.430000 -16.957333
4.440000 -16.957909
4.450000 -16.957974
4.460000 -16.957575
4.470000 -16.956678
4.480000 -16.955368
4.490000 -16.953788
4.500000 -16.951965
4.510000 -16.950019
4.520000 -16.948132
4.530000 -16.946376
4.540000 -16.944862
4.550000 -16.943705
4.560000 -16.942987
4.570000 -16.942713
4.580000 -16.942891
4.590000 -16.943577
4.600000 -16.944619
4.610000 -16.946030
4.620000 -16.947715
4.630000 -16.949492
4.640000 -16.951374
4.650000 -16.953142
4.660000 -16.954719
4.670000 -16.955966
4.680000 -16.956873
4.690000 -16.957303
4.700000 -16.957283
4.710000 -16.956823
4.720000 -16.955953
4.730000 -16.954722
4.740000 -16.953205
4.760000 -16.949816
4.770000 -16.948090
4.780000 -16.946480
4.790000 -16.945167
4.800000 -16.944163
4.810000 -16.943544
4.820000 -16.943353
4.830000 -16.943602
4.840000 -16.944278
4.850000 -16.945309
4.860000 -16.946670
4.870000 -16.948252
4.880000 -16.949980
4.890000 -16.951740
4.900000 -16.953392
4.910000 -16.954820
4.920000 -16.956005
4.930000 -16.956825
4.940000 -16.957224
4.950000 -16.957226
4.960000 -16.956725
4.970000 -16.955940
4.980000 -16.954754
4.990000 -16.953346
5.000000 -16.951736
5.010000 -16.950125
5.020000 -16.948501
5.030000 -16.947031
5.040000 -16.945834
5.050000 -16.944903
5.060000 -16.944341
5.070000 -16.944177
5.080000 -16.944446
5.090000 -16.945126
5.100000 -16.946133
5.110000 -16.947404
5.120000 -16.948899
5.130000 -16.950481
5.140000 -16.952095
5.150000 -16.953637
5.160000 -16.954964
5.170000 -16.956035
5.180000 -16.956796
5.190000 -16.957203
5.200000 -16.957228
5.210000 -16.956800
5.220000 -16.956094
5.230000 -16.955064
5.240000 -16.953765
5.250000 -16.952366
5.260000 -16.950863
5.270000 -16.949416
5.280000 -16.948089
5.290000 -16.946986
5.300000 -16.946154
5.310000 -16.945662
5.320000 -16.945550
5.330000 -16.945812
5.340000 -16.946423
5.350000 -16.947338
5.360000 -16.948465
5.370000 -16.949805
5.380000 -16.951193
5.390000 -16.952602
5.400000 -16.953909
5.410000 -16.955058
5.420000 -16.955914
5.430000 -16.956448
5.440000 -16.956644
5.450000 -16.956558
5.460000 -16.956063
5.470000 -16.955265
5.480000 -16.954222
5.490000 -16.952988
5.500000 -16.951642
5.510000 -16.950281
5.520000 -16.948951
5.530000 -16.947781
5.540000 -16.946867
5.550000 -16.946157
5.560000 -16.945842
5.570000 -16.945826
5.580000 -16.946216
5.590000 -16.946887
5.600000 -16.947895
5.610000 -16.949082
5.620000 -16.950475
5.630000 -16.951963
5.640000 -16.953332
5.650000 -16.954674
5.660000 -16.955811
5.670000 -16.956647
5.680000 -16.957254
5.690000 -16.957495
5.700000 -16.957345
5.710000 -16.956897
5.720000 -16.956137
5.730000 -16.955137
5.740000 -16.953924
5.750000 -16.952615
5.760000 -16.951322
5.770000 -16.950023
5.780000 -16.948925
5.790000 -16.948031
5.800000 -16.947370
5.810000 -16.947059
5.820000 -16.947029
5.830000 -16.947323
5.840000 -16.947944
5.850000 -16.948858
5.860000 -16.949920
5.870000 -16.951212
5.880000 -16.952533
5.890000 -16.953797
5.900000 -16.954986
5.910000 -16.956041
5.920000 -16.956843
5.930000 -16.957326
5.940000 -16.957537
5.950000 -16.957390
5.960000 -16.956986
5.970000 -16.956258
5.980000 -16.955304
5.990000 -16.954145
6.000000 -16.952956
6.010000 -16.951690
6.020000 -16.950565
6.030000 -16.949509
6.040000 -16.948700
6.050000 -16.948113
6.060000 -16.947871
6.070000 -16.947902
6.080000 -16.948267
6.090000 -16.948887
6.100000 -16.949728
6.110000 -16.950800
6.120000 -16.952000
6.130000 -16.953273
6.140000 -16.954472
6.150000 -16.955637
6.160000 -16.956611
6.170000 -16.957322
6.180000 -16.957747
6.190000 -16.957959
6.200000 -16.957807
6.210000 -16.957389
6.220000 -16.956672
6.230000 -16.955758
6.240000 -16.954689
6.250000 -16.953546
6.260000 -16.952351
6.270000 -16.951224
6.280000 -16.950228
6.290000 -16.949408
6.300000 -16.948821
6.310000 -16.948538
6.320000 -16.948545
6.330000 -16.948820
6.340000 -16.949384
6.350000 -16.950214
6.360000 -16.951146
6.370000 -16.952255
6.380000 -16.953407
6.390000 -16.954565
6.400000 -16.955571
6.410000 -16.956488
6.420000 -16.957147
6.430000 -16.957559
6.440000 -16.957713
6.460000 -16.957222
6.470000 -16.956584
6.480000 -16.955795
6.490000 -16.954852
6.500000 -16.953825
6.520000 -16.951814
6.530000 -16.950982
6.540000 -16.950329
6.550000 -16.949905
6.560000 -16.949706
6.570000 -16.949721
6.580000 -16.950077
6.590000 -16.950687
6.600000 -16.951434
6.610000 -16.952351
6.620000 -16.953374
6.630000 -16.954431
6.640000 -16.955518
6.650000 -16.956392
6.660000 -16.957175
6.670000 -16.957712
6.680000 -16.958024
6.690000 -16.958073
6.700000 -16.957872
6.720000 -16.956732
6.730000 -16.955833
6.740000 -16.954900
6.750000 -16.953872
6.760000 -16.952880
6.770000 -16.951942
6.780000 -16.951164
6.790000 -16.950573
6.800000 -16.950247
6.810000 -16.950120
6.820000 -16.950266
6.830000 -16.950662
6.840000 -16.951331
6.850000 -16.952166
6.860000 -16.953125
6.870000 -16.954190
6.880000 -16.955251
6.890000 -16.956303
6.910000 -16.958023
6.920000 -16.958530
6.930000 -16.958871
6.940000 -16.958910
6.950000 -16.958726
6.960000 -16.958269
6.970000 -16.957564
6.980000 -16.956728
6.990000 -16.955780
7.000000 -16.954696
7.010000 -16.953640
7.020000 -16.952723
7.030000 -16.951904
7.040000 -16.951272
7.050000 -16.950885
7.060000 -16.950729
7.070000 -16.950843
7.080000 -16.951220
7.090000 -16.951833
7.100000 -16.952617
7.110000 -16.953566
7.120000 -16.954586
7.130000 -16.955661
7.140000 -16.956725
7.150000 -16.957618
7.160000 -16.958443
7.170000 -16.959065
7.180000 -16.959341
7.190000 -16.959435
7.200000 -16.959274
7.210000 -16.958897
7.220000 -16.958296
7.230000 -16.957518
7.240000 -16.956629
7.250000 -16.955668
7.260000 -16.954687
7.270000 -16.953789
7.280000 -16.952999
7.290000 -16.952372
7.300000 -16.951917
7.310000 -16.951681
7.320000 -16.951748
7.330000 -16.952027
7.340000 -16.952469
7.350000 -16.953177
7.360000 -16.953985
7.370000 -16.954951
7.390000 -16.956833
7.400000 -16.957737
7.410000 -16.958454
7.420000 -16.959029
7.430000 -16.959334
7.440000 -16.959473
7.450000 -16.959367
7.460000 -16.959056
7.470000 -16.958508
7.480000 -16.957816
7.490000 -16.957044
7.500000 -16.956227
7.510000 -16.955351
7.520000 -16.954517
7.530000 -16.953836
7.540000 -16.953251
7.550000 -16.952895
7.560000 -16.952653
7.570000 -16.952689
7.590000 -16.953311
7.600000 -16.953910
7.610000 -16.954601
7.620000 -16.955453
7.630000 -16.956292
7.640000 -16.957115
7.650000 -16.957843
7.660000 -16.958540
7.670000 -16.959051
7.680000 -16.959347
7.690000 -16.959416
7.700000 -16.959351
7.720000 -16.958576
7.730000 -16.957991
7.740000 -16.957306
7.750000 -16.956579
7.760000 -16.955865
7.770000 -16.955180
7.780000 -16.954599
7.790000 -16.954167
7.800000 -16.953891
7.810000 -16.953846
7.820000 -16.953904
7.830000 -16.954188
7.840000 -16.954663
7.850000 -16.955217
7.860000 -16.955929
7.870000 -16.956691
7.880000 -16.957464
7.890000 -16.958193
7.900000 -16.958868
7.910000 -16.959427
7.920000 -16.959790
7.930000 -16.960010
7.940000 -16.960042
7.950000 -16.959928
7.960000 -16.959608
7.970000 -16.959152
7.980000 -16.958571
7.990000 -16.957915
8.000000 -16.957195
8.010000 -16.956511
8.020000 -16.955913
8.030000 -16.955378
8.040000 -16.954994
8.050000 -16.954771
8.060000 -16.954709
8.070000 -16.954825
8.080000 -16.955132
8.090000 -16.955585
8.100000 -16.956151
8.110000 -16.956827
8.120000 -16.957555
8.130000 -16.958252
8.140000 -16.958930
8.150000 -16.959495
8.160000 -16.959998
8.170000 -16.960276
8.180000 -16.960401
8.190000 -16.960416
8.200000 -16.960202
8.210000 -16.959830
8.220000 -16.959352
8.230000 -16.958754
8.240000 -16.958135
8.250000 -16.957497
8.260000 -16.956831
8.270000 -16.956218
8.280000 -16.955733
8.290000 -16.955421
8.300000 -16.955182
8.310000 -16.955200
8.320000 -16.955365
8.330000 -16.955665
8.340000 -16.956134
8.350000 -16.956699
8.360000 -16.957376
8.370000 -16.958046
8.380000 -16.958728
8.390000 -16.959374
8.400000 -16.959901
8.410000 -16.960371
8.420000 -16.960638
8.430000 -16.960720
8.440000 -16.960684
8.450000 -16.960480
8.460000 -16.960081
8.470000 -16.959611
8.480000 -16.959000
8.490000 -16.958338
8.510000 -16.957153
8.520000 -16.956606
8.530000 -16.956228
8.540000 -16.955955
8.550000 -16.955811
8.560000 -16.955887
8.570000 -16.956065
8.580000 -16.956447
8.590000 -16.956917
8.600000 -16.957524
8.610000 -16.958147
8.620000 -16.958892
8.630000 -16.959544
8.640000 -16.960158
8.650000 -16.960630
8.670000 -16.961220
8.680000 -16.961272
8.690000 -16.961188
8.700000 -16.960874
8.710000 -16.960470
8.720000 -16.959948
8.730000 -16.959308
8.740000 -16.958652
8.750000 -16.957953
8.760000 -16.957386
8.770000 -16.956840
8.780000 -16.956451
8.790000 -16.956211
8.800000 -16.956121
8.810000 -16.956258
8.820000 -16.956543
8.830000 -16.956999
8.840000 -16.957524
8.850000 -16.958212
8.860000 -16.959007
8.870000 -16.959758
8.880000 -16.960526
8.890000 -16.961258
8.900000 -16.961840
8.910000 -16.962288
8.920000 -16.962583
8.930000 -16.962737
8.940000 -16.962678
8.950000 -16.962445
8.960000 -16.962082
8.970000 -16.961535
8.980000 -16.960914
8.990000 -16.960250
9.000000 -16.959584
9.010000 -16.958945
9.020000 -16.958362
9.030000 -16.957882
9.040000 -16.957524
9.050000 -16.957361
9.060000 -16.957325
9.070000 -16.957484
9.080000 -16.957834
9.090000 -16.958268
9.100000 -16.958825
9.110000 -16.959459
9.120000 -16.960111
9.130000 -16.960790
9.140000 -16.961411
9.150000 -16.961907
9.160000 -16.962315
9.170000 -16.962553
9.180000 -16.962633
9.190000 -16.962562
9.200000 -16.962351
9.210000 -16.961992
9.220000 -16.961515
9.230000 -16.960919
9.240000 -16.960329
9.260000 -16.959125
9.270000 -16.958617
9.280000 -16.958178
9.290000 -16.957911
9.300000 -16.957779
9.320000 -16.957985
9.330000 -16.958316
9.340000 -16.958761
9.350000 -16.959277
9.360000 -16.959932
9.370000 -16.960599
9.380000 -16.961224
9.390000 -16.961847
9.400000 -16.962363
9.410000 -16.962738
9.420000 -16.963068
9.430000 -16.963145
9.440000 -16.963163
9.450000 -16.962916
9.460000 -16.962662
9.470000 -16.962164
9.480000 -16.961699
9.490000 -16.961150
9.500000 -16.960627
9.510000 -16.960098
9.520000 -16.959663
9.530000 -16.959328
9.540000 -16.959123
9.550000 -16.959045
9.560000 -16.959111
9.570000 -16.959309
9.580000 -16.959679
9.590000 -16.960108
9.600000 -16.960659
9.610000 -16.961254
9.620000 -16.961859
9.630000 -16.962452
9.640000 -16.962967
9.650000 -16.963408
9.660000 -16.963735
9.670000 -16.963926
9.680000 -16.963949
9.690000 -16.963848
9.700000 -16.963549
9.710000 -16.963223
9.720000 -16.962780
9.730000 -16.962187
9.740000 -16.961626
9.750000 -16.961043
9.760000 -16.960519
9.770000 -16.960086
9.790000 -16.959500
9.800000 -16.959510
9.810000 -16.959602
9.820000 -16.959858
9.830000 -16.960267
9.840000 -16.960796
9.850000 -16.961430
9.860000 -16.962098
9.870000 -16.962780
9.880000 -16.963416
9.890000 -16.964042
9.900000 -16.964568
9.910000 -16.964946
9.920000 -16.965204
9.930000 -16.965275
9.940000 -16.965263
9.950000 -16.964999
9.960000 -16.964683
9.970000 -16.964209
9.980000 -16.963652
9.990000 -16.963079
10.000000 -16.962473
