0.020000 -11.189434
0.030000 -11.198254
0.040000 -11.210290
0.050000 -11.226818
0.060000 -11.246316
0.070000 -11.269237
0.080000 -11.296364
0.090000 -11.325909
0.100000 -11.359685
0.110000 -11.396797
0.120000 -11.436472
0.130000 -11.480121
0.140000 -11.527448
0.150000 -11.577482
0.160000 -11.630913
0.170000 -11.687181
0.180000 -11.746995
0.190000 -11.809234
0.200000 -11.874547
0.210000 -11.942797
0.220000 -12.013277
0.230000 -12.087079
0.240000 -12.163519
0.250000 -12.242160
0.260000 -12.323385
0.270000 -12.405780
0.280000 -12.491074
0.290000 -12.578539
0.300000 -12.668271
0.310000 -12.758956
0.320000 -12.852116
0.330000 -12.946832
0.340000 -13.043059
0.350000 -13.140426
0.360000 -13.239172
0.370000 -13.339120
0.380000 -13.440501
0.390000 -13.542448
0.400000 -13.644903
0.410000 -13.748636
0.420000 -13.852784
0.430000 -13.957284
0.440000 -14.062310
0.450000 -14.167538
0.460000 -14.272526
0.470000 -14.377987
0.480000 -14.483165
0.490000 -14.588019
0.500000 -14.692711
0.510000 -14.796912
0.520000 -14.900775
0.530000 -15.003574
0.540000 -15.105955
0.550000 -15.207080
0.560000 -15.307500
0.570000 -15.406719
0.580000 -15.504794
0.590000 -15.601657
0.600000 -15.697163
0.610000 -15.791077
0.620000 -15.883689
0.630000 -15.974516
0.640000 -16.063548
0.650000 -16.150966
0.660000 -16.236264
0.670000 -16.319787
0.680000 -16.401253
0.690000 -16.480760
0.700000 -16.557852
0.710000 -16.633041
0.720000 -16.705772
0.730000 -16.776297
0.740000 -16.844551
0.750000 -16.910095
0.760000 -16.973599
0.770000 -17.034243
0.780000 -17.092595
0.790000 -17.148539
0.800000 -17.201776
0.810000 -17.252465
0.820000 -17.300384
0.830000 -17.346219
0.850000 -17.429869
0.860000 -17.467404
0.870000 -17.502544
0.880000 -17.535434
0.890000 -17.565228
0.900000 -17.593363
0.910000 -17.618251
0.920000 -17.640800
0.930000 -17.661517
0.940000 -17.679204
0.950000 -17.694877
0.960000 -17.707865
0.970000 -17.718799
0.980000 -17.727608
0.990000 -17.734456
1.000000 -17.738624
1.010000 -17.741184
1.020000 -17.741273
1.030000 -17.739809
1.040000 -17.735803
1.050000 -17.730653
1.060000 -17.723243
1.070000 -17.714585
1.080000 -17.704004
1.090000 -17.691508
1.100000 -17.678066
1.110000 -17.663196
1.120000 -17.646772
1.130000 -17.628846
1.140000 -17.610255
1.150000 -17.590111
1.160000 -17.569027
1.170000 -17.546932
1.180000 -17.523727
1.190000 -17.499990
1.200000 -17.475540
1.210000 -17.450380
1.220000 -17.424397
1.230000 -17.397536
1.240000 -17.371229
1.250000 -17.343767
1.260000 -17.316340
1.270000 -17.288402
1.280000 -17.260390
1.290000 -17.232517
1.300000 -17.204638
1.310000 -17.176099
1.320000 -17.148460
1.330000 -17.120663
1.340000 -17.092932
1.350000 -17.065926
1.360000 -17.039271
1.370000 -17.012568
1.380000 -16.987284
1.390000 -16.960850
1.400000 -16.936144
1.410000 -16.912510
1.420000 -16.888667
1.430000 -16.865226
1.440000 -16.843463
1.450000 -16.821784
1.460000 -16.801597
1.470000 -16.781434
1.480000 -16.762176
1.490000 -16.744521
1.500000 -16.727083
1.510000 -16.711098
1.520000 -16.696023
1.530000 -16.681772
1.540000 -16.668488
1.550000 -16.656477
1.560000 -16.645154
1.570000 -16.634973
1.580000 -16.625208
1.590000 -16.617471
1.600000 -16.610326
1.610000 -16.604409
1.620000 -16.599400
1.630000 -16.595034
1.640000 -16.592067
1.650000 -16.589950
1.660000 -16.589037
1.670000 -16.588524
1.680000 -16.589898
1.690000 -16.591227
1.700000 -16.594205
1.710000 -16.597569
1.720000 -16.602112
1.730000 -16.607638
1.740000 -16.613536
1.750000 -16.620519
1.760000 -16.628100
1.770000 -16.636420
1.780000 -16.645453
1.790000 -16.655400
1.800000 -16.665591
1.810000 -16.676669
1.820000 -16.688061
1.830000 -16.700129
1.840000 -16.712873
1.850000 -16.725805
1.860000 -16.739131
1.870000 -16.753021
1.880000 -16.767158
1.890000 -16.781397
1.910000 -16.811213
1.920000 -16.826097
1.930000 -16.841233
1.940000 -16.856539
1.950000 -16.871847
1.960000 -16.887280
1.970000 -16.902343
1.980000 -16.917893
1.990000 -16.932982
2.000000 -16.948173
2.010000 -16.963090
2.020000 -16.977590
2.030000 -16.992199
2.040000 -17.006200
2.050000 -17.020400
2.060000 -17.034027
2.070000 -17.047343
2.080000 -17.059966
2.090000 -17.072577
2.100000 -17.084646
2.110000 -17.096167
2.120000 -17.107449
2.130000 -17.118092
2.140000 -17.128064
2.150000 -17.137414
2.160000 -17.146882
2.170000 -17.155182
2.180000 -17.163214
2.190000 -17.170183
2.200000 -17.177183
2.210000 -17.183047
2.220000 -17.188586
2.230000 -17.193683
2.240000 -17.197737
2.250000 -17.201583
2.260000 -17.204472
2.270000 -17.206668
2.280000 -17.208404
2.290000 -17.209380
2.300000 -17.210042
2.310000 -17.209939
2.320000 -17.208945
2.330000 -17.207975
2.340000 -17.206036
2.350000 -17.203360
2.360000 -17.200570
2.370000 -17.196989
2.380000 -17.192939
2.390000 -17.188006
2.400000 -17.183133
2.410000 -17.177725
2.420000 -17.171241
2.430000 -17.165117
2.440000 -17.158373
2.450000 -17.151291
2.460000 -17.143439
2.470000 -17.135640
2.480000 -17.127343
2.490000 -17.118754
2.500000 -17.109701
2.510000 -17.101072
2.520000 -17.091287
2.530000 -17.081999
2.540000 -17.072288
2.550000 -17.062413
2.560000 -17.052181
2.570000 -17.042311
2.580000 -17.032106
2.590000 -17.022041
2.600000 -17.012085
2.610000 -17.002010
2.620000 -16.991618
2.630000 -16.981536
2.640000 -16.971679
2.650000 -16.961817
2.660000 -16.951950
2.670000 -16.942612
2.680000 -16.933193
2.690000 -16.924051
2.700000 -16.914956
2.710000 -16.906497
2.720000 -16.897538
2.730000 -16.889527
2.740000 -16.881782
2.750000 -16.873990
2.760000 -16.866675
2.770000 -16.859813
2.780000 -16.853557
2.790000 -16.846999
2.800000 -16.841237
2.810000 -16.835972
2.820000 -16.830918
2.830000 -16.826405
2.840000 -16.822119
2.850000 -16.818060
2.860000 -16.814964
2.870000 -16.811746
2.880000 -16.809624
2.890000 -16.807210
2.900000 -16.805892
2.910000 -16.804588
2.920000 -16.803786
2.930000 -16.803578
2.940000 -16.803267
2.950000 -16.804091
2.960000 -16.804879
2.970000 -16.806294
2.980000 -16.808342
3.000000 -16.812463
3.010000 -16.815339
3.020000 -16.818862
3.030000 -16.822333
3.040000 -16.826470
3.050000 -16.830445
3.060000 -16.834766
3.070000 -16.840004
3.080000 -16.845223
3.090000 -16.850618
3.100000 -16.856269
3.110000 -16.861985
3.120000 -16.868091
3.130000 -16.874651
3.140000 -16.881006
3.150000 -16.887507
3.160000 -16.894486
3.180000 -16.908488
3.190000 -16.915716
3.200000 -16.922808
3.210000 -16.930251
3.220000 -16.937618
3.230000 -16.945034
3.240000 -16.952237
3.250000 -16.959589
3.260000 -16.966767
3.270000 -16.973834
3.280000 -16.981079
3.290000 -16.987932
3.300000 -16.995004
3.310000 -17.001855
3.320000 -17.008619
3.330000 -17.014962
3.340000 -17.021223
3.350000 -17.027554
3.360000 -17.033570
3.370000 -17.039316
3.380000 -17.044729
3.400000 -17.055255
3.410000 -17.060064
3.420000 -17.064618
3.430000 -17.068750
3.440000 -17.072803
3.450000 -17.076239
3.460000 -17.079741
3.470000 -17.082873
3.480000 -17.085630
3.490000 -17.088207
3.500000 -17.090412
3.510000 -17.092448
3.520000 -17.093680
3.530000 -17.094916
3.540000 -17.095785
3.550000 -17.096173
3.560000 -17.096695
3.570000 -17.096567
3.580000 -17.096361
3.590000 -17.095764
3.600000 -17.094445
3.620000 -17.091380
3.630000 -17.089920
3.640000 -17.087262
3.650000 -17.085475
3.660000 -17.082324
3.670000 -17.079909
3.680000 -17.076439
3.690000 -17.072679
3.700000 -17.069434
3.710000 -17.065431
3.720000 -17.061304
3.730000 -17.056562
3.740000 -17.052475
3.750000 -17.047694
3.770000 -17.037825
3.780000 -17.032910
3.790000 -17.027597
3.800000 -17.022705
3.810000 -17.017063
3.820000 -17.011416
3.830000 -17.006006
3.840000 -17.000512
3.860000 -16.989213
3.870000 -16.983913
3.880000 -16.978084
3.890000 -16.972370
3.900000 -16.967164
3.910000 -16.961549
3.920000 -16.956030
3.930000 -16.950757
3.940000 -16.945823
3.950000 -16.940371
3.960000 -16.935367
3.970000 -16.930468
3.980000 -16.925651
3.990000 -16.920921
4.000000 -16.916697
4.010000 -16.912339
4.020000 -16.908167
4.030000 -16.904442
4.040000 -16.900601
4.050000 -16.897265
4.060000 -16.893759
4.070000 -16.890696
4.080000 -16.888198
4.090000 -16.885130
4.100000 -16.882785
4.110000 -16.880576
4.120000 -16.878700
4.130000 -16.877235
4.140000 -16.875550
4.150000 -16.874499
4.160000 -16.873558
4.170000 -16.873046
4.180000 -16.872590
4.190000 -16.872378
4.200000 -16.872447
4.210000 -16.873131
4.220000 -16.873611
4.230000 -16.874356
4.240000 -16.875362
4.250000 -16.876933
4.260000 -16.878381
4.270000 -16.879994
4.280000 -16.882093
4.290000 -16.884591
4.300000 -16.886804
4.310000 -16.889270
4.320000 -16.891865
4.330000 -16.895232
4.340000 -16.898323
4.350000 -16.901728
4.360000 -16.905124
4.370000 -16.908905
4.380000 -16.912688
4.390000 -16.916483
4.400000 -16.920433
4.410000 -16.924573
4.420000 -16.928750
4.430000 -16.933350
4.440000 -16.937524
4.450000 -16.942010
4.460000 -16.946643
4.470000 -16.950929
4.480000 -16.955636
4.490000 -16.959975
4.500000 -16.964530
4.510000 -16.969007
4.520000 -16.973639
4.530000 -16.978017
4.540000 -16.982375
4.550000 -16.986722
4.560000 -16.991264
4.570000 -16.995224
4.580000 -16.999483
4.590000 -17.003520
4.600000 -17.007477
4.610000 -17.011324
4.620000 -17.015233
4.630000 -17.018772
4.640000 -17.021990
4.650000 -17.025473
4.660000 -17.028342
4.670000 -17.031255
4.680000 -17.034007
4.690000 -17.036805
4.700000 -17.039343
4.710000 -17.041538
4.720000 -17.043621
4.730000 -17.045383
4.740000 -17.046836
4.750000 -17.048608
4.760000 -17.049917
4.770000 -17.050819
4.790000 -17.052395
4.800000 -17.052764
4.820000 -17.053045
4.830000 -17.053108
4.840000 -17.052544
4.850000 -17.052008
4.860000 -17.051254
4.870000 -17.050247
4.880000 -17.049354
4.890000 -17.048083
4.900000 -17.046768
4.920000 -17.043106
4.930000 -17.040707
4.940000 -17.038726
4.950000 -17.036683
4.960000 -17.034073
4.970000 -17.031565
4.980000 -17.028760
4.990000 -17.025678
5.000000 -17.022732
5.010000 -17.019967
5.020000 -17.016800
5.030000 -17.013299
5.040000 -17.010199
5.050000 -17.006393
5.060000 -17.003428
5.070000 -16.999778
5.080000 -16.996130
5.090000 -16.992733
5.100000 -16.989068
5.110000 -16.985342
5.120000 -16.981358
5.140000 -16.974082
5.150000 -16.970728
5.160000 -16.966939
5.170000 -16.963372
5.180000 -16.960068
5.190000 -16.956603
5.200000 -16.952879
5.210000 -16.949931
5.220000 -16.946370
5.230000 -16.943360
5.240000 -16.940555
5.250000 -16.937407
5.260000 -16.934579
5.270000 -16.931737
5.280000 -16.929408
5.290000 -16.926906
5.300000 -16.924456
5.320000 -16.920211
5.330000 -16.918010
5.340000 -16.916286
5.350000 -16.914792
5.360000 -16.913355
5.370000 -16.912041
5.380000 -16.910905
5.390000 -16.910092
5.400000 -16.908841
5.410000 -16.908589
5.420000 -16.907927
5.430000 -16.907542
5.440000 -16.907284
5.450000 -16.907268
5.460000 -16.907814
5.470000 -16.908048
5.480000 -16.908479
5.490000 -16.909086
5.500000 -16.909999
5.510000 -16.911145
5.520000 -16.912063
5.530000 -16.913616
5.540000 -16.914953
5.550000 -16.916568
5.560000 -16.918317
5.570000 -16.920151
5.580000 -16.922071
5.590000 -16.924123
5.600000 -16.926616
5.610000 -16.928698
5.620000 -16.931161
5.630000 -16.933912
5.640000 -16.936445
5.650000 -16.939239
5.660000 -16.942132
5.670000 -16.944746
5.680000 -16.947755
5.690000 -16.950432
5.700000 -16.953618
5.710000 -16.957076
5.720000 -16.959918
5.730000 -16.962979
5.740000 -16.965883
5.750000 -16.969219
5.760000 -16.972649
5.770000 -16.975450
5.780000 -16.978687
5.790000 -16.981461
5.800000 -16.984568
5.810000 -16.988233
5.820000 -16.990900
5.830000 -16.993764
5.840000 -16.996723
5.850000 -16.999485
5.860000 -17.002299
5.870000 -17.005027
5.880000 -17.007353
5.890000 -17.009848
5.900000 -17.011926
5.910000 -17.014682
5.920000 -17.016951
5.930000 -17.019245
5.940000 -17.020973
5.950000 -17.022796
5.960000 -17.024380
5.970000 -17.026195
5.980000 -17.027231
5.990000 -17.028675
6.000000 -17.029886
6.010000 -17.030914
6.020000 -17.031828
6.030000 -17.032679
6.040000 -17.032848
6.050000 -17.033287
6.060000 -17.033748
6.070000 -17.034039
6.080000 -17.033863
6.090000 -17.033617
6.100000 -17.033630
6.110000 -17.033145
6.120000 -17.032574
6.130000 -17.032037
6.140000 -17.031016
6.150000 -17.030106
6.160000 -17.028887
6.170000 -17.027859
6.180000 -17.026371
6.190000 -17.025104
6.200000 -17.023258
6.210000 -17.021606
6.220000 -17.020175
6.230000 -17.018260
6.240000 -17.016114
6.250000 -17.014478
6.260000 -17.011933
6.270000 -17.009932
6.280000 -17.007644
6.290000 -17.005084
6.300000 -17.003070
6.310000 -17.000863
6.320000 -16.997989
6.330000 -16.995650
6.340000 -16.992984
6.350000 -16.990421
6.370000 -16.985270
6.380000 -16.983167
6.390000 -16.980532
6.400000 -16.977518
6.410000 -16.975218
6.420000 -16.972873
6.430000 -16.970320
6.440000 -16.967918
6.450000 -16.965426
6.460000 -16.962797
6.480000 -16.958292
6.490000 -16.956352
6.500000 -16.954261
6.510000 -16.952223
6.520000 -16.950216
6.530000 -16.948129
6.540000 -16.946334
6.550000 -16.944976
6.560000 -16.943034
6.570000 -16.941733
6.580000 -16.940520
6.590000 -16.939303
6.600000 -16.938178
6.610000 -16.936587
6.620000 -16.935968
6.630000 -16.934985
6.640000 -16.934313
6.650000 -16.933796
6.660000 -16.933321
6.670000 -16.932842
6.680000 -16.932776
6.690000 -16.932641
6.700000 -16.932455
6.710000 -16.932819
6.720000 -16.932901
6.730000 -16.933455
6.740000 -16.933713
6.750000 -16.934424
6.760000 -16.935370
6.770000 -16.935535
6.780000 -16.936969
6.790000 -16.937799
6.800000 -16.938841
6.820000 -16.941822
6.830000 -16.943054
6.840000 -16.944780
6.850000 -16.946371
6.860000 -16.947946
6.870000 -16.949333
6.880000 -16.951302
6.890000 -16.953510
6.900000 -16.955314
6.910000 -16.957094
6.930000 -16.961452
6.940000 -16.963615
6.950000 -16.965928
6.960000 -16.968213
6.970000 -16.970357
6.980000 -16.972421
6.990000 -16.974846
7.000000 -16.977011
7.010000 -16.979446
7.020000 -16.981483
7.030000 -16.983804
7.040000 -16.985662
7.050000 -16.987654
7.060000 -16.990269
7.070000 -16.992397
7.080000 -16.994267
7.090000 -16.996707
7.100000 -16.998536
7.110000 -17.000099
7.120000 -17.002413
7.130000 -17.004123
7.140000 -17.005882
7.150000 -17.007687
7.160000 -17.009208
7.170000 -17.010617
7.180000 -17.012454
7.190000 -17.013580
7.200000 -17.014604
7.210000 -17.016043
7.220000 -17.017030
7.230000 -17.018115
7.240000 -17.019160
7.250000 -17.019971
7.260000 -17.020586
7.270000 -17.021165
7.280000 -17.021464
7.290000 -17.021911
7.300000 -17.022411
7.310000 -17.022198
7.320000 -17.022051
7.330000 -17.022301
7.340000 -17.022064
7.350000 -17.022046
7.360000 -17.021700
7.370000 -17.020885
7.380000 -17.020518
7.390000 -17.019621
7.400000 -17.018716
7.410000 -17.018303
7.420000 -17.017445
7.430000 -17.015705
7.440000 -17.015072
7.450000 -17.013967
7.460000 -17.012542
7.470000 -17.011036
7.480000 -17.009606
7.490000 -17.008334
7.500000 -17.006673
7.510000 -17.004930
7.520000 -17.003049
7.530000 -17.001269
7.540000 -16.999461
7.550000 -16.997934
7.560000 -16.996036
7.570000 -16.993830
7.580000 -16.992152
7.590000 -16.989865
7.600000 -16.988325
7.610000 -16.985899
7.620000 -16.984440
7.630000 -16.982281
7.640000 -16.980169
7.650000 -16.978523
7.660000 -16.976395
7.670000 -16.974763
7.680000 -16.972527
7.690000 -16.970690
7.700000 -16.969013
7.710000 -16.967040
7.720000 -16.965605
7.730000 -16.963751
7.740000 -16.961986
7.750000 -16.959905
7.760000 -16.958983
7.770000 -16.957349
7.780000 -16.955949
7.790000 -16.954395
7.800000 -16.953015
7.810000 -16.952162
7.820000 -16.950522
7.830000 -16.949917
7.840000 -16.948882
7.850000 -16.947949
7.860000 -16.947113
7.870000 -16.946378
7.880000 -16.945930
7.890000 -16.945287
7.900000 -16.945104
7.910000 -16.944824
7.920000 -16.944530
7.930000 -16.944622
7.940000 -16.944192
7.950000 -16.944441
7.960000 -16.944527
7.970000 -16.945033
7.980000 -16.945348
7.990000 -16.946023
8.000000 -16.946570
8.010000 -16.947071
8.020000 -16.947960
8.030000 -16.948407
8.040000 -16.949333
8.050000 -16.950491
8.070000 -16.952574
8.080000 -16.954068
8.090000 -16.955391
8.110000 -16.958111
8.120000 -16.959727
8.130000 -16.961413
8.140000 -16.962714
8.150000 -16.964163
8.160000 -16.965916
8.170000 -16.967806
8.180000 -16.969608
8.190000 -16.971442
8.200000 -16.973209
8.210000 -16.975210
8.220000 -16.976951
8.230000 -16.978992
8.240000 -16.980563
8.250000 -16.982464
8.260000 -16.984500
8.270000 -16.986331
8.280000 -16.988331
8.290000 -16.990074
8.300000 -16.992130
8.310000 -16.993861
8.320000 -16.995821
8.330000 -16.997513
8.340000 -16.999310
8.350000 -17.000849
8.370000 -17.004126
8.380000 -17.005955
8.390000 -17.006993
8.400000 -17.008320
8.410000 -17.009777
8.420000 -17.011010
8.430000 -17.012401
8.440000 -17.013479
8.450000 -17.014605
8.460000 -17.015834
8.470000 -17.016472
8.480000 -17.017124
8.490000 -17.018581
8.500000 -17.018877
8.510000 -17.019173
8.520000 -17.019506
8.530000 -17.020387
8.540000 -17.020872
8.550000 -17.020877
8.560000 -17.021255
8.570000 -17.021052
8.580000 -17.020969
8.590000 -17.021117
8.600000 -17.020941
8.610000 -17.020489
8.620000 -17.019850
8.630000 -17.019349
8.640000 -17.018982
8.660000 -17.017625
8.670000 -17.016743
8.680000 -17.015766
8.690000 -17.015056
8.700000 -17.013789
8.710000 -17.012934
8.720000 -17.011876
8.730000 -17.010556
8.740000 -17.009278
8.750000 -17.008235
8.760000 -17.006629
8.770000 -17.005102
8.780000 -17.003610
8.800000 -17.000212
8.810000 -16.998743
8.820000 -16.997224
8.830000 -16.995804
8.840000 -16.994266
8.850000 -16.991688
8.860000 -16.990034
8.870000 -16.988486
8.880000 -16.986955
8.890000 -16.985179
8.900000 -16.983201
8.910000 -16.981806
8.920000 -16.979750
8.940000 -16.976435
8.950000 -16.974898
8.960000 -16.972957
8.970000 -16.971454
8.980000 -16.969841
8.990000 -16.968434
9.000000 -16.967041
9.010000 -16.965082
9.020000 -16.963721
9.030000 -16.962290
9.040000 -16.961175
9.050000 -16.959970
9.060000 -16.958467
9.070000 -16.957546
9.080000 -16.956772
9.090000 -16.955331
9.100000 -16.954620
9.110000 -16.953839
9.120000 -16.952893
9.130000 -16.952142
9.140000 -16.951441
9.150000 -16.951140
9.160000 -16.950227
9.170000 -16.950144
9.180000 -16.949897
9.190000 -16.949334
9.200000 -16.949148
9.210000 -16.949239
9.220000 -16.949239
9.230000 -16.949433
9.240000 -16.949564
9.250000 -16.949930
9.260000 -16.950114
9.270000 -16.950604
9.280000 -16.951013
9.290000 -16.951533
9.300000 -16.952392
9.310000 -16.952915
9.320000 -16.953860
9.330000 -16.954736
9.340000 -16.955411
9.350000 -16.956596
9.360000 -16.957550
9.370000 -16.958474
9.380000 -16.959887
9.390000 -16.961128
9.400000 -16.962497
9.410000 -16.963461
9.420000 -16.965111
9.430000 -16.966439
9.440000 -16.967835
9.450000 -16.969105
9.460000 -16.970949
9.470000 -16.972338
9.480000 -16.973517
9.490000 -16.974975
9.500000 -16.977026
9.510000 -16.978344
9.520000 -16.980435
9.530000 -16.981654
9.540000 -16.983408
9.550000 -16.984778
9.560000 -16.986465
9.570000 -16.988155
9.580000 -16.989628
9.590000 -16.991312
9.600000 -16.992850
9.610000 -16.994025
9.620000 -16.995780
9.630000 -16.997370
9.640000 -16.998532
9.650000 -17.000234
9.660000 -17.001481
9.670000 -17.002881
9.680000 -17.003805
9.690000 -17.005124
9.700000 -17.006053
9.710000 -17.007009
9.720000 -17.007930
9.730000 -17.009221
9.740000 -17.009748
9.750000 -17.010919
9.760000 -17.011664
9.770000 -17.012415
9.780000 -17.012955
9.790000 -17.013501
9.800000 -17.013964
9.810000 -17.014456
9.820000 -17.014760
9.830000 -17.015072
9.840000 -17.015526
9.850000 -17.015354
9.860000 -17.015839
9.870000 -17.015424
9.880000 -17.015300
9.890000 -17.015123
9.900000 -17.014954
9.910000 -17.014989
9.920000 -17.014310
9.930000 -17.013742
9.940000 -17.013431
9.950000 -17.013244
9.960000 -17.012719
9.970000 -17.011828
9.980000 -17.010984
9.990000 -17.010150
