0.000000 -11.149043
0.020000 -14.223170
0.040000 -17.661710
0.060000 -17.227038
0.080000 -16.780840
0.100000 -16.947707
0.120000 -16.871174
0.140000 -17.012897
0.160000 -16.981650
0.180000 -16.915694
0.200000 -16.947726
0.220000 -16.924913
0.240000 -16.972173
0.260000 -16.958568
0.280000 -16.934986
0.300000 -16.947754
0.320000 -16.937047
0.340000 -16.960977
0.360000 -16.952357
0.380000 -16.941150
0.400000 -16.947794
0.420000 -16.941675
0.440000 -16.956224
0.460000 -16.949955
0.480000 -16.943876
0.500000 -16.947845
0.520000 -16.943935
0.540000 -16.953707
0.560000 -16.948841
0.580000 -16.945329
0.600000 -16.947907
0.620000 -16.945218
0.640000 -16.952178
0.660000 -16.948264
0.680000 -16.946210
0.700000 -16.947973
0.720000 -16.946023
0.740000 -16.951158
0.760000 -16.947953
0.780000 -16.946802
0.800000 -16.948048
0.820000 -16.946564
0.840000 -16.950431
0.860000 -16.947781
0.880000 -16.947236
0.900000 -16.948129
0.920000 -16.946946
0.940000 -16.949883
0.960000 -16.947693
0.980000 -16.947573
1.000000 -16.948208
1.020000 -16.947225
1.040000 -16.949461
1.060000 -16.947662
1.080000 -16.947857
1.100000 -16.948287
1.120000 -16.947438
1.140000 -16.949127
1.160000 -16.947666
1.180000 -16.948100
1.200000 -16.948360
1.220000 -16.947601
1.240000 -16.948867
1.260000 -16.947699
1.280000 -16.948312
1.300000 -16.948427
1.320000 -16.947727
1.340000 -16.948667
1.360000 -16.947756
1.380000 -16.948505
1.400000 -16.948484
1.420000 -16.947835
1.440000 -16.948524
1.460000 -16.947830
1.480000 -16.948667
1.500000 -16.948529
1.520000 -16.947930
1.540000 -16.948436
1.560000 -16.947926
1.580000 -16.948801
1.600000 -16.948562
1.620000 -16.948016
1.640000 -16.948401
1.660000 -16.948017
1.680000 -16.948903
1.700000 -16.948580
1.720000 -16.948111
1.740000 -16.948412
1.760000 -16.948121
1.780000 -16.948973
1.800000 -16.948593
1.820000 -16.948215
1.840000 -16.948468
1.860000 -16.948227
1.880000 -16.949011
1.900000 -16.948601
1.920000 -16.948333
1.940000 -16.948561
1.960000 -16.948332
1.980000 -16.949017
2.000000 -16.948607
2.020000 -16.948467
2.040000 -16.948677
2.060000 -16.948439
2.080000 -16.949005
2.100000 -16.948622
2.120000 -16.948614
2.140000 -16.948809
2.160000 -16.948533
2.180000 -16.948986
2.200000 -16.948649
2.220000 -16.948773
2.240000 -16.948940
2.260000 -16.948626
2.280000 -16.948970
2.300000 -16.948698
2.320000 -16.948926
2.340000 -16.949061
2.360000 -16.948717
2.380000 -16.948979
2.400000 -16.948765
2.420000 -16.949074
2.440000 -16.949161
2.460000 -16.948811
2.480000 -16.949019
2.500000 -16.948852
2.520000 -16.949200
2.540000 -16.949236
2.560000 -16.948913
2.580000 -16.949096
2.600000 -16.948957
2.620000 -16.949300
2.640000 -16.949289
2.660000 -16.949028
2.680000 -16.949214
2.700000 -16.949072
2.720000 -16.949375
2.740000 -16.949323
2.760000 -16.949154
2.780000 -16.949362
2.800000 -16.949195
2.820000 -16.949431
2.840000 -16.949363
2.860000 -16.949294
2.880000 -16.949520
2.900000 -16.949310
2.920000 -16.949482
2.960000 -16.949438
2.980000 -16.949670
3.000000 -16.949428
3.020000 -16.949544
3.040000 -16.949490
3.060000 -16.949581
3.080000 -16.949799
3.100000 -16.949542
3.120000 -16.949637
3.140000 -16.949597
3.160000 -16.949712
3.180000 -16.949896
3.200000 -16.949652
3.220000 -16.949760
3.240000 -16.949727
3.260000 -16.949825
3.280000 -16.949968
3.300000 -16.949773
3.320000 -16.949920
3.340000 -16.949874
3.360000 -16.949926
3.380000 -16.950026
3.400000 -16.949898
3.420000 -16.950095
3.440000 -16.950020
3.460000 -16.950023
3.480000 -16.950096
3.500000 -16.950031
3.520000 -16.950261
3.540000 -16.950157
3.560000 -16.950133
3.580000 -16.950193
3.600000 -16.950171
3.620000 -16.950402
3.640000 -16.950280
3.660000 -16.950263
3.680000 -16.950325
3.700000 -16.950309
3.720000 -16.950515
3.740000 -16.950393
3.760000 -16.950419
3.780000 -16.950489
3.800000 -16.950443
3.820000 -16.950609
3.840000 -16.950507
3.860000 -16.950592
3.880000 -16.950655
3.900000 -16.950574
3.920000 -16.950694
3.940000 -16.950628
3.960000 -16.950768
3.980000 -16.950822
4.000000 -16.950712
4.020000 -16.950806
4.040000 -16.950769
4.060000 -16.950929
4.080000 -16.950956
4.100000 -16.950858
4.120000 -16.950956
4.140000 -16.950924
4.160000 -16.951063
4.180000 -16.951077
4.200000 -16.951019
4.220000 -16.951140
4.240000 -16.951084
4.260000 -16.951180
4.280000 -16.951186
4.300000 -16.951190
4.320000 -16.951333
4.340000 -16.951250
4.360000 -16.951302
4.380000 -16.951314
4.400000 -16.951354
4.420000 -16.951507
4.440000 -16.951400
4.460000 -16.951451
4.480000 -16.951471
4.500000 -16.951518
4.520000 -16.951647
4.540000 -16.951554
4.560000 -16.951629
4.580000 -16.951650
4.600000 -16.951668
4.620000 -16.951762
4.640000 -16.951710
4.660000 -16.951830
4.680000 -16.951840
4.700000 -16.951819
4.720000 -16.951896
4.740000 -16.951875
4.760000 -16.952019
4.780000 -16.952010
4.800000 -16.951981
4.820000 -16.952055
4.840000 -16.952046
4.860000 -16.952184
4.880000 -16.952167
4.900000 -16.952158
4.920000 -16.952246
4.940000 -16.952220
4.960000 -16.952328
4.980000 -16.952312
5.000000 -16.952350
5.020000 -16.952451
5.040000 -16.952396
5.060000 -16.952469
5.080000 -16.952468
5.100000 -16.952549
5.120000 -16.952639
5.140000 -16.952572
5.160000 -16.952644
5.180000 -16.952652
5.200000 -16.952725
5.220000 -16.952802
5.240000 -16.952751
5.260000 -16.952845
5.280000 -16.952855
5.300000 -16.952891
5.320000 -16.952944
5.340000 -16.952937
5.360000 -16.953063
5.380000 -16.953052
5.400000 -16.953060
5.420000 -16.953114
5.440000 -16.953126
5.460000 -16.953254
5.480000 -16.953233
5.500000 -16.953248
5.520000 -16.953314
5.540000 -16.953319
5.560000 -16.953425
5.580000 -16.953409
5.600000 -16.953460
5.620000 -16.953535
5.640000 -16.953511
5.660000 -16.953586
5.680000 -16.953589
5.700000 -16.953676
5.720000 -16.953742
5.740000 -16.953705
5.760000 -16.953771
5.780000 -16.953789
5.800000 -16.953868
5.820000 -16.953925
5.840000 -16.953902
5.860000 -16.954001
5.880000 -16.953998
5.900000 -16.954052
5.920000 -16.954094
5.940000 -16.954114
5.960000 -16.954220
5.980000 -16.954209
6.000000 -16.954239
6.020000 -16.954287
6.040000 -16.954319
6.060000 -16.954425
6.080000 -16.954408
6.100000 -16.954449
6.120000 -16.954515
6.140000 -16.954522
6.160000 -16.954608
6.180000 -16.954605
6.200000 -16.954683
6.220000 -16.954741
6.240000 -16.954724
6.260000 -16.954792
6.280000 -16.954811
6.300000 -16.954901
6.320000 -16.954953
6.340000 -16.954935
6.360000 -16.955015
6.380000 -16.955033
6.400000 -16.955098
6.420000 -16.955141
6.440000 -16.955158
6.460000 -16.955258
6.480000 -16.955263
6.500000 -16.955296
6.520000 -16.955348
6.540000 -16.955380
6.560000 -16.955482
6.580000 -16.955476
6.600000 -16.955521
6.620000 -16.955574
6.640000 -16.955604
6.660000 -16.955683
6.680000 -16.955692
6.700000 -16.955758
6.720000 -16.955819
6.740000 -16.955814
6.760000 -16.955887
6.780000 -16.955912
6.800000 -16.955996
6.820000 -16.956050
6.840000 -16.956040
6.860000 -16.956119
6.880000 -16.956138
6.900000 -16.956209
6.920000 -16.956250
6.940000 -16.956277
6.960000 -16.956372
6.980000 -16.956379
7.000000 -16.956421
7.020000 -16.956471
7.040000 -16.956511
7.060000 -16.956605
7.080000 -16.956601
7.100000 -16.956660
7.120000 -16.956715
7.140000 -16.956743
7.160000 -16.956818
7.180000 -16.956835
7.200000 -16.956911
7.220000 -16.956966
7.240000 -16.956969
7.260000 -16.957038
7.280000 -16.957067
7.300000 -16.957155
7.320000 -16.957202
7.340000 -16.957203
7.360000 -16.957297
7.380000 -16.957313
7.400000 -16.957371
7.420000 -16.957411
7.440000 -16.957459
7.460000 -16.957560
7.480000 -16.957558
7.500000 -16.957603
7.520000 -16.957663
7.540000 -16.957703
7.560000 -16.957785
7.580000 -16.957798
7.600000 -16.957869
7.620000 -16.957929
7.640000 -16.957938
7.660000 -16.958007
7.680000 -16.958035
7.700000 -16.958120
7.720000 -16.958175
7.740000 -16.958192
7.760000 -16.958265
7.780000 -16.958290
7.800000 -16.958361
7.820000 -16.958407
7.840000 -16.958452
7.860000 -16.958533
7.880000 -16.958552
7.900000 -16.958595
7.920000 -16.958646
7.940000 -16.958698
7.960000 -16.958786
7.980000 -16.958796
8.000000 -16.958864
8.020000 -16.958924
8.040000 -16.958941
8.060000 -16.959016
8.080000 -16.959045
8.100000 -16.959126
8.120000 -16.959185
8.140000 -16.959202
8.160000 -16.959278
8.180000 -16.959312
8.200000 -16.959376
8.220000 -16.959428
8.240000 -16.959463
8.260000 -16.959555
8.280000 -16.959581
8.300000 -16.959622
8.320000 -16.959679
8.340000 -16.959728
8.360000 -16.959813
8.380000 -16.959835
8.400000 -16.959895
8.420000 -16.959956
8.440000 -16.959988
8.460000 -16.960058
8.480000 -16.960091
8.500000 -16.960166
8.520000 -16.960226
8.540000 -16.960250
8.560000 -16.960323
8.580000 -16.960367
8.600000 -16.960420
8.620000 -16.960481
8.640000 -16.960515
8.660000 -16.960604
8.680000 -16.960634
8.700000 -16.960684
8.720000 -16.960748
8.740000 -16.960788
8.760000 -16.960874
8.780000 -16.960900
8.800000 -16.960965
8.820000 -16.961033
8.840000 -16.961057
8.860000 -16.961117
8.880000 -16.961163
8.900000 -16.961239
8.920000 -16.961310
8.940000 -16.961323
8.960000 -16.961405
8.980000 -16.961448
9.000000 -16.961499
9.020000 -16.961563
9.040000 -16.961606
9.060000 -16.961694
9.080000 -16.961735
9.100000 -16.961780
9.120000 -16.961840
9.140000 -16.961880
9.160000 -16.961958
9.180000 -16.962002
9.200000 -16.962061
9.220000 -16.962131
9.240000 -16.962158
9.260000 -16.962235
9.280000 -16.962274
9.300000 -16.962342
9.320000 -16.962404
9.340000 -16.962443
9.360000 -16.962526
9.380000 -16.962566
9.400000 -16.962614
9.420000 -16.962678
9.440000 -16.962722
9.460000 -16.962805
9.480000 -16.962847
9.500000 -16.962893
9.520000 -16.962976
9.540000 -16.963011
9.560000 -16.963068
9.580000 -16.963126
9.600000 -16.963188
9.620000 -16.963260
9.640000 -16.963294
9.660000 -16.963360
9.680000 -16.963423
9.700000 -16.963476
9.720000 -16.963535
9.740000 -16.963574
9.760000 -16.963658
9.780000 -16.963708
9.800000 -16.963751
9.820000 -16.963822
9.840000 -16.963873
9.860000 -16.963934
9.880000 -16.963986
9.900000 -16.964044
9.920000 -16.964124
9.940000 -16.964155
9.960000 -16.964215
9.980000 -16.964281
10.000000 -16.964331
