0.010000 -11.233984
0.020000 -11.483350
0.030000 -11.885420
0.040000 -12.417907
0.050000 -13.050203
0.060000 -13.746941
0.070000 -14.470513
0.080000 -15.183685
0.090000 -15.851968
0.100000 -16.446032
0.110000 -16.943230
0.120000 -17.329434
0.130000 -17.599282
0.140000 -17.756454
0.150000 -17.811622
0.160000 -17.781315
0.170000 -17.685693
0.180000 -17.546763
0.190000 -17.386155
0.200000 -17.223325
0.210000 -17.074064
0.220000 -16.949689
0.230000 -16.856798
0.240000 -16.797561
0.250000 -16.770146
0.260000 -16.769801
0.270000 -16.789709
0.280000 -16.822078
0.290000 -16.859272
0.300000 -16.894565
0.310000 -16.922837
0.320000 -16.940891
0.330000 -16.947632
0.340000 -16.943693
0.350000 -16.931449
0.360000 -16.914290
0.370000 -16.896196
0.380000 -16.881043
0.390000 -16.871987
0.400000 -16.871173
0.410000 -16.879381
0.420000 -16.896017
0.430000 -16.919297
0.440000 -16.946485
0.450000 -16.974313
0.460000 -16.999541
0.470000 -17.019458
0.480000 -17.032121
0.490000 -17.036578
0.500000 -17.032902
0.510000 -17.022144
0.520000 -17.006059
0.530000 -16.986870
0.540000 -16.966935
0.550000 -16.948396
0.560000 -16.932940
0.570000 -16.921723
0.580000 -16.915271
0.590000 -16.913533
0.600000 -16.915816
0.610000 -16.921075
0.620000 -16.927997
0.630000 -16.935226
0.640000 -16.941524
0.650000 -16.945909
0.660000 -16.947813
0.670000 -16.947090
0.680000 -16.944005
0.690000 -16.939292
0.700000 -16.933936
0.710000 -16.929055
0.720000 -16.925692
0.730000 -16.924676
0.740000 -16.926467
0.750000 -16.931107
0.760000 -16.938189
0.770000 -16.946937
0.780000 -16.956285
0.790000 -16.965094
0.800000 -16.972336
0.810000 -16.977231
0.820000 -16.979302
0.830000 -16.978449
0.840000 -16.974942
0.850000 -16.969350
0.860000 -16.962430
0.870000 -16.955057
0.880000 -16.948045
0.890000 -16.942047
0.900000 -16.937557
0.910000 -16.934826
0.920000 -16.933916
0.930000 -16.934653
0.940000 -16.936648
0.950000 -16.939430
0.960000 -16.942430
0.970000 -16.945173
0.980000 -16.947182
0.990000 -16.948159
1.000000 -16.947964
1.010000 -16.946664
1.020000 -16.944502
1.030000 -16.941956
1.040000 -16.939517
1.050000 -16.937713
1.060000 -16.936968
1.070000 -16.937563
1.080000 -16.939596
1.090000 -16.942888
1.100000 -16.947133
1.110000 -16.951717
1.120000 -16.956133
1.130000 -16.959824
1.140000 -16.962374
1.150000 -16.963522
1.160000 -16.963183
1.170000 -16.961477
1.180000 -16.958693
1.190000 -16.955200
1.200000 -16.951450
1.210000 -16.947857
1.220000 -16.944783
1.230000 -16.942450
1.240000 -16.941029
1.250000 -16.940561
1.260000 -16.940945
1.270000 -16.942023
1.280000 -16.943546
1.290000 -16.945236
1.300000 -16.946803
1.310000 -16.947988
1.320000 -16.948622
1.330000 -16.948589
1.340000 -16.947890
1.350000 -16.946665
1.360000 -16.945147
1.370000 -16.943631
1.380000 -16.942438
1.390000 -16.941823
1.400000 -16.941988
1.410000 -16.943012
1.420000 -16.944818
1.430000 -16.947212
1.440000 -16.949874
1.450000 -16.952477
1.460000 -16.954671
1.470000 -16.956214
1.480000 -16.956919
1.490000 -16.956742
1.500000 -16.955748
1.510000 -16.954108
1.520000 -16.952063
1.530000 -16.949838
1.540000 -16.947733
1.550000 -16.945945
1.560000 -16.944563
1.570000 -16.943827
1.580000 -16.943625
1.590000 -16.943942
1.600000 -16.944682
1.610000 -16.945709
1.620000 -16.946839
1.630000 -16.947907
1.640000 -16.948729
1.650000 -16.949190
1.660000 -16.949221
1.670000 -16.948787
1.680000 -16.947976
1.690000 -16.946925
1.700000 -16.945840
1.710000 -16.944926
1.720000 -16.944362
1.730000 -16.944299
1.740000 -16.944796
1.750000 -16.945837
1.760000 -16.947281
1.770000 -16.948940
1.780000 -16.950588
1.790000 -16.952016
1.800000 -16.952994
1.810000 -16.953464
1.820000 -16.953372
1.830000 -16.952732
1.840000 -16.951690
1.850000 -16.950373
1.860000 -16.948986
1.870000 -16.947661
1.880000 -16.946582
1.890000 -16.945799
1.900000 -16.945403
1.910000 -16.945375
1.920000 -16.945722
1.930000 -16.946333
1.940000 -16.947144
1.950000 -16.948011
1.960000 -16.948826
1.970000 -16.949467
1.980000 -16.949841
1.990000 -16.949881
2.000000 -16.949577
2.000000 -16.949577
2.010000 -16.948963
2.020000 -16.948163
2.030000 -16.947290
2.040000 -16.946520
2.050000 -16.945969
2.060000 -16.945768
2.070000 -16.945941
2.080000 -16.946497
2.090000 -16.947373
2.100000 -16.948421
2.110000 -16.949499
2.120000 -16.950419
2.130000 -16.951102
2.140000 -16.951426
2.150000 -16.951377
2.160000 -16.950964
2.170000 -16.950271
2.180000 -16.949410
2.190000 -16.948511
2.200000 -16.947663
2.210000 -16.947000
2.220000 -16.946577
2.230000 -16.946417
2.240000 -16.946532
2.250000 -16.946933
2.260000 -16.947513
2.270000 -16.948219
2.280000 -16.948958
2.290000 -16.949639
2.300000 -16.950181
2.310000 -16.950487
2.320000 -16.950517
2.330000 -16.950255
2.340000 -16.949788
2.350000 -16.949134
2.360000 -16.948391
2.370000 -16.947671
2.380000 -16.947126
2.390000 -16.946804
2.400000 -16.946783
2.410000 -16.947030
2.420000 -16.947523
2.430000 -16.948187
2.440000 -16.948863
2.450000 -16.949497
2.460000 -16.949963
2.470000 -16.950203
2.480000 -16.950159
2.490000 -16.949918
2.500000 -16.949459
2.510000 -16.948926
2.520000 -16.948311
2.530000 -16.947780
2.540000 -16.947388
2.550000 -16.947166
2.560000 -16.947185
2.570000 -16.947411
2.580000 -16.947835
2.590000 -16.948406
2.600000 -16.949071
2.610000 -16.949736
2.620000 -16.950332
2.630000 -16.950789
2.640000 -16.951052
2.650000 -16.951078
2.660000 -16.950864
2.670000 -16.950437
2.680000 -16.949853
2.690000 -16.949194
2.700000 -16.948558
2.710000 -16.948026
2.720000 -16.947650
2.730000 -16.947492
2.740000 -16.947538
2.750000 -16.947793
2.760000 -16.948167
2.770000 -16.948617
2.780000 -16.949054
2.790000 -16.949371
2.800000 -16.949556
2.810000 -16.949567
2.820000 -16.949414
2.830000 -16.949119
2.840000 -16.948757
2.850000 -16.948374
2.860000 -16.948035
2.870000 -16.947810
2.880000 -16.947739
2.890000 -16.947823
2.900000 -16.948098
2.910000 -16.948548
2.920000 -16.949081
2.930000 -16.949694
2.940000 -16.950295
2.950000 -16.950823
2.960000 -16.951217
2.970000 -16.951429
2.980000 -16.951448
2.990000 -16.951260
3.000000 -16.950872
3.010000 -16.950349
3.020000 -16.949784
3.030000 -16.949207
3.040000 -16.948704
3.050000 -16.948342
3.060000 -16.948119
3.070000 -16.948079
3.080000 -16.948195
3.090000 -16.948430
3.100000 -16.948703
3.110000 -16.949026
3.120000 -16.949288
3.130000 -16.949425
3.140000 -16.949473
3.150000 -16.949408
3.160000 -16.949231
3.170000 -16.948989
3.180000 -16.948739
3.190000 -16.948491
3.200000 -16.948356
3.210000 -16.948320
3.220000 -16.948425
3.230000 -16.948687
3.240000 -16.949081
3.250000 -16.949568
3.260000 -16.950092
3.270000 -16.950616
3.280000 -16.951072
3.290000 -16.951410
3.300000 -16.951583
3.310000 -16.951570
3.320000 -16.951399
3.330000 -16.951068
3.340000 -16.950650
3.350000 -16.950143
3.360000 -16.949663
3.370000 -16.949249
3.380000 -16.948919
3.390000 -16.948731
3.400000 -16.948677
3.410000 -16.948757
3.420000 -16.948918
3.430000 -16.949141
3.440000 -16.949402
3.450000 -16.949615
3.460000 -16.949786
3.470000 -16.949854
3.480000 -16.949837
3.490000 -16.949734
3.500000 -16.949549
3.510000 -16.949345
3.520000 -16.949173
3.530000 -16.949025
3.540000 -16.948965
3.550000 -16.949025
3.560000 -16.949220
3.570000 -16.949510
3.580000 -16.949895
3.590000 -16.950308
3.600000 -16.950739
3.610000 -16.951091
3.620000 -16.951351
3.630000 -16.951489
3.640000 -16.951479
3.650000 -16.951318
3.660000 -16.951076
3.670000 -16.950716
3.680000 -16.950336
3.690000 -16.949974
3.700000 -16.949660
3.710000 -16.949441
3.720000 -16.949314
3.730000 -16.949319
3.740000 -16.949410
3.750000 -16.949596
3.760000 -16.949838
3.770000 -16.950083
3.780000 -16.950320
3.790000 -16.950489
3.800000 -16.950584
3.810000 -16.950585
3.820000 -16.950516
3.830000 -16.950362
3.840000 -16.950177
3.850000 -16.949971
3.860000 -16.949787
3.870000 -16.949687
3.880000 -16.949631
3.890000 -16.949703
3.900000 -16.949880
3.910000 -16.950135
3.920000 -16.950421
3.930000 -16.950730
3.940000 -16.950994
3.950000 -16.951186
3.960000 -16.951298
3.970000 -16.951292
3.980000 -16.951185
3.990000 -16.950987
4.000000 -16.950733
4.010000 -16.950469
4.020000 -16.950210
4.030000 -16.950041
4.040000 -16.949921
4.050000 -16.949913
4.060000 -16.949990
4.070000 -16.950141
4.080000 -16.950363
4.090000 -16.950631
4.100000 -16.950912
4.110000 -16.951146
4.120000 -16.951329
4.130000 -16.951438
4.140000 -16.951469
4.150000 -16.951391
4.160000 -16.951243
4.170000 -16.951034
4.180000 -16.950778
4.190000 -16.950584
4.200000 -16.950396
4.210000 -16.950267
4.220000 -16.950242
4.230000 -16.950301
4.240000 -16.950422
4.250000 -16.950594
4.260000 -16.950794
4.270000 -16.950985
4.280000 -16.951124
4.290000 -16.951220
4.300000 -16.951231
4.310000 -16.951157
4.320000 -16.951018
4.330000 -16.950862
4.340000 -16.950724
4.350000 -16.950548
4.360000 -16.950472
4.370000 -16.950468
4.380000 -16.950499
4.390000 -16.950616
4.400000 -16.950838
4.410000 -16.951096
4.420000 -16.951381
4.430000 -16.951649
4.440000 -16.951913
4.450000 -16.952102
4.460000 -16.952211
4.470000 -16.952224
4.480000 -16.952138
4.490000 -16.951964
4.500000 -16.951749
4.510000 -16.951508
4.520000 -16.951269
4.530000 -16.951055
4.540000 -16.950892
4.550000 -16.950796
4.560000 -16.950784
4.570000 -16.950840
4.580000 -16.950954
4.590000 -16.951083
4.600000 -16.951229
4.610000 -16.951364
4.620000 -16.951436
4.630000 -16.951475
4.640000 -16.951460
4.650000 -16.951402
4.660000 -16.951310
4.670000 -16.951201
4.680000 -16.951115
4.690000 -16.951037
4.700000 -16.951051
4.710000 -16.951098
4.720000 -16.951239
4.730000 -16.951438
4.740000 -16.951685
4.750000 -16.951940
4.760000 -16.952193
4.770000 -16.952397
4.780000 -16.952568
4.790000 -16.952673
4.800000 -16.952671
4.810000 -16.952604
4.820000 -16.952439
4.830000 -16.952244
4.840000 -16.952018
4.850000 -16.951795
4.860000 -16.951610
4.870000 -16.951478
4.880000 -16.951412
4.890000 -16.951415
4.900000 -16.951454
4.910000 -16.951586
4.920000 -16.951700
4.930000 -16.951850
4.940000 -16.951990
4.950000 -16.952092
4.960000 -16.952155
4.970000 -16.952162
4.980000 -16.952132
4.990000 -16.952073
5.000000 -16.951959
5.010000 -16.951873
5.020000 -16.951781
5.030000 -16.951755
5.040000 -16.951746
5.050000 -16.951812
5.060000 -16.951952
5.070000 -16.952103
5.080000 -16.952298
5.090000 -16.952490
5.100000 -16.952665
5.110000 -16.952791
5.120000 -16.952848
5.130000 -16.952848
5.140000 -16.952786
5.150000 -16.952683
5.160000 -16.952553
5.170000 -16.952392
5.180000 -16.952224
5.190000 -16.952113
5.200000 -16.952037
5.210000 -16.952048
5.220000 -16.952093
5.230000 -16.952199
5.240000 -16.952340
5.250000 -16.952534
5.260000 -16.952697
5.270000 -16.952853
5.280000 -16.952999
5.290000 -16.953061
5.300000 -16.953100
5.310000 -16.953051
5.320000 -16.952965
5.330000 -16.952858
5.340000 -16.952727
5.350000 -16.952605
5.360000 -16.952502
5.370000 -16.952434
5.380000 -16.952422
5.390000 -16.952448
5.400000 -16.952534
5.410000 -16.952641
5.420000 -16.952772
5.430000 -16.952890
5.440000 -16.952979
5.450000 -16.953048
5.460000 -16.953054
5.470000 -16.953038
5.480000 -16.952956
5.490000 -16.952880
5.500000 -16.952780
5.510000 -16.952707
5.520000 -16.952658
5.530000 -16.952659
5.540000 -16.952693
5.550000 -16.952812
5.560000 -16.952948
5.570000 -16.953125
5.580000 -16.953339
5.590000 -16.953520
5.600000 -16.953692
5.610000 -16.953813
5.620000 -16.953896
5.630000 -16.953929
5.640000 -16.953882
5.650000 -16.953780
5.660000 -16.953647
5.670000 -16.953472
5.680000 -16.953343
5.690000 -16.953206
5.700000 -16.953120
5.710000 -16.953047
5.720000 -16.953045
5.730000 -16.953082
5.740000 -16.953183
5.750000 -16.953256
5.760000 -16.953363
5.770000 -16.953452
5.780000 -16.953541
5.790000 -16.953567
5.800000 -16.953571
5.810000 -16.953544
5.820000 -16.953508
5.830000 -16.953449
5.840000 -16.953401
5.850000 -16.953369
5.860000 -16.953400
5.870000 -16.953393
5.880000 -16.953481
5.890000 -16.953605
5.900000 -16.953774
5.910000 -16.953946
5.920000 -16.954096
5.930000 -16.954240
5.940000 -16.954374
5.950000 -16.954442
5.960000 -16.954423
5.970000 -16.954390
5.980000 -16.954294
5.990000 -16.954186
6.000000 -16.954062
6.010000 -16.953929
6.020000 -16.953829
6.030000 -16.953751
6.040000 -16.953739
6.050000 -16.953756
6.060000 -16.953814
6.070000 -16.953939
6.080000 -16.954052
6.090000 -16.954160
6.100000 -16.954282
6.110000 -16.954394
6.120000 -16.954462
6.130000 -16.954487
6.140000 -16.954461
6.150000 -16.954420
6.160000 -16.954357
6.170000 -16.954279
6.180000 -16.954213
6.190000 -16.954166
6.200000 -16.954155
6.210000 -16.954161
6.220000 -16.954198
6.230000 -16.954308
6.240000 -16.954403
6.250000 -16.954523
6.260000 -16.954600
6.270000 -16.954694
6.280000 -16.954753
6.290000 -16.954761
6.300000 -16.954744
6.310000 -16.954696
6.320000 -16.954647
6.330000 -16.954551
6.340000 -16.954486
6.350000 -16.954449
6.360000 -16.954425
6.370000 -16.954458
6.380000 -16.954537
6.390000 -16.954645
6.400000 -16.954771
6.410000 -16.954938
6.420000 -16.955084
6.430000 -16.955202
6.440000 -16.955332
6.450000 -16.955396
6.460000 -16.955425
6.470000 -16.955418
6.480000 -16.955363
6.490000 -16.955261
6.500000 -16.955158
6.510000 -16.955062
6.520000 -16.954971
6.530000 -16.954899
6.540000 -16.954858
6.550000 -16.954872
6.560000 -16.954890
6.570000 -16.954941
6.580000 -16.955045
6.590000 -16.955121
6.600000 -16.955205
6.610000 -16.955244
6.620000 -16.955290
6.630000 -16.955279
6.640000 -16.955305
6.650000 -16.955261
6.660000 -16.955231
6.670000 -16.955207
6.680000 -16.955215
6.690000 -16.955212
6.700000 -16.955211
6.710000 -16.955294
6.720000 -16.955411
6.730000 -16.955524
6.740000 -16.955655
6.750000 -16.955786
6.760000 -16.955935
6.770000 -16.956034
6.780000 -16.956101
6.790000 -16.956095
6.800000 -16.956077
6.810000 -16.956030
6.820000 -16.955943
6.830000 -16.955845
6.840000 -16.955738
6.850000 -16.955651
6.860000 -16.955612
6.870000 -16.955581
6.880000 -16.955610
6.890000 -16.955683
6.900000 -16.955757
6.910000 -16.955849
6.920000 -16.955961
6.930000 -16.956053
6.940000 -16.956146
6.950000 -16.956202
6.960000 -16.956230
6.970000 -16.956208
6.980000 -16.956221
6.990000 -16.956162
7.000000 -16.956126
7.010000 -16.956081
7.020000 -16.956060
7.030000 -16.956040
7.040000 -16.956036
7.050000 -16.956085
7.060000 -16.956153
7.070000 -16.956249
7.080000 -16.956326
7.090000 -16.956427
7.100000 -16.956495
7.110000 -16.956528
7.120000 -16.956565
7.130000 -16.956552
7.140000 -16.956534
7.150000 -16.956484
7.160000 -16.956439
7.170000 -16.956386
7.180000 -16.956376
7.190000 -16.956352
7.200000 -16.956375
7.210000 -16.956448
7.220000 -16.956534
7.230000 -16.956655
7.240000 -16.956772
7.250000 -16.956914
7.260000 -16.957024
7.270000 -16.957108
7.280000 -16.957187
7.290000 -16.957236
7.300000 -16.957231
7.310000 -16.957182
7.320000 -16.957144
7.330000 -16.957030
7.340000 -16.956944
7.350000 -16.956892
7.360000 -16.956851
7.370000 -16.956839
7.380000 -16.956815
7.390000 -16.956839
7.400000 -16.956895
7.410000 -16.956997
7.420000 -16.957029
7.430000 -16.957108
7.440000 -16.957175
7.450000 -16.957202
7.460000 -16.957244
7.470000 -16.957251
7.480000 -16.957233
7.490000 -16.957201
7.500000 -16.957181
7.510000 -16.957177
7.520000 -16.957200
7.530000 -16.957203
7.540000 -16.957269
7.550000 -16.957335
7.560000 -16.957440
7.570000 -16.957534
7.580000 -16.957671
7.590000 -16.957748
7.600000 -16.957849
7.610000 -16.957902
7.620000 -16.957946
7.630000 -16.957908
7.640000 -16.957873
7.650000 -16.957852
7.660000 -16.957760
7.670000 -16.957711
7.680000 -16.957639
7.690000 -16.957614
7.700000 -16.957621
7.710000 -16.957632
7.720000 -16.957703
7.730000 -16.957789
7.740000 -16.957881
7.750000 -16.957979
7.760000 -16.958074
7.770000 -16.958171
7.780000 -16.958220
7.790000 -16.958261
7.800000 -16.958270
7.810000 -16.958254
7.820000 -16.958236
7.830000 -16.958188
7.840000 -16.958206
7.850000 -16.958112
7.860000 -16.958088
7.870000 -16.958092
7.880000 -16.958107
7.890000 -16.958158
7.900000 -16.958195
7.910000 -16.958276
7.920000 -16.958327
7.930000 -16.958417
7.940000 -16.958460
7.950000 -16.958508
7.960000 -16.958515
7.970000 -16.958511
7.980000 -16.958467
7.990000 -16.958468
8.000000 -16.958446
8.010000 -16.958425
8.020000 -16.958431
8.030000 -16.958466
8.040000 -16.958488
8.050000 -16.958613
8.060000 -16.958692
8.070000 -16.958816
8.080000 -16.958919
8.090000 -16.959030
8.100000 -16.959115
8.110000 -16.959172
8.120000 -16.959215
8.130000 -16.959223
8.140000 -16.959205
8.150000 -16.959187
8.160000 -16.959120
8.170000 -16.959025
8.180000 -16.958993
8.190000 -16.958952
8.200000 -16.958909
8.210000 -16.958931
8.220000 -16.958940
8.230000 -16.959002
8.240000 -16.959064
8.250000 -16.959130
8.260000 -16.959220
8.270000 -16.959308
8.280000 -16.959345
8.290000 -16.959376
8.300000 -16.959382
8.310000 -16.959394
8.320000 -16.959391
8.330000 -16.959378
8.340000 -16.959369
8.350000 -16.959358
8.360000 -16.959361
8.370000 -16.959387
8.380000 -16.959440
8.390000 -16.959494
8.400000 -16.959582
8.410000 -16.959650
8.420000 -16.959723
8.430000 -16.959799
8.440000 -16.959854
8.450000 -16.959881
8.460000 -16.959907
8.470000 -16.959865
8.480000 -16.959850
8.490000 -16.959813
8.500000 -16.959784
8.510000 -16.959746
8.520000 -16.959738
8.530000 -16.959784
8.540000 -16.959830
8.550000 -16.959873
8.560000 -16.959959
8.570000 -16.960046
8.580000 -16.960176
8.590000 -16.960265
8.600000 -16.960320
8.610000 -16.960402
8.620000 -16.960456
8.630000 -16.960473
8.640000 -16.960462
8.650000 -16.960420
8.660000 -16.960402
8.670000 -16.960374
8.680000 -16.960309
8.690000 -16.960274
8.700000 -16.960276
8.710000 -16.960270
8.720000 -16.960305
8.730000 -16.960336
8.740000 -16.960384
8.750000 -16.960436
8.760000 -16.960515
8.770000 -16.960575
8.780000 -16.960607
8.790000 -16.960627
8.800000 -16.960665
8.810000 -16.960653
8.820000 -16.960672
8.830000 -16.960673
8.840000 -16.960658
8.850000 -16.960663
8.860000 -16.960670
8.870000 -16.960721
8.880000 -16.960781
8.890000 -16.960855
8.900000 -16.960937
8.910000 -16.961043
8.920000 -16.961119
8.930000 -16.961222
8.940000 -16.961238
8.950000 -16.961280
8.960000 -16.961305
8.970000 -16.961306
8.980000 -16.961274
8.990000 -16.961252
9.000000 -16.961190
9.010000 -16.961160
9.020000 -16.961152
9.030000 -16.961142
9.040000 -16.961175
9.050000 -16.961227
9.060000 -16.961270
9.070000 -16.961359
9.080000 -16.961461
9.090000 -16.961508
9.100000 -16.961625
9.110000 -16.961672
9.120000 -16.961705
9.130000 -16.961745
9.140000 -16.961756
9.150000 -16.961753
9.160000 -16.961735
9.170000 -16.961701
9.180000 -16.961691
9.190000 -16.961658
9.200000 -16.961657
9.210000 -16.961646
9.220000 -16.961683
9.230000 -16.961730
9.240000 -16.961782
9.250000 -16.961827
9.260000 -16.961932
9.270000 -16.961941
9.280000 -16.961989
9.290000 -16.962010
9.300000 -16.962044
9.310000 -16.962046
9.320000 -16.962025
9.330000 -16.962075
9.340000 -16.962052
9.350000 -16.962061
9.360000 -16.962086
9.370000 -16.962116
9.380000 -16.962161
9.390000 -16.962242
9.400000 -16.962344
9.410000 -16.962426
9.420000 -16.962531
9.430000 -16.962612
9.440000 -16.962668
9.450000 -16.962698
9.460000 -16.962695
9.470000 -16.962734
9.480000 -16.962715
9.490000 -16.962676
9.500000 -16.962639
9.510000 -16.962606
9.520000 -16.962595
9.530000 -16.962561
9.540000 -16.962590
9.550000 -16.962596
9.560000 -16.962641
9.570000 -16.962703
9.580000 -16.962800
9.590000 -16.962850
9.600000 -16.962916
9.610000 -16.963000
9.620000 -16.963031
9.630000 -16.963104
9.640000 -16.963104
9.650000 -16.963123
9.660000 -16.963099
9.670000 -16.963081
9.680000 -16.963104
9.690000 -16.963097
9.700000 -16.963116
9.710000 -16.963096
9.720000 -16.963133
9.730000 -16.963163
9.740000 -16.963229
9.750000 -16.963286
9.760000 -16.963342
9.770000 -16.963407
9.780000 -16.963428
9.790000 -16.963453
9.800000 -16.963496
9.810000 -16.963514
9.820000 -16.963486
9.830000 -16.963493
9.840000 -16.963485
9.850000 -16.963485
9.860000 -16.963492
9.870000 -16.963548
9.880000 -16.963577
9.890000 -16.963615
9.900000 -16.963738
9.910000 -16.963820
9.920000 -16.963889
9.930000 -16.963989
9.940000 -16.964050
9.950000 -16.964134
9.960000 -16.964142
9.970000 -16.964172
9.980000 -16.964174
9.990000 -16.964121
10.000000 -16.964096
