0.000000 -11.149331
0.010000 -11.381797
0.020000 -12.048393
0.030000 -13.047818
0.040000 -14.225542
0.050000 -15.409538
0.060000 -16.442763
0.070000 -17.211143
0.080000 -17.662628
0.090000 -17.811793
0.100000 -17.724759
0.110000 -17.496621
0.120000 -17.225461
0.130000 -16.989665
0.140000 -16.834415
0.150000 -16.770486
0.160000 -16.781044
0.170000 -16.833768
0.180000 -16.894095
0.190000 -16.935938
0.200000 -16.947589
0.210000 -16.931887
0.220000 -16.902578
0.230000 -16.877534
0.240000 -16.871183
0.250000 -16.889293
0.260000 -16.927536
0.270000 -16.973752
0.280000 -17.013194
0.290000 -17.034540
0.300000 -17.033304
0.310000 -17.012588
0.320000 -16.981049
0.330000 -16.949150
0.340000 -16.925469
0.350000 -16.914408
0.360000 -16.915743
0.370000 -16.925364
0.380000 -16.937252
0.390000 -16.945789
0.400000 -16.947654
0.410000 -16.942743
0.420000 -16.934124
0.430000 -16.926700
0.440000 -16.924918
0.450000 -16.930929
0.460000 -16.943645
0.470000 -16.959117
0.480000 -16.972274
0.490000 -16.979103
0.500000 -16.977953
0.510000 -16.969926
0.520000 -16.958145
0.530000 -16.946434
0.540000 -16.937890
0.550000 -16.934120
0.560000 -16.935055
0.570000 -16.939135
0.580000 -16.943992
0.590000 -16.947358
0.600000 -16.947784
0.610000 -16.945199
0.620000 -16.941045
0.630000 -16.937630
0.640000 -16.937094
0.650000 -16.940425
0.660000 -16.946992
0.670000 -16.954696
0.680000 -16.960962
0.690000 -16.963843
0.700000 -16.962664
0.710000 -16.958148
0.720000 -16.951996
0.730000 -16.946148
0.740000 -16.942070
0.750000 -16.940482
0.760000 -16.941291
0.770000 -16.943618
0.780000 -16.946237
0.790000 -16.947940
0.800000 -16.947948
0.810000 -16.946275
0.820000 -16.943786
0.830000 -16.941872
0.840000 -16.941766
0.850000 -16.943990
0.860000 -16.948061
0.870000 -16.952619
0.880000 -16.956109
0.890000 -16.957435
0.900000 -16.956329
0.910000 -16.953362
0.920000 -16.949621
0.930000 -16.946266
0.940000 -16.944065
0.950000 -16.943394
0.960000 -16.944108
0.970000 -16.945680
0.980000 -16.947323
0.990000 -16.948307
1.000000 -16.948161
1.010000 -16.946931
1.020000 -16.945236
1.030000 -16.944016
1.040000 -16.944077
1.050000 -16.945691
1.060000 -16.948453
1.070000 -16.951402
1.080000 -16.953491
1.090000 -16.954077
1.100000 -16.953089
1.110000 -16.950984
1.120000 -16.948532
1.130000 -16.946464
1.140000 -16.945237
1.150000 -16.945033
1.160000 -16.945709
1.170000 -16.946878
1.180000 -16.948015
1.190000 -16.948620
1.200000 -16.948398
1.210000 -16.947417
1.220000 -16.946166
1.230000 -16.945304
1.240000 -16.945406
1.250000 -16.946616
1.260000 -16.948575
1.270000 -16.950566
1.280000 -16.951860
1.290000 -16.952070
1.300000 -16.951200
1.310000 -16.949654
1.320000 -16.947989
1.330000 -16.946687
1.340000 -16.946031
1.350000 -16.946104
1.360000 -16.946763
1.370000 -16.947697
1.380000 -16.948549
1.390000 -16.948934
1.400000 -16.948659
1.410000 -16.947827
1.420000 -16.946822
1.430000 -16.946170
1.440000 -16.946255
1.450000 -16.947170
1.460000 -16.948580
1.470000 -16.949947
1.480000 -16.950759
1.490000 -16.950753
1.500000 -16.950013
1.510000 -16.948872
1.520000 -16.947737
1.530000 -16.946925
1.540000 -16.946645
1.550000 -16.946893
1.560000 -16.947538
1.570000 -16.948349
1.580000 -16.949006
1.590000 -16.949231
1.600000 -16.948918
1.610000 -16.948175
1.620000 -16.947323
1.630000 -16.946783
1.640000 -16.946838
1.650000 -16.947512
1.660000 -16.948531
1.670000 -16.949472
1.680000 -16.949970
1.690000 -16.949862
1.700000 -16.949249
1.710000 -16.948406
1.720000 -16.947641
1.730000 -16.947181
1.740000 -16.947152
1.750000 -16.947533
1.760000 -16.948185
1.770000 -16.948890
1.780000 -16.949401
1.790000 -16.949519
1.800000 -16.949156
1.810000 -16.948470
1.820000 -16.947727
1.830000 -16.947252
1.840000 -16.947257
1.850000 -16.947742
1.860000 -16.948471
1.870000 -16.949119
1.880000 -16.949414
1.890000 -16.949267
1.900000 -16.948779
1.910000 -16.948164
1.920000 -16.947670
1.930000 -16.947455
1.940000 -16.947605
1.950000 -16.948068
1.960000 -16.948711
1.970000 -16.949336
1.980000 -16.949732
1.990000 -16.949748
2.000000 -16.949358
2.010000 -16.948715
2.020000 -16.948041
2.030000 -16.947617
2.040000 -16.947587
2.050000 -16.947924
2.060000 -16.948445
2.070000 -16.948886
2.080000 -16.949058
2.090000 -16.948915
2.100000 -16.948535
2.110000 -16.948100
2.120000 -16.947790
2.130000 -16.947746
2.140000 -16.948012
2.150000 -16.948531
2.160000 -16.949149
2.170000 -16.949691
2.180000 -16.949980
2.190000 -16.949911
2.200000 -16.949504
2.210000 -16.948897
2.220000 -16.948306
2.230000 -16.947926
2.240000 -16.947870
2.250000 -16.948110
2.260000 -16.948477
2.270000 -16.948784
2.280000 -16.948895
2.290000 -16.948769
2.300000 -16.948484
2.310000 -16.948171
2.320000 -16.947990
2.330000 -16.948045
2.340000 -16.948378
2.350000 -16.948905
2.360000 -16.949482
2.370000 -16.949932
2.380000 -16.950127
2.390000 -16.949995
2.400000 -16.949581
2.410000 -16.949019
2.420000 -16.948513
2.430000 -16.948203
2.440000 -16.948152
2.450000 -16.948328
2.460000 -16.948610
2.470000 -16.948841
2.480000 -16.948917
2.490000 -16.948823
2.500000 -16.948596
2.510000 -16.948361
2.520000 -16.948254
2.530000 -16.948365
2.540000 -16.948703
2.550000 -16.949189
2.560000 -16.949701
2.570000 -16.950062
2.580000 -16.950168
2.590000 -16.949992
2.600000 -16.949594
2.610000 -16.949112
2.620000 -16.948691
2.630000 -16.948459
2.640000 -16.948446
2.650000 -16.948610
2.660000 -16.948855
2.670000 -16.949049
2.680000 -16.949116
2.690000 -16.949028
2.700000 -16.948837
2.710000 -16.948645
2.720000 -16.948557
2.730000 -16.948664
2.740000 -16.948964
2.750000 -16.949401
2.760000 -16.949809
2.770000 -16.950081
2.780000 -16.950120
2.790000 -16.949918
2.800000 -16.949563
2.810000 -16.949173
2.820000 -16.948870
2.830000 -16.948731
2.840000 -16.948777
2.850000 -16.948964
2.860000 -16.949195
2.870000 -16.949379
2.880000 -16.949446
2.890000 -16.949358
2.900000 -16.949169
2.910000 -16.948981
2.920000 -16.948878
2.930000 -16.948936
2.940000 -16.949184
2.950000 -16.949524
2.960000 -16.949840
2.970000 -16.950024
2.980000 -16.950016
2.990000 -16.949824
3.000000 -16.949533
3.010000 -16.949248
3.020000 -16.949062
3.030000 -16.949030
3.040000 -16.949149
3.050000 -16.949381
3.060000 -16.949614
3.070000 -16.949794
3.080000 -16.949840
3.090000 -16.949737
3.100000 -16.949523
3.110000 -16.949314
3.120000 -16.949186
3.130000 -16.949194
3.140000 -16.949365
3.150000 -16.949613
3.160000 -16.949849
3.170000 -16.949965
3.180000 -16.949934
3.190000 -16.949763
3.200000 -16.949546
3.210000 -16.949364
3.220000 -16.949285
3.230000 -16.949350
3.240000 -16.949546
3.250000 -16.949807
3.260000 -16.950058
3.270000 -16.950216
3.280000 -16.950232
3.290000 -16.950101
3.300000 -16.949877
3.310000 -16.949632
3.320000 -16.949476
3.330000 -16.949440
3.340000 -16.949543
3.350000 -16.949721
3.360000 -16.949887
3.370000 -16.949970
3.380000 -16.949934
3.390000 -16.949814
3.400000 -16.949661
3.410000 -16.949562
3.420000 -16.949561
3.430000 -16.949682
3.440000 -16.949923
3.450000 -16.950195
3.460000 -16.950437
3.470000 -16.950574
3.480000 -16.950553
3.490000 -16.950395
3.500000 -16.950152
3.510000 -16.949902
3.520000 -16.949743
3.530000 -16.949706
3.540000 -16.949772
3.550000 -16.949907
3.560000 -16.950044
3.570000 -16.950104
3.580000 -16.950085
3.590000 -16.949988
3.600000 -16.949884
3.610000 -16.949820
3.620000 -16.949849
3.630000 -16.950005
3.640000 -16.950238
3.650000 -16.950500
3.660000 -16.950722
3.670000 -16.950807
3.680000 -16.950753
3.690000 -16.950580
3.700000 -16.950356
3.710000 -16.950147
3.720000 -16.950012
3.730000 -16.949997
3.740000 -16.950071
3.750000 -16.950203
3.760000 -16.950330
3.770000 -16.950396
3.780000 -16.950386
3.790000 -16.950302
3.800000 -16.950204
3.810000 -16.950137
3.820000 -16.950172
3.830000 -16.950288
3.840000 -16.950496
3.850000 -16.950717
3.860000 -16.950874
3.870000 -16.950934
3.880000 -16.950849
3.890000 -16.950695
3.900000 -16.950512
3.910000 -16.950367
3.920000 -16.950305
3.930000 -16.950341
3.940000 -16.950451
3.950000 -16.950606
3.960000 -16.950736
3.970000 -16.950813
3.980000 -16.950789
3.990000 -16.950703
4.000000 -16.950583
4.010000 -16.950492
4.020000 -16.950471
4.030000 -16.950558
4.040000 -16.950700
4.050000 -16.950863
4.060000 -16.950975
4.070000 -16.950996
4.080000 -16.950926
4.090000 -16.950807
4.100000 -16.950688
4.110000 -16.950605
4.120000 -16.950613
4.130000 -16.950713
4.140000 -16.950880
4.150000 -16.951054
4.160000 -16.951194
4.170000 -16.951252
4.180000 -16.951214
4.190000 -16.951108
4.200000 -16.950957
4.210000 -16.950825
4.220000 -16.950777
4.230000 -16.950809
4.240000 -16.950908
4.250000 -16.951020
4.260000 -16.951105
4.270000 -16.951122
4.280000 -16.951074
4.290000 -16.951000
4.300000 -16.950925
4.310000 -16.950903
4.320000 -16.950954
4.330000 -16.951089
4.340000 -16.951288
4.350000 -16.951462
4.360000 -16.951587
4.370000 -16.951644
4.380000 -16.951565
4.390000 -16.951426
4.400000 -16.951272
4.410000 -16.951152
4.420000 -16.951091
4.430000 -16.951107
4.440000 -16.951184
4.450000 -16.951287
4.460000 -16.951359
4.470000 -16.951386
4.480000 -16.951352
4.490000 -16.951287
4.500000 -16.951238
4.510000 -16.951240
4.520000 -16.951305
4.530000 -16.951440
4.540000 -16.951611
4.550000 -16.951768
4.560000 -16.951867
4.570000 -16.951877
4.580000 -16.951806
4.590000 -16.951676
4.600000 -16.951539
4.610000 -16.951445
4.620000 -16.951416
4.630000 -16.951460
4.640000 -16.951558
4.650000 -16.951671
4.660000 -16.951755
4.670000 -16.951782
4.680000 -16.951763
4.690000 -16.951689
4.700000 -16.951630
4.710000 -16.951598
4.720000 -16.951640
4.730000 -16.951738
4.740000 -16.951871
4.750000 -16.951988
4.760000 -16.952051
4.770000 -16.952042
4.780000 -16.951979
4.790000 -16.951891
4.800000 -16.951792
4.810000 -16.951772
4.820000 -16.951794
4.830000 -16.951892
4.840000 -16.952015
4.850000 -16.952134
4.860000 -16.952228
4.870000 -16.952256
4.880000 -16.952214
4.890000 -16.952132
4.900000 -16.952026
4.910000 -16.951979
4.920000 -16.951966
4.930000 -16.952012
4.940000 -16.952107
4.950000 -16.952190
4.960000 -16.952243
4.970000 -16.952240
4.980000 -16.952196
4.990000 -16.952138
5.000000 -16.952091
5.010000 -16.952109
5.020000 -16.952178
5.030000 -16.952304
5.040000 -16.952447
5.050000 -16.952582
5.060000 -16.952664
5.070000 -16.952668
5.080000 -16.952602
5.090000 -16.952504
5.100000 -16.952399
5.110000 -16.952322
5.120000 -16.952300
5.130000 -16.952344
5.140000 -16.952414
5.150000 -16.952496
5.160000 -16.952553
5.170000 -16.952554
5.180000 -16.952523
5.190000 -16.952488
5.200000 -16.952472
5.210000 -16.952490
5.220000 -16.952563
5.230000 -16.952676
5.240000 -16.952808
5.250000 -16.952912
5.260000 -16.952974
5.270000 -16.952965
5.280000 -16.952905
5.290000 -16.952804
5.300000 -16.952721
5.310000 -16.952687
5.320000 -16.952681
5.330000 -16.952747
5.340000 -16.952836
5.350000 -16.952929
5.360000 -16.952993
5.370000 -16.953005
5.380000 -16.952981
5.390000 -16.952927
5.400000 -16.952886
5.410000 -16.952882
5.420000 -16.952912
5.430000 -16.952993
5.440000 -16.953084
5.450000 -16.953179
5.460000 -16.953210
5.470000 -16.953197
5.480000 -16.953147
5.490000 -16.953087
5.500000 -16.953043
5.510000 -16.953041
5.520000 -16.953104
5.530000 -16.953205
5.540000 -16.953322
5.550000 -16.953432
5.560000 -16.953487
5.570000 -16.953494
5.580000 -16.953451
5.590000 -16.953376
5.600000 -16.953305
5.610000 -16.953261
5.620000 -16.953272
5.630000 -16.953321
5.640000 -16.953391
5.650000 -16.953450
5.660000 -16.953483
5.670000 -16.953483
5.680000 -16.953455
5.690000 -16.953423
5.700000 -16.953423
5.710000 -16.953444
5.720000 -16.953524
5.730000 -16.953644
5.740000 -16.953769
5.750000 -16.953857
5.760000 -16.953902
5.770000 -16.953891
5.780000 -16.953847
5.790000 -16.953763
5.800000 -16.953685
5.810000 -16.953643
5.820000 -16.953664
5.830000 -16.953716
5.840000 -16.953784
5.850000 -16.953859
5.860000 -16.953903
5.870000 -16.953909
5.880000 -16.953888
5.890000 -16.953860
5.900000 -16.953858
5.910000 -16.953858
5.920000 -16.953926
5.930000 -16.954015
5.940000 -16.954118
5.950000 -16.954199
5.960000 -16.954207
5.970000 -16.954201
5.980000 -16.954144
5.990000 -16.954076
6.000000 -16.954057
6.010000 -16.954052
6.020000 -16.954099
6.030000 -16.954179
6.040000 -16.954282
6.050000 -16.954364
6.060000 -16.954406
6.070000 -16.954419
6.080000 -16.954387
6.090000 -16.954334
6.100000 -16.954291
6.110000 -16.954282
6.120000 -16.954311
6.130000 -16.954363
6.140000 -16.954423
6.150000 -16.954473
6.160000 -16.954504
6.170000 -16.954497
6.180000 -16.954473
6.190000 -16.954453
6.200000 -16.954456
6.210000 -16.954486
6.220000 -16.954560
6.230000 -16.954672
6.240000 -16.954770
6.250000 -16.954858
6.260000 -16.954886
6.270000 -16.954879
6.280000 -16.954829
6.290000 -16.954768
6.300000 -16.954716
6.310000 -16.954692
6.320000 -16.954712
6.330000 -16.954757
6.340000 -16.954815
6.350000 -16.954881
6.360000 -16.954910
6.370000 -16.954923
6.380000 -16.954907
6.390000 -16.954895
6.400000 -16.954893
6.410000 -16.954929
6.420000 -16.954989
6.430000 -16.955064
6.440000 -16.955160
6.450000 -16.955223
6.460000 -16.955254
6.470000 -16.955241
6.480000 -16.955203
6.490000 -16.955149
6.500000 -16.955113
6.510000 -16.955125
6.520000 -16.955177
6.530000 -16.955245
6.540000 -16.955325
6.550000 -16.955406
6.560000 -16.955434
6.570000 -16.955437
6.580000 -16.955433
6.590000 -16.955389
6.600000 -16.955363
6.610000 -16.955352
6.620000 -16.955389
6.630000 -16.955438
6.640000 -16.955511
6.650000 -16.955554
6.660000 -16.955578
6.670000 -16.955580
6.680000 -16.955569
6.690000 -16.955550
6.700000 -16.955534
6.710000 -16.955587
6.720000 -16.955656
6.730000 -16.955754
6.740000 -16.955842
6.750000 -16.955908
6.760000 -16.955949
6.770000 -16.955947
6.780000 -16.955919
6.790000 -16.955854
6.800000 -16.955811
6.810000 -16.955807
6.820000 -16.955827
6.830000 -16.955872
6.840000 -16.955926
6.850000 -16.955978
6.860000 -16.956010
6.870000 -16.956017
6.880000 -16.956013
6.890000 -16.956013
6.900000 -16.956016
6.910000 -16.956052
6.920000 -16.956109
6.930000 -16.956187
6.940000 -16.956260
6.950000 -16.956323
6.960000 -16.956335
6.970000 -16.956308
6.980000 -16.956295
6.990000 -16.956259
7.000000 -16.956245
7.010000 -16.956260
7.020000 -16.956311
7.030000 -16.956386
7.040000 -16.956449
7.050000 -16.956527
7.060000 -16.956563
7.070000 -16.956575
7.080000 -16.956545
7.090000 -16.956530
7.100000 -16.956503
7.110000 -16.956496
7.120000 -16.956533
7.130000 -16.956578
7.140000 -16.956646
7.150000 -16.956689
7.160000 -16.956713
7.170000 -16.956709
7.180000 -16.956707
7.190000 -16.956692
7.200000 -16.956699
7.210000 -16.956749
7.220000 -16.956813
7.230000 -16.956901
7.240000 -16.956981
7.250000 -16.957061
7.260000 -16.957074
7.270000 -16.957073
7.280000 -16.957041
7.290000 -16.957013
7.300000 -16.956982
7.310000 -16.956972
7.320000 -16.957001
7.330000 -16.957029
7.340000 -16.957092
7.350000 -16.957153
7.360000 -16.957190
7.370000 -16.957220
7.380000 -16.957192
7.390000 -16.957189
7.400000 -16.957197
7.410000 -16.957237
7.420000 -16.957270
7.430000 -16.957348
7.440000 -16.957414
7.450000 -16.957466
7.460000 -16.957498
7.470000 -16.957482
7.480000 -16.957453
7.490000 -16.957432
7.500000 -16.957425
7.510000 -16.957456
7.520000 -16.957514
7.530000 -16.957578
7.540000 -16.957661
7.550000 -16.957722
7.560000 -16.957762
7.570000 -16.957760
7.580000 -16.957753
7.590000 -16.957720
7.600000 -16.957699
7.610000 -16.957707
7.620000 -16.957736
7.630000 -16.957767
7.640000 -16.957822
7.650000 -16.957882
7.660000 -16.957892
7.670000 -16.957911
7.680000 -16.957899
7.690000 -16.957910
7.700000 -16.957919
7.710000 -16.957950
7.720000 -16.958033
7.730000 -16.958112
7.740000 -16.958196
7.750000 -16.958246
7.760000 -16.958273
7.770000 -16.958269
7.780000 -16.958245
7.790000 -16.958210
7.800000 -16.958190
7.810000 -16.958196
7.820000 -16.958232
7.830000 -16.958282
7.840000 -16.958372
7.850000 -16.958398
7.860000 -16.958439
7.870000 -16.958459
7.880000 -16.958460
7.890000 -16.958457
7.900000 -16.958448
7.910000 -16.958465
7.920000 -16.958497
7.930000 -16.958564
7.940000 -16.958621
7.950000 -16.958671
7.960000 -16.958689
7.970000 -16.958685
7.980000 -16.958672
7.990000 -16.958671
8.000000 -16.958688
8.010000 -16.958715
8.020000 -16.958772
8.030000 -16.958859
8.040000 -16.958913
8.050000 -16.958994
8.060000 -16.959020
8.070000 -16.959033
8.080000 -16.959007
8.090000 -16.958987
8.100000 -16.958962
8.110000 -16.958965
8.120000 -16.958983
8.130000 -16.959029
8.140000 -16.959088
8.150000 -16.959125
8.160000 -16.959170
8.170000 -16.959174
8.180000 -16.959191
8.190000 -16.959200
8.200000 -16.959202
8.210000 -16.959243
8.220000 -16.959287
8.230000 -16.959352
8.240000 -16.959425
8.250000 -16.959467
8.260000 -16.959500
8.270000 -16.959510
8.280000 -16.959491
8.290000 -16.959467
8.300000 -16.959458
8.310000 -16.959479
8.320000 -16.959528
8.330000 -16.959592
8.340000 -16.959661
8.350000 -16.959729
8.360000 -16.959758
8.370000 -16.959768
8.380000 -16.959774
8.390000 -16.959755
8.400000 -16.959753
8.410000 -16.959750
8.420000 -16.959776
8.430000 -16.959820
8.440000 -16.959873
8.450000 -16.959918
8.460000 -16.959951
8.470000 -16.959954
8.480000 -16.959963
8.490000 -16.959959
8.500000 -16.959983
8.510000 -16.960015
8.520000 -16.960071
8.530000 -16.960165
8.540000 -16.960223
8.550000 -16.960279
8.560000 -16.960313
8.570000 -16.960312
8.580000 -16.960311
8.590000 -16.960283
8.600000 -16.960258
8.610000 -16.960270
8.620000 -16.960311
8.630000 -16.960360
8.640000 -16.960405
8.650000 -16.960463
8.660000 -16.960504
8.670000 -16.960541
8.680000 -16.960531
8.690000 -16.960530
8.700000 -16.960542
8.710000 -16.960561
8.720000 -16.960604
8.730000 -16.960642
8.740000 -16.960689
8.750000 -16.960728
8.760000 -16.960772
8.770000 -16.960777
8.780000 -16.960777
8.790000 -16.960771
8.800000 -16.960795
8.810000 -16.960817
8.820000 -16.960886
8.830000 -16.960949
8.840000 -16.961018
8.850000 -16.961075
8.860000 -16.961097
8.870000 -16.961132
8.880000 -16.961115
8.890000 -16.961103
8.900000 -16.961088
8.910000 -16.961096
8.920000 -16.961125
8.930000 -16.961173
8.940000 -16.961197
8.950000 -16.961244
8.960000 -16.961294
8.970000 -16.961315
8.980000 -16.961327
8.990000 -16.961345
9.000000 -16.961339
9.010000 -16.961373
9.020000 -16.961424
9.030000 -16.961472
9.040000 -16.961537
9.050000 -16.961589
9.060000 -16.961610
9.070000 -16.961625
9.080000 -16.961634
9.090000 -16.961608
9.100000 -16.961629
9.110000 -16.961645
9.120000 -16.961681
9.130000 -16.961744
9.140000 -16.961812
9.150000 -16.961879
9.160000 -16.961918
9.170000 -16.961936
9.180000 -16.961954
9.190000 -16.961933
9.200000 -16.961925
9.210000 -16.961921
9.220000 -16.961951
9.230000 -16.961975
9.240000 -16.962028
9.250000 -16.962062
9.260000 -16.962131
9.270000 -16.962132
9.280000 -16.962150
9.290000 -16.962156
9.300000 -16.962184
9.310000 -16.962212
9.320000 -16.962250
9.330000 -16.962322
9.340000 -16.962396
9.350000 -16.962435
9.360000 -16.962473
9.370000 -16.962484
9.380000 -16.962471
9.390000 -16.962463
9.400000 -16.962473
9.410000 -16.962495
9.420000 -16.962519
9.430000 -16.962600
9.440000 -16.962631
9.450000 -16.962687
9.460000 -16.962732
9.470000 -16.962771
9.480000 -16.962773
9.490000 -16.962771
9.500000 -16.962767
9.510000 -16.962775
9.520000 -16.962807
9.530000 -16.962823
9.540000 -16.962893
9.550000 -16.962921
9.560000 -16.962952
9.570000 -16.962978
9.580000 -16.963008
9.590000 -16.963004
9.600000 -16.963029
9.610000 -16.963066
9.620000 -16.963096
9.630000 -16.963172
9.640000 -16.963222
9.650000 -16.963282
9.660000 -16.963322
9.670000 -16.963331
9.680000 -16.963355
9.690000 -16.963349
9.700000 -16.963357
9.710000 -16.963333
9.720000 -16.963371
9.730000 -16.963409
9.740000 -16.963464
9.750000 -16.963522
9.760000 -16.963556
9.770000 -16.963601
9.780000 -16.963610
9.790000 -16.963614
9.800000 -16.963635
9.810000 -16.963621
9.820000 -16.963660
9.830000 -16.963709
9.840000 -16.963751
9.850000 -16.963793
9.860000 -16.963816
9.870000 -16.963853
9.880000 -16.963858
9.890000 -16.963860
9.900000 -16.963886
9.910000 -16.963927
9.920000 -16.963954
9.930000 -16.964007
9.940000 -16.964069
9.950000 -16.964146
9.960000 -16.964177
9.970000 -16.964214
9.980000 -16.964220
9.990000 -16.964210
10.000000 -16.964205
