0.010000 -11.160431
0.020000 -11.188539
0.030000 -11.235681
0.040000 -11.301426
0.050000 -11.385187
0.060000 -11.486708
0.070000 -11.605452
0.080000 -11.740499
0.090000 -11.891191
0.100000 -12.056246
0.110000 -12.235426
0.120000 -12.426371
0.130000 -12.628810
0.140000 -12.840749
0.150000 -13.061559
0.160000 -13.289173
0.170000 -13.522855
0.180000 -13.760667
0.190000 -14.001460
0.200000 -14.243748
0.210000 -14.486209
0.220000 -14.727308
0.230000 -14.965814
0.240000 -15.200362
0.250000 -15.429846
0.260000 -15.653024
0.270000 -15.868706
0.280000 -16.075985
0.290000 -16.273903
0.300000 -16.461652
0.310000 -16.638486
0.320000 -16.803727
0.330000 -16.956915
0.340000 -17.097376
0.350000 -17.225108
0.360000 -17.339921
0.370000 -17.441603
0.380000 -17.530221
0.390000 -17.606066
0.400000 -17.669217
0.410000 -17.720046
0.420000 -17.759147
0.430000 -17.786845
0.440000 -17.803651
0.450000 -17.810335
0.460000 -17.807545
0.470000 -17.795959
0.480000 -17.776419
0.490000 -17.749656
0.500000 -17.716512
0.510000 -17.677865
0.520000 -17.634505
0.530000 -17.587170
0.540000 -17.536901
0.550000 -17.484284
0.560000 -17.430110
0.570000 -17.375178
0.580000 -17.320125
0.590000 -17.265644
0.600000 -17.212270
0.610000 -17.160514
0.620000 -17.110862
0.630000 -17.063745
0.640000 -17.019664
0.650000 -16.978598
0.660000 -16.940965
0.670000 -16.906968
0.680000 -16.876661
0.690000 -16.850206
0.700000 -16.827510
0.710000 -16.808537
0.720000 -16.793199
0.730000 -16.781482
0.740000 -16.773153
0.750000 -16.768006
0.760000 -16.765952
0.770000 -16.766571
0.780000 -16.769619
0.790000 -16.774980
0.800000 -16.782169
0.810000 -16.790988
0.820000 -16.801102
0.830000 -16.812307
0.840000 -16.824202
0.850000 -16.836537
0.860000 -16.849100
0.870000 -16.861617
0.880000 -16.873770
0.890000 -16.885538
0.900000 -16.896591
0.910000 -16.906768
0.920000 -16.916002
0.930000 -16.924123
0.940000 -16.931055
0.950000 -16.936743
0.960000 -16.941158
0.970000 -16.944340
0.980000 -16.946169
0.990000 -16.946845
1.000000 -16.946329
1.010000 -16.944653
1.020000 -16.942046
1.030000 -16.938437
1.040000 -16.934091
1.050000 -16.929093
1.060000 -16.923605
1.070000 -16.917777
1.080000 -16.911683
1.090000 -16.905598
1.100000 -16.899627
1.110000 -16.893787
1.120000 -16.888336
1.130000 -16.883353
1.140000 -16.879122
1.150000 -16.875585
1.160000 -16.872781
1.170000 -16.870908
1.180000 -16.869951
1.190000 -16.870037
1.200000 -16.871092
1.210000 -16.873056
1.220000 -16.876155
1.230000 -16.880238
1.240000 -16.885175
1.250000 -16.890990
1.260000 -16.897677
1.270000 -16.905030
1.280000 -16.913011
1.290000 -16.921482
1.300000 -16.930439
1.310000 -16.939562
1.320000 -16.948860
1.330000 -16.958237
1.340000 -16.967496
1.350000 -16.976562
1.360000 -16.985213
1.370000 -16.993399
1.380000 -17.001132
1.390000 -17.008205
1.400000 -17.014517
1.410000 -17.020119
1.420000 -17.024883
1.430000 -17.028766
1.440000 -17.031681
1.450000 -17.033685
1.460000 -17.034734
1.470000 -17.034902
1.480000 -17.034145
1.490000 -17.032516
1.500000 -17.030057
1.510000 -17.026816
1.520000 -17.022898
1.530000 -17.018306
1.540000 -17.013167
1.550000 -17.007521
1.560000 -17.001631
1.570000 -16.995165
1.580000 -16.988635
1.590000 -16.982031
1.600000 -16.975323
1.610000 -16.968637
1.620000 -16.962085
1.630000 -16.955738
1.640000 -16.949711
1.650000 -16.943998
1.660000 -16.938696
1.670000 -16.933761
1.680000 -16.929309
1.690000 -16.925359
1.700000 -16.921942
1.710000 -16.919070
1.720000 -16.916703
1.730000 -16.914954
1.740000 -16.913718
1.750000 -16.913010
1.760000 -16.912775
1.770000 -16.912956
1.780000 -16.913700
1.790000 -16.914736
1.800000 -16.916224
1.810000 -16.917968
1.820000 -16.919921
1.830000 -16.922193
1.840000 -16.924530
1.850000 -16.927013
1.860000 -16.929526
1.870000 -16.932034
1.880000 -16.934484
1.890000 -16.936868
1.900000 -16.939123
1.910000 -16.941190
1.920000 -16.943106
1.930000 -16.944681
1.940000 -16.946079
1.950000 -16.947198
1.960000 -16.947985
1.970000 -16.948471
1.980000 -16.948725
1.990000 -16.948603
2.000000 -16.948153
2.010000 -16.947497
2.020000 -16.946622
2.030000 -16.945436
2.040000 -16.944073
2.050000 -16.942597
2.060000 -16.940946
2.070000 -16.939189
2.080000 -16.937368
2.090000 -16.935567
2.100000 -16.933769
2.110000 -16.932008
2.120000 -16.930414
2.130000 -16.928972
2.140000 -16.927710
2.150000 -16.926629
2.160000 -16.925824
2.170000 -16.925274
2.180000 -16.925017
2.190000 -16.925072
2.200000 -16.925386
2.210000 -16.926088
2.220000 -16.927125
2.230000 -16.928397
2.240000 -16.930086
2.250000 -16.931936
2.260000 -16.934080
2.270000 -16.936426
2.280000 -16.939060
2.290000 -16.941732
2.300000 -16.944700
2.310000 -16.947595
2.320000 -16.950609
2.330000 -16.953528
2.340000 -16.956571
2.350000 -16.959539
2.360000 -16.962257
2.370000 -16.964909
2.380000 -16.967348
2.390000 -16.969531
2.400000 -16.971464
2.410000 -16.973167
2.420000 -16.974498
2.430000 -16.975620
2.440000 -16.976356
2.450000 -16.976794
2.460000 -16.976894
2.470000 -16.976686
2.480000 -16.976148
2.490000 -16.975361
2.500000 -16.974207
2.510000 -16.972704
2.520000 -16.971282
2.530000 -16.969528
2.540000 -16.967485
2.550000 -16.965322
2.560000 -16.963105
2.570000 -16.960709
2.580000 -16.958364
2.590000 -16.955952
2.600000 -16.953533
2.610000 -16.951237
2.620000 -16.948918
2.630000 -16.946747
2.640000 -16.944727
2.650000 -16.942770
2.660000 -16.941015
2.670000 -16.939462
2.680000 -16.938015
2.690000 -16.936846
2.700000 -16.935827
2.710000 -16.935121
2.720000 -16.934579
2.730000 -16.934168
2.740000 -16.934003
2.750000 -16.934121
2.760000 -16.934329
2.770000 -16.934760
2.780000 -16.935362
2.790000 -16.936101
2.800000 -16.936954
2.810000 -16.937862
2.820000 -16.938942
2.830000 -16.940017
2.840000 -16.941184
2.850000 -16.942312
2.860000 -16.943498
2.870000 -16.944666
2.880000 -16.945811
2.890000 -16.946861
2.900000 -16.947838
2.910000 -16.948786
2.920000 -16.949553
2.930000 -16.950171
2.940000 -16.950709
2.950000 -16.951168
2.960000 -16.951399
2.970000 -16.951566
2.980000 -16.951564
2.990000 -16.951424
3.000000 -16.951093
3.010000 -16.950765
3.020000 -16.950106
3.030000 -16.949500
3.040000 -16.948729
3.050000 -16.947960
3.060000 -16.946975
3.070000 -16.946123
3.080000 -16.945201
3.090000 -16.944201
3.100000 -16.943249
3.110000 -16.942398
3.120000 -16.941591
3.130000 -16.940754
3.140000 -16.940134
3.150000 -16.939439
3.160000 -16.939111
3.170000 -16.938730
3.180000 -16.938535
3.190000 -16.938512
3.200000 -16.938602
3.210000 -16.938859
3.220000 -16.939261
3.230000 -16.939840
3.240000 -16.940547
3.250000 -16.941375
3.260000 -16.942334
3.270000 -16.943376
3.280000 -16.944537
3.290000 -16.945776
3.300000 -16.947057
3.310000 -16.948339
3.320000 -16.949709
3.330000 -16.950995
3.340000 -16.952307
3.350000 -16.953549
3.360000 -16.954717
3.370000 -16.955831
3.380000 -16.956827
3.390000 -16.957727
3.400000 -16.958405
3.410000 -16.959128
3.420000 -16.959604
3.430000 -16.959903
3.440000 -16.960151
3.450000 -16.960131
3.460000 -16.960007
3.470000 -16.959766
3.480000 -16.959346
3.490000 -16.958872
3.500000 -16.958180
3.510000 -16.957411
3.520000 -16.956546
3.530000 -16.955620
3.540000 -16.954635
3.550000 -16.953514
3.560000 -16.952460
3.570000 -16.951361
3.580000 -16.950216
3.590000 -16.949119
3.600000 -16.948064
3.610000 -16.947028
3.620000 -16.946022
3.630000 -16.945211
3.640000 -16.944392
3.650000 -16.943692
3.660000 -16.942984
3.670000 -16.942534
3.680000 -16.942108
3.690000 -16.941827
3.700000 -16.941654
3.710000 -16.941609
3.720000 -16.941638
3.730000 -16.941789
3.740000 -16.942040
3.750000 -16.942413
3.760000 -16.942855
3.770000 -16.943407
3.780000 -16.944042
3.790000 -16.944702
3.800000 -16.945467
3.810000 -16.946225
3.820000 -16.947065
3.830000 -16.947798
3.840000 -16.948688
3.850000 -16.949491
3.860000 -16.950281
3.870000 -16.951058
3.880000 -16.951646
3.890000 -16.952362
3.900000 -16.952968
3.910000 -16.953547
3.920000 -16.953935
3.930000 -16.954398
3.940000 -16.954604
3.950000 -16.954790
3.960000 -16.954920
3.970000 -16.954937
3.980000 -16.954768
3.990000 -16.954619
4.000000 -16.954317
4.010000 -16.953994
4.020000 -16.953499
4.030000 -16.953044
4.040000 -16.952475
4.050000 -16.951827
4.060000 -16.951174
4.070000 -16.950473
4.080000 -16.949798
4.090000 -16.949132
4.100000 -16.948433
4.110000 -16.947776
4.120000 -16.947106
4.130000 -16.946538
4.140000 -16.946016
4.150000 -16.945525
4.160000 -16.945144
4.170000 -16.944808
4.180000 -16.944436
4.190000 -16.944370
4.200000 -16.944310
4.210000 -16.944272
4.220000 -16.944369
4.230000 -16.944585
4.240000 -16.944859
4.250000 -16.945096
4.260000 -16.945488
4.270000 -16.945960
4.280000 -16.946497
4.290000 -16.947044
4.300000 -16.947627
4.310000 -16.948201
4.320000 -16.948789
4.330000 -16.949422
4.340000 -16.950051
4.350000 -16.950557
4.360000 -16.951093
4.370000 -16.951688
4.380000 -16.952068
4.390000 -16.952444
4.400000 -16.952725
4.410000 -16.953025
4.420000 -16.953189
4.430000 -16.953278
4.440000 -16.953328
4.450000 -16.953268
4.460000 -16.953172
4.470000 -16.952975
4.480000 -16.952679
4.490000 -16.952339
4.500000 -16.951962
4.510000 -16.951543
4.520000 -16.951105
4.530000 -16.950624
4.540000 -16.950137
4.550000 -16.949561
4.560000 -16.949065
4.570000 -16.948499
4.580000 -16.948005
4.590000 -16.947547
4.600000 -16.947082
4.610000 -16.946652
4.620000 -16.946315
4.630000 -16.945995
4.640000 -16.945773
4.650000 -16.945561
4.660000 -16.945512
4.670000 -16.945422
4.680000 -16.945492
4.690000 -16.945522
4.700000 -16.945729
4.710000 -16.945985
4.720000 -16.946303
4.730000 -16.946684
4.740000 -16.947170
4.750000 -16.947656
4.760000 -16.948100
4.770000 -16.948727
4.780000 -16.949352
4.790000 -16.949995
4.800000 -16.950686
4.810000 -16.951374
4.820000 -16.951988
4.830000 -16.952709
4.840000 -16.953383
4.850000 -16.953965
4.860000 -16.954595
4.870000 -16.955204
4.880000 -16.955671
4.890000 -16.956158
4.900000 -16.956490
4.910000 -16.956866
4.920000 -16.957109
4.930000 -16.957272
4.940000 -16.957474
4.950000 -16.957498
4.960000 -16.957438
4.970000 -16.957367
4.980000 -16.957148
4.990000 -16.956955
5.000000 -16.956643
5.010000 -16.956288
5.020000 -16.955846
5.030000 -16.955457
5.040000 -16.954870
5.050000 -16.954299
5.060000 -16.953774
5.070000 -16.953179
5.080000 -16.952582
5.090000 -16.952064
5.100000 -16.951457
5.110000 -16.950884
5.120000 -16.950324
5.130000 -16.949789
5.140000 -16.949310
5.150000 -16.948925
5.160000 -16.948593
5.170000 -16.948244
5.180000 -16.947907
5.190000 -16.947725
5.200000 -16.947538
5.210000 -16.947495
5.220000 -16.947481
5.230000 -16.947396
5.240000 -16.947395
5.250000 -16.947583
5.260000 -16.947729
5.270000 -16.947922
5.280000 -16.948173
5.290000 -16.948422
5.300000 -16.948685
5.310000 -16.949071
5.320000 -16.949290
5.330000 -16.949603
5.340000 -16.949923
5.350000 -16.950198
5.360000 -16.950546
5.370000 -16.950792
5.380000 -16.951077
5.390000 -16.951257
5.400000 -16.951413
5.410000 -16.951524
5.420000 -16.951669
5.430000 -16.951688
5.440000 -16.951694
5.450000 -16.951745
5.460000 -16.951677
5.470000 -16.951571
5.480000 -16.951415
5.490000 -16.951304
5.500000 -16.951108
5.510000 -16.950986
5.520000 -16.950595
5.530000 -16.950396
5.540000 -16.950199
5.550000 -16.949981
5.560000 -16.949708
5.570000 -16.949441
5.580000 -16.949318
5.590000 -16.949060
5.600000 -16.948877
5.610000 -16.948760
5.620000 -16.948637
5.630000 -16.948566
5.640000 -16.948535
5.650000 -16.948506
5.660000 -16.948557
5.670000 -16.948679
5.680000 -16.948891
5.690000 -16.949060
5.700000 -16.949298
5.710000 -16.949574
5.720000 -16.949896
5.730000 -16.950372
5.740000 -16.950720
5.750000 -16.951179
5.760000 -16.951617
5.770000 -16.952085
5.780000 -16.952690
5.790000 -16.953173
5.800000 -16.953676
5.810000 -16.954197
5.820000 -16.954724
5.830000 -16.955256
5.840000 -16.955653
5.850000 -16.956103
5.860000 -16.956666
5.870000 -16.956842
5.880000 -16.957175
5.890000 -16.957535
5.900000 -16.957731
5.910000 -16.957844
5.920000 -16.957967
5.930000 -16.958030
5.940000 -16.958080
5.950000 -16.957956
5.960000 -16.957833
5.970000 -16.957704
5.980000 -16.957479
5.990000 -16.957303
6.000000 -16.956967
6.010000 -16.956577
6.020000 -16.956238
6.030000 -16.955790
6.040000 -16.955455
6.050000 -16.954966
6.060000 -16.954531
6.070000 -16.954080
6.080000 -16.953626
6.090000 -16.953147
6.100000 -16.952688
6.110000 -16.952401
6.120000 -16.952048
6.130000 -16.951663
6.140000 -16.951330
6.150000 -16.951037
6.160000 -16.950809
6.170000 -16.950592
6.180000 -16.950386
6.190000 -16.950316
6.200000 -16.950298
6.210000 -16.950171
6.220000 -16.950277
6.230000 -16.950318
6.240000 -16.950374
6.250000 -16.950546
6.260000 -16.950679
6.270000 -16.950841
6.280000 -16.951061
6.290000 -16.951312
6.300000 -16.951579
6.310000 -16.951845
6.320000 -16.952078
6.330000 -16.952355
6.340000 -16.952648
6.350000 -16.952927
6.360000 -16.953079
6.370000 -16.953365
6.380000 -16.953549
6.390000 -16.953803
6.400000 -16.954009
6.410000 -16.954088
6.420000 -16.954234
6.430000 -16.954243
6.440000 -16.954345
6.450000 -16.954390
6.460000 -16.954323
6.470000 -16.954365
6.480000 -16.954294
6.490000 -16.954220
6.500000 -16.954074
6.510000 -16.953950
6.520000 -16.953801
6.530000 -16.953631
6.540000 -16.953481
6.550000 -16.953331
6.560000 -16.953022
6.570000 -16.952922
6.580000 -16.952820
6.590000 -16.952670
6.600000 -16.952480
6.610000 -16.952346
6.620000 -16.952241
6.630000 -16.952013
6.640000 -16.952070
6.650000 -16.952004
6.660000 -16.952020
6.670000 -16.952077
6.680000 -16.952188
6.690000 -16.952277
6.700000 -16.952216
6.710000 -16.952361
6.720000 -16.952590
6.730000 -16.952814
6.740000 -16.953058
6.750000 -16.953253
6.760000 -16.953630
6.770000 -16.953866
6.780000 -16.954169
6.790000 -16.954369
6.800000 -16.954697
6.810000 -16.955041
6.820000 -16.955254
6.830000 -16.955625
6.840000 -16.955822
6.850000 -16.955993
6.860000 -16.956356
6.870000 -16.956442
6.880000 -16.956630
6.890000 -16.956747
6.900000 -16.956886
6.910000 -16.956940
6.920000 -16.956945
6.930000 -16.956977
6.940000 -16.956929
6.950000 -16.956833
6.960000 -16.956691
6.970000 -16.956467
6.980000 -16.956337
6.990000 -16.956161
7.000000 -16.956009
7.010000 -16.955747
7.020000 -16.955609
7.030000 -16.955297
7.040000 -16.954990
7.050000 -16.954799
7.060000 -16.954579
7.070000 -16.954306
7.080000 -16.954039
7.090000 -16.953868
7.100000 -16.953695
7.110000 -16.953501
7.120000 -16.953341
7.130000 -16.953299
7.140000 -16.953180
7.150000 -16.953117
7.160000 -16.952996
7.170000 -16.953101
7.180000 -16.953146
7.190000 -16.953192
7.200000 -16.953215
7.210000 -16.953482
7.220000 -16.953642
7.230000 -16.953822
7.240000 -16.954051
7.250000 -16.954314
7.260000 -16.954536
7.270000 -16.954846
7.280000 -16.955163
7.290000 -16.955516
7.300000 -16.955770
7.310000 -16.956049
7.320000 -16.956422
7.330000 -16.956671
7.340000 -16.956921
7.350000 -16.957260
7.360000 -16.957445
7.370000 -16.957792
7.380000 -16.957868
7.390000 -16.958124
7.400000 -16.958351
7.410000 -16.958520
7.420000 -16.958499
7.430000 -16.958577
7.440000 -16.958625
7.450000 -16.958556
7.460000 -16.958698
7.470000 -16.958561
7.480000 -16.958434
7.490000 -16.958338
7.500000 -16.958139
7.510000 -16.957975
7.520000 -16.957855
7.530000 -16.957612
7.540000 -16.957397
7.550000 -16.957170
7.560000 -16.956948
7.570000 -16.956696
7.580000 -16.956448
7.590000 -16.956222
7.600000 -16.956039
7.610000 -16.955849
7.620000 -16.955635
7.630000 -16.955443
7.640000 -16.955286
7.650000 -16.955188
7.660000 -16.955057
7.670000 -16.954918
7.680000 -16.954858
7.690000 -16.954853
7.700000 -16.954804
7.710000 -16.954780
7.720000 -16.954847
7.730000 -16.954888
7.740000 -16.954964
7.750000 -16.955047
7.760000 -16.955168
7.770000 -16.955251
7.780000 -16.955436
7.790000 -16.955570
7.800000 -16.955612
7.810000 -16.955723
7.820000 -16.956017
7.830000 -16.956094
7.840000 -16.956485
7.850000 -16.956388
7.860000 -16.956574
7.870000 -16.956729
7.880000 -16.956801
7.890000 -16.957000
7.900000 -16.956929
7.910000 -16.956958
7.920000 -16.956982
7.930000 -16.957095
7.940000 -16.957071
7.950000 -16.957127
7.960000 -16.956991
7.970000 -16.957045
7.980000 -16.956862
7.990000 -16.956883
8.000000 -16.956836
8.010000 -16.956702
8.020000 -16.956554
8.030000 -16.956495
8.040000 -16.956311
8.050000 -16.956322
8.060000 -16.956144
8.070000 -16.956098
8.080000 -16.956036
8.090000 -16.955998
8.100000 -16.955921
8.110000 -16.955854
8.120000 -16.955892
8.130000 -16.955786
8.140000 -16.955946
8.150000 -16.955979
8.160000 -16.956070
8.170000 -16.956077
8.180000 -16.956274
8.190000 -16.956523
8.200000 -16.956583
8.210000 -16.956683
8.220000 -16.956888
8.230000 -16.957144
8.240000 -16.957455
8.250000 -16.957641
8.260000 -16.957936
8.270000 -16.958210
8.280000 -16.958553
8.290000 -16.958722
8.300000 -16.958950
8.310000 -16.959198
8.320000 -16.959473
8.330000 -16.959733
8.340000 -16.959931
8.350000 -16.960182
8.360000 -16.960266
8.370000 -16.960467
8.380000 -16.960677
8.390000 -16.960731
8.400000 -16.960879
8.410000 -16.960881
8.420000 -16.960901
8.430000 -16.960964
8.440000 -16.960934
8.450000 -16.960833
8.460000 -16.960817
8.470000 -16.960722
8.480000 -16.960555
8.490000 -16.960359
8.500000 -16.960179
8.510000 -16.960060
8.520000 -16.959864
8.530000 -16.959784
8.540000 -16.959576
8.550000 -16.959263
8.560000 -16.959055
8.570000 -16.958900
8.580000 -16.958650
8.590000 -16.958427
8.600000 -16.958244
8.610000 -16.958049
8.620000 -16.957940
8.630000 -16.957828
8.640000 -16.957675
8.650000 -16.957590
8.660000 -16.957528
8.670000 -16.957545
8.680000 -16.957482
8.690000 -16.957425
8.700000 -16.957515
8.710000 -16.957585
8.720000 -16.957689
8.730000 -16.957714
8.740000 -16.957813
8.750000 -16.957893
8.760000 -16.958143
8.770000 -16.958315
8.780000 -16.958472
8.790000 -16.958541
8.800000 -16.958850
8.810000 -16.958893
8.820000 -16.959152
8.830000 -16.959383
8.840000 -16.959569
8.850000 -16.959693
8.860000 -16.959865
8.870000 -16.959980
8.880000 -16.960112
8.890000 -16.960279
8.900000 -16.960371
8.910000 -16.960520
8.920000 -16.960607
8.930000 -16.960707
8.940000 -16.960618
8.950000 -16.960634
8.960000 -16.960677
8.970000 -16.960675
8.980000 -16.960672
8.990000 -16.960649
9.000000 -16.960575
9.010000 -16.960466
9.020000 -16.960423
9.030000 -16.960345
9.040000 -16.960267
9.050000 -16.960164
9.060000 -16.960093
9.070000 -16.959987
9.080000 -16.959896
9.090000 -16.959739
9.100000 -16.959677
9.110000 -16.959567
9.120000 -16.959454
9.130000 -16.959407
9.140000 -16.959338
9.150000 -16.959358
9.160000 -16.959295
9.170000 -16.959240
9.180000 -16.959329
9.190000 -16.959301
9.200000 -16.959373
9.210000 -16.959323
9.220000 -16.959496
9.230000 -16.959457
9.240000 -16.959667
9.250000 -16.959613
9.260000 -16.959895
9.270000 -16.959938
9.280000 -16.960072
9.290000 -16.960222
9.300000 -16.960410
9.310000 -16.960619
9.320000 -16.960560
9.330000 -16.960841
9.340000 -16.960950
9.350000 -16.961092
9.360000 -16.961158
9.370000 -16.961242
9.380000 -16.961263
9.390000 -16.961213
9.400000 -16.961439
9.410000 -16.961524
9.420000 -16.961449
9.430000 -16.961426
9.440000 -16.961401
9.450000 -16.961354
9.460000 -16.961386
9.470000 -16.961361
9.480000 -16.961233
9.490000 -16.961248
9.500000 -16.961068
9.510000 -16.960972
9.520000 -16.960985
9.530000 -16.960740
9.540000 -16.960836
9.550000 -16.960612
9.560000 -16.960568
9.570000 -16.960450
9.580000 -16.960494
9.590000 -16.960366
9.600000 -16.960348
9.610000 -16.960307
9.620000 -16.960262
9.630000 -16.960341
9.640000 -16.960329
9.650000 -16.960480
9.660000 -16.960411
9.670000 -16.960434
9.680000 -16.960645
9.690000 -16.960743
9.700000 -16.960843
9.710000 -16.960975
9.720000 -16.961176
9.730000 -16.961267
9.740000 -16.961501
9.750000 -16.961701
9.760000 -16.961913
9.770000 -16.962142
9.780000 -16.962282
9.790000 -16.962557
9.800000 -16.962794
9.810000 -16.962816
9.820000 -16.963162
9.830000 -16.963456
9.840000 -16.963676
9.850000 -16.963742
9.860000 -16.963791
9.870000 -16.964083
9.880000 -16.964142
9.890000 -16.964158
9.900000 -16.964400
9.910000 -16.964468
9.920000 -16.964462
9.930000 -16.964484
9.940000 -16.964431
9.950000 -16.964610
9.960000 -16.964444
9.970000 -16.964425
9.980000 -16.964335
9.990000 -16.964148
10.000000 -16.964110
