0.01 -12194470.2117797 
0.02 -12194740.4248238 
0.03 -12195176.1089852 
0.04 -12195753.1130264 
0.05 -12196438.2704413 
0.06 -12197193.2569006 
0.07 -12197977.3211953 
0.08 -12198750.1153412 
0.09 -12199474.268301 
0.10 -12200117.9970262 
0.11 -12200656.7615223 
0.12 -12201075.253498 
0.13 -12201367.661573 
0.14 -12201537.9729435 
0.15 -12201597.7534825 
0.16 -12201564.9122661 
0.17 -12201461.2962817 
0.18 -12201310.7514108 
0.19 -12201136.7160416 
0.20 -12200960.2728184 
0.21 -12200798.5335999 
0.22 -12200663.7610273 
0.23 -12200563.1036791 
0.24 -12200498.9144399 
0.25 -12200469.2071691 
0.26 -12200468.8336462 
0.27 -12200490.4061975 
0.28 -12200525.4809557 
0.29 -12200565.7843773 
0.30 -12200604.0286866 
0.31 -12200634.6644612 
0.32 -12200654.2267515 
0.33 -12200661.5316465 
0.34 -12200657.2636079 
0.35 -12200643.9956448 
0.36 -12200625.4025687 
0.37 -12200605.7953059 
0.38 -12200589.3758847 
0.39 -12200579.5622753 
0.40 -12200578.6803533 
0.41 -12200587.5753701 
0.42 -12200605.6015811 
0.43 -12200630.8278149 
0.44 -12200660.2886417 
0.45 -12200690.4439457 
0.46 -12200717.7803974 
0.47 -12200739.362156 
0.48 -12200753.0842935 
0.49 -12200757.9140873 
0.50 -12200753.9304367 
0.51 -12200742.2735179 
0.52 -12200724.8439568 
0.53 -12200704.0502502 
0.54 -12200682.4486775 
0.55 -12200662.3601596 
0.56 -12200645.6113411 
0.57 -12200633.4563856 
0.58 -12200626.4658953 
0.59 -12200624.5824826 
0.60 -12200627.0556027 
0.61 -12200632.7551546 
0.62 -12200640.2557445 
0.63 -12200648.0889395 
0.64 -12200654.9128561 
0.65 -12200659.6643451 
0.66 -12200661.727455 
0.67 -12200660.9440072 
0.68 -12200657.6016149 
0.69 -12200652.4949391 
0.70 -12200646.6906041 
0.71 -12200641.4020326 
0.72 -12200637.7571304 
0.73 -12200636.6568929 
0.74 -12200638.5977601 
0.75 -12200643.6254106 
0.76 -12200651.2998223 
0.77 -12200660.7789827 
0.78 -12200670.9077259 
0.79 -12200680.4534311 
0.80 -12200688.3008522 
0.81 -12200693.6057542 
0.82 -12200695.8490631 
0.83 -12200694.9256223 
0.84 -12200691.124687 
0.85 -12200685.0656324 
0.86 -12200677.5673014 
0.87 -12200669.5775476 
0.88 -12200661.9792316 
0.89 -12200655.4804294 
0.90 -12200650.6149707 
0.91 -12200647.6553314 
0.92 -12200646.6688849 
0.93 -12200647.4681532 
0.94 -12200649.6300416 
0.95 -12200652.644146 
0.96 -12200655.8954235 
0.97 -12200658.8669945 
0.98 -12200661.0444921 
0.99 -12200662.1033852 
1.00 -12200661.8916301 
1.01 -12200660.4827197 
1.02 -12200658.1399747 
1.03 -12200655.3808251 
1.04 -12200652.7386818 
1.05 -12200650.7832085 
1.06 -12200649.975859 
1.07 -12200650.6205307 
1.08 -12200652.8243048 
1.09 -12200656.3916336 
1.10 -12200660.9913317 
1.11 -12200665.9581051 
1.12 -12200670.7436918 
1.13 -12200674.7428007 
1.14 -12200677.5062018 
1.15 -12200678.7506823 
1.16 -12200678.38289 
1.17 -12200676.5345927 
1.18 -12200673.5170881 
1.19 -12200669.7325951 
1.20 -12200665.6692706 
1.21 -12200661.7756767 
1.22 -12200658.445113 
1.23 -12200655.9168753 
1.24 -12200654.3767976 
1.25 -12200653.8696126 
1.26 -12200654.2860555 
1.27 -12200655.4540227 
1.28 -12200657.1047597 
1.29 -12200658.9356391 
1.30 -12200660.6331103 
1.31 -12200661.917349 
1.32 -12200662.6043135 
1.33 -12200662.5690071 
1.34 -12200661.8114923 
1.35 -12200660.4843441 
1.36 -12200658.839403 
1.37 -12200657.1966927 
1.38 -12200655.9039596 
1.39 -12200655.2373371 
1.40 -12200655.4161848 
1.41 -12200656.5259411 
1.42 -12200658.4830723 
1.43 -12200661.0770301 
1.44 -12200663.9612012 
1.45 -12200666.7819815 
1.46 -12200669.158769 
1.47 -12200670.8308742 
1.48 -12200671.5954523 
1.49 -12200671.4035382 
1.50 -12200670.3265896 
1.51 -12200668.5492644 
1.52 -12200666.3333159 
1.53 -12200663.9225795 
1.54 -12200661.6417245 
1.55 -12200659.7042491 
1.56 -12200658.2066845 
1.57 -12200657.40858 
1.58 -12200657.1896895 
1.59 -12200657.5335231 
1.60 -12200658.335658 
1.61 -12200659.4478333 
1.62 -12200660.6727119 
1.63 -12200661.8292987 
1.64 -12200662.7203274 
1.65 -12200663.2201014 
1.66 -12200663.2538084 
1.67 -12200662.7837801 
1.68 -12200661.9043455 
1.69 -12200660.765547 
1.70 -12200659.5899593 
1.71 -12200658.5992807 
1.72 -12200657.9885721 
1.73 -12200657.9203086 
1.74 -12200658.4583475 
1.75 -12200659.5869201 
1.76 -12200661.1515367 
1.77 -12200662.9491293 
1.78 -12200664.7344877 
1.79 -12200666.281934 
1.80 -12200667.3424975 
1.81 -12200667.8512804 
1.82 -12200667.751404 
1.83 -12200667.0582959 
1.84 -12200665.9289696 
1.85 -12200664.5023186 
1.86 -12200662.9987999 
1.87 -12200661.5637957 
1.88 -12200660.3941871 
1.89 -12200659.5457236 
1.90 -12200659.1160322 
1.91 -12200659.0856778 
1.92 -12200659.4626742 
1.93 -12200660.12414 
1.94 -12200661.0026618 
1.95 -12200661.9429689 
1.96 -12200662.8253227 
1.97 -12200663.5203477 
1.98 -12200663.9253459 
1.99 -12200663.968499 
2.00 -12200663.6397634 
2.00 -12200663.6397645 
2.01 -12200662.9739585 
2.02 -12200662.1076219 
2.03 -12200661.1616995 
2.04 -12200660.3270417 
2.05 -12200659.7303201 
2.06 -12200659.5116416 
2.07 -12200659.6999282 
2.08 -12200660.3017197 
2.09 -12200661.251311 
2.10 -12200662.3863517 
2.11 -12200663.5544732 
2.12 -12200664.5522304 
2.13 -12200665.2915881 
2.14 -12200665.6434979 
2.15 -12200665.5900083 
2.16 -12200665.1425591 
2.17 -12200664.3918468 
2.18 -12200663.4589352 
2.19 -12200662.4847415 
2.20 -12200661.5654236 
2.21 -12200660.8473612 
2.22 -12200660.3882976 
2.23 -12200660.2150113 
2.24 -12200660.3394845 
2.25 -12200660.7748302 
2.26 -12200661.4034077 
2.27 -12200662.1682975 
2.28 -12200662.9691771 
2.29 -12200663.7064637 
2.30 -12200664.2939778 
2.31 -12200664.6258584 
2.32 -12200664.6582249 
2.33 -12200664.3736137 
2.34 -12200663.8677122 
2.35 -12200663.1596023 
2.36 -12200662.3545711 
2.37 -12200661.5737075 
2.38 -12200660.9838369 
2.39 -12200660.6344169 
2.40 -12200660.6114393 
2.41 -12200660.8795815 
2.42 -12200661.4134143 
2.43 -12200662.1328782 
2.44 -12200662.8653281 
2.45 -12200663.5525044 
2.46 -12200664.057623 
2.47 -12200664.3174853 
2.48 -12200664.2695787 
2.49 -12200664.0094468 
2.50 -12200663.5112497 
2.51 -12200662.9337045 
2.52 -12200662.2673159 
2.53 -12200661.6926294 
2.54 -12200661.267372 
2.55 -12200661.0268043 
2.56 -12200661.0476826 
2.57 -12200661.2928709 
2.58 -12200661.7523476 
2.59 -12200662.3703009 
2.60 -12200663.0908481 
2.61 -12200663.8121528 
2.62 -12200664.4579178 
2.63 -12200664.9525305 
2.64 -12200665.2372436 
2.65 -12200665.2661563 
2.66 -12200665.0340822 
2.67 -12200664.5717074 
2.68 -12200663.9386579 
2.69 -12200663.2242951 
2.70 -12200662.5351062 
2.71 -12200661.958366 
2.72 -12200661.551281 
2.73 -12200661.3796249 
2.74 -12200661.4300856 
2.75 -12200661.7066992 
2.76 -12200662.1115955 
2.77 -12200662.5997155 
2.78 -12200663.0725839 
2.79 -12200663.4166226 
2.80 -12200663.6163264 
2.81 -12200663.6284541 
2.82 -12200663.4626286 
2.83 -12200663.1434734 
2.84 -12200662.7503721 
2.85 -12200662.3362133 
2.86 -12200661.9683703 
2.87 -12200661.7244098 
2.88 -12200661.6479957 
2.89 -12200661.7388952 
2.90 -12200662.0369856 
2.91 -12200662.5245975 
2.92 -12200663.101516 
2.93 -12200663.7657774 
2.94 -12200664.4178528 
2.95 -12200664.9892811 
2.96 -12200665.4162366 
2.97 -12200665.6464878 
2.98 -12200665.6672806 
2.99 -12200665.4627111 
3.00 -12200665.0431767 
3.01 -12200664.4756202 
3.02 -12200663.8642747 
3.03 -12200663.2382246 
3.04 -12200662.6937966 
3.05 -12200662.3016236 
3.06 -12200662.0597797 
3.07 -12200662.0160864 
3.08 -12200662.1421405 
3.09 -12200662.3962334 
3.10 -12200662.6926943 
3.11 -12200663.0424539 
3.12 -12200663.325778 
3.13 -12200663.4744488 
3.14 -12200663.5263352 
3.15 -12200663.4567544 
3.16 -12200663.2645547 
3.17 -12200663.0025625 
3.18 -12200662.7308568 
3.19 -12200662.4629944 
3.20 -12200662.316311 
3.21 -12200662.2775143 
3.22 -12200662.3914214 
3.23 -12200662.6750971 
3.24 -12200663.1023863 
3.25 -12200663.6293321 
3.26 -12200664.197954 
3.27 -12200664.7655087 
3.28 -12200665.2598587 
3.29 -12200665.6261721 
3.30 -12200665.8132848 
3.31 -12200665.7987052 
3.32 -12200665.6132424 
3.33 -12200665.255122 
3.34 -12200664.8018297 
3.35 -12200664.2529806 
3.36 -12200663.7322358 
3.37 -12200663.2836118 
3.38 -12200662.9267825 
3.39 -12200662.7228752 
3.40 -12200662.663826 
3.41 -12200662.7506271 
3.42 -12200662.9252816 
3.43 -12200663.1674006 
3.44 -12200663.4493718 
3.45 -12200663.680574 
3.46 -12200663.8661537 
3.47 -12200663.9399106 
3.48 -12200663.9213967 
3.49 -12200663.8092322 
3.50 -12200663.6095232 
3.51 -12200663.3877196 
3.52 -12200663.2019687 
3.53 -12200663.0413929 
3.54 -12200662.976073 
3.55 -12200663.0417879 
3.56 -12200663.2525353 
3.57 -12200663.5663267 
3.58 -12200663.9840457 
3.59 -12200664.4311347 
3.60 -12200664.8985112 
3.61 -12200665.2801902 
3.62 -12200665.5616957 
3.63 -12200665.7118147 
3.64 -12200665.7009252 
3.65 -12200665.5260436 
3.66 -12200665.2633809 
3.67 -12200664.8738967 
3.68 -12200664.4622378 
3.69 -12200664.0701565 
3.70 -12200663.7297247 
3.71 -12200663.4924639 
3.72 -12200663.3544424 
3.73 -12200663.3596024 
3.74 -12200663.4589946 
3.75 -12200663.6601939 
3.76 -12200663.9223134 
3.77 -12200664.1872056 
3.78 -12200664.4441127 
3.79 -12200664.6273151 
3.80 -12200664.7310978 
3.81 -12200664.7321537 
3.82 -12200664.6568759 
3.83 -12200664.4898102 
3.84 -12200664.2893694 
3.85 -12200664.0664292 
3.86 -12200663.8673037 
3.87 -12200663.7584288 
3.88 -12200663.6980837 
3.89 -12200663.7763573 
3.90 -12200663.967802 
3.91 -12200664.2440634 
3.92 -12200664.5540832 
3.93 -12200664.8890084 
3.94 -12200665.174987 
3.95 -12200665.3828832 
3.96 -12200665.504001 
3.97 -12200665.4975822 
3.98 -12200665.3816255 
3.99 -12200665.1667874 
4.00 -12200664.8922742 
4.01 -12200664.6060317 
4.02 -12200664.3250645 
4.03 -12200664.1425071 
4.04 -12200664.0125875 
4.05 -12200664.0032365 
4.06 -12200664.0864327 
4.07 -12200664.2507284 
4.08 -12200664.4909053 
4.09 -12200664.7811398 
4.10 -12200665.0858848 
4.11 -12200665.3394817 
4.12 -12200665.5376227 
4.13 -12200665.6560251 
4.14 -12200665.6893469 
4.15 -12200665.6048233 
4.16 -12200665.4446233 
4.17 -12200665.2178694 
4.18 -12200664.9412101 
4.19 -12200664.730667 
4.20 -12200664.5265479 
4.21 -12200664.3873438 
4.22 -12200664.3604652 
4.23 -12200664.4241721 
4.24 -12200664.5554121 
4.25 -12200664.7412027 
4.26 -12200664.9577387 
4.27 -12200665.1647141 
4.28 -12200665.3162626 
4.29 -12200665.4196326 
4.30 -12200665.4322104 
4.31 -12200665.3513148 
4.32 -12200665.2007704 
4.33 -12200665.0318917 
4.34 -12200664.882194 
4.35 -12200664.6918647 
4.36 -12200664.6087589 
4.37 -12200664.604614 
4.38 -12200664.6384978 
4.39 -12200664.7654725 
4.40 -12200665.0060356 
4.41 -12200665.2855157 
4.42 -12200665.5942532 
4.43 -12200665.8849165 
4.44 -12200666.1709903 
4.45 -12200666.3756738 
4.46 -12200666.4939898 
4.47 -12200666.5073222 
4.48 -12200666.4147772 
4.49 -12200666.2257144 
4.50 -12200665.9934647 
4.51 -12200665.7322844 
4.52 -12200665.4732939 
4.53 -12200665.2410749 
4.54 -12200665.0639526 
4.55 -12200664.9599425 
4.56 -12200664.9470833 
4.57 -12200665.0075143 
4.58 -12200665.1314574 
4.59 -12200665.2716748 
4.60 -12200665.4291497 
4.61 -12200665.5757567 
4.62 -12200665.653663 
4.63 -12200665.6955918 
4.64 -12200665.6798529 
4.65 -12200665.6174496 
4.66 -12200665.5178455 
4.67 -12200665.3995713 
4.68 -12200665.3062028 
4.69 -12200665.221138 
4.70 -12200665.2364967 
4.71 -12200665.2879638 
4.72 -12200665.4405318 
4.73 -12200665.6556625 
4.74 -12200665.9231774 
4.75 -12200666.199945 
4.76 -12200666.4745447 
4.77 -12200666.694892 
4.78 -12200666.8810108 
4.79 -12200666.9947556 
4.80 -12200666.9916177 
4.81 -12200666.9198917 
4.82 -12200666.7411665 
4.83 -12200666.5297097 
4.84 -12200666.2847827 
4.85 -12200666.0427332 
4.86 -12200665.8423263 
4.87 -12200665.6992694 
4.88 -12200665.6277551 
4.89 -12200665.6306939 
4.90 -12200665.6736945 
4.91 -12200665.816752 
4.92 -12200665.9398552 
4.93 -12200666.1023929 
4.94 -12200666.2542203 
4.95 -12200666.3648123 
4.96 -12200666.4326068 
4.97 -12200666.4403498 
4.98 -12200666.4085405 
4.99 -12200666.3438831 
5.00 -12200666.2204159 
5.01 -12200666.1268667 
5.02 -12200666.0281802 
5.03 -12200665.999626 
5.04 -12200665.9900784 
5.05 -12200666.06108 
5.06 -12200666.2128197 
5.07 -12200666.3767464 
5.08 -12200666.587776 
5.09 -12200666.7961701 
5.10 -12200666.9853845 
5.11 -12200667.1218467 
5.12 -12200667.1841263 
5.13 -12200667.1840208 
5.14 -12200667.1168686 
5.15 -12200667.0049506 
5.16 -12200666.8646728 
5.17 -12200666.6894565 
5.18 -12200666.5076153 
5.19 -12200666.3873845 
5.20 -12200666.3050171 
5.21 -12200666.3169909 
5.22 -12200666.3655086 
5.23 -12200666.4804771 
5.24 -12200666.6330835 
5.25 -12200666.8431923 
5.26 -12200667.0207601 
5.27 -12200667.1897119 
5.28 -12200667.3473951 
5.29 -12200667.4146941 
5.30 -12200667.4566377 
5.31 -12200667.4043709 
5.32 -12200667.3106009 
5.33 -12200667.1946337 
5.34 -12200667.0526538 
5.35 -12200666.9208238 
5.36 -12200666.8090441 
5.37 -12200666.7350374 
5.38 -12200666.7224927 
5.39 -12200666.7506858 
5.40 -12200666.8433747 
5.41 -12200666.9599033 
5.42 -12200667.1019628 
5.43 -12200667.2294412 
5.44 -12200667.3261051 
5.45 -12200667.400268 
5.46 -12200667.4065878 
5.47 -12200667.3901397 
5.48 -12200667.3011322 
5.49 -12200667.2185628 
5.50 -12200667.1098336 
5.51 -12200667.0310479 
5.52 -12200666.9782456 
5.53 -12200666.979101 
5.54 -12200667.016199 
5.55 -12200667.1444628 
5.56 -12200667.2926615 
5.57 -12200667.4840561 
5.58 -12200667.7161096 
5.59 -12200667.9116418 
5.60 -12200668.0983848 
5.61 -12200668.2300421 
5.62 -12200668.319749 
5.63 -12200668.3551753 
5.64 -12200668.30485 
5.65 -12200668.1933362 
5.66 -12200668.0495929 
5.67 -12200667.8599227 
5.68 -12200667.7199439 
5.69 -12200667.5714048 
5.70 -12200667.4782743 
5.71 -12200667.3995449 
5.72 -12200667.3975378 
5.73 -12200667.4375773 
5.74 -12200667.5466919 
5.75 -12200667.6260463 
5.76 -12200667.7417815 
5.77 -12200667.8387271 
5.78 -12200667.9345811 
5.79 -12200667.9632472 
5.80 -12200667.9674108 
5.81 -12200667.9377133 
5.82 -12200667.8991052 
5.83 -12200667.8353976 
5.84 -12200667.783648 
5.85 -12200667.7479341 
5.86 -12200667.7822121 
5.87 -12200667.774703 
5.88 -12200667.870172 
5.89 -12200668.0037437 
5.90 -12200668.1869092 
5.91 -12200668.3736651 
5.92 -12200668.5366114 
5.93 -12200668.6925627 
5.94 -12200668.8379546 
5.95 -12200668.9108968 
5.96 -12200668.8905264 
5.97 -12200668.8544941 
5.98 -12200668.7509979 
5.99 -12200668.6339541 
6.00 -12200668.4998023 
6.01 -12200668.3554995 
6.02 -12200668.2467177 
6.03 -12200668.1629143 
6.04 -12200668.1490021 
6.05 -12200668.167856 
6.06 -12200668.2304765 
6.07 -12200668.3665151 
6.08 -12200668.489078 
6.09 -12200668.6059897 
6.10 -12200668.7382178 
6.11 -12200668.8590747 
6.12 -12200668.932637 
6.13 -12200668.9601 
6.14 -12200668.9317251 
6.15 -12200668.8868803 
6.16 -12200668.8192778 
6.17 -12200668.7348748 
6.18 -12200668.6629052 
6.19 -12200668.6125279 
6.20 -12200668.5999691 
6.21 -12200668.6071134 
6.22 -12200668.6465116 
6.23 -12200668.7663588 
6.24 -12200668.8684938 
6.25 -12200668.9985689 
6.26 -12200669.0827988 
6.27 -12200669.1843903 
6.28 -12200669.247718 
6.29 -12200669.2569186 
6.30 -12200669.2386242 
6.31 -12200669.186822 
6.32 -12200669.1333708 
6.33 -12200669.0297071 
6.34 -12200668.9586761 
6.35 -12200668.9184522 
6.36 -12200668.8931088 
6.37 -12200668.9289738 
6.38 -12200669.0139934 
6.39 -12200669.1308346 
6.40 -12200669.2672411 
6.41 -12200669.4487567 
6.42 -12200669.6071927 
6.43 -12200669.7348618 
6.44 -12200669.875386 
6.45 -12200669.9447072 
6.46 -12200669.9767443 
6.47 -12200669.9684668 
6.48 -12200669.9094949 
6.49 -12200669.7991166 
6.50 -12200669.6868676 
6.51 -12200669.5826101 
6.52 -12200669.4845867 
6.53 -12200669.4065895 
6.54 -12200669.361894 
6.55 -12200669.3774054 
6.56 -12200669.3970079 
6.57 -12200669.4523489 
6.58 -12200669.5643156 
6.59 -12200669.6465001 
6.60 -12200669.7375054 
6.61 -12200669.7805587 
6.62 -12200669.8305326 
6.63 -12200669.8182561 
6.64 -12200669.8465318 
6.65 -12200669.7981768 
6.66 -12200669.7660009 
6.67 -12200669.7402857 
6.68 -12200669.7484822 
6.69 -12200669.7454004 
6.70 -12200669.7448936 
6.71 -12200669.8348749 
6.72 -12200669.9615887 
6.73 -12200670.083345 
6.74 -12200670.2256155 
6.75 -12200670.3677334 
6.76 -12200670.528586 
6.77 -12200670.6367558 
6.78 -12200670.7086868 
6.79 -12200670.7019643 
6.80 -12200670.6833303 
6.81 -12200670.6314885 
6.82 -12200670.5379665 
6.83 -12200670.4310272 
6.84 -12200670.3160153 
6.85 -12200670.2216091 
6.86 -12200670.1795134 
6.87 -12200670.1449404 
6.88 -12200670.177013 
6.89 -12200670.2554402 
6.90 -12200670.3359098 
6.91 -12200670.4354101 
6.92 -12200670.5571068 
6.93 -12200670.6564233 
6.94 -12200670.7578676 
6.95 -12200670.8187247 
6.96 -12200670.8485575 
6.97 -12200670.8250339 
6.98 -12200670.8385066 
6.99 -12200670.7748599 
7.00 -12200670.7361303 
7.01 -12200670.6868384 
7.02 -12200670.6647858 
7.03 -12200670.6431721 
7.04 -12200670.6388756 
7.05 -12200670.6913497 
7.06 -12200670.765616 
7.07 -12200670.8695566 
7.08 -12200670.9528588 
7.09 -12200671.0626035 
7.10 -12200671.1354956 
7.11 -12200671.1716163 
7.12 -12200671.2113923 
7.13 -12200671.1978244 
7.14 -12200671.1775424 
7.15 -12200671.1240586 
7.16 -12200671.0750935 
7.17 -12200671.0175303 
7.18 -12200671.0065798 
7.19 -12200670.9806148 
7.20 -12200671.0056514 
7.21 -12200671.0852473 
7.22 -12200671.1780003 
7.23 -12200671.3096981 
7.24 -12200671.4354917 
7.25 -12200671.5901697 
7.26 -12200671.7088489 
7.27 -12200671.7999042 
7.28 -12200671.8855006 
7.29 -12200671.9383279 
7.30 -12200671.9329018 
7.31 -12200671.8800284 
7.32 -12200671.8393172 
7.33 -12200671.7152192 
7.34 -12200671.6221958 
7.35 -12200671.5658523 
7.36 -12200671.5219548 
7.37 -12200671.5088717 
7.38 -12200671.4825961 
7.39 -12200671.5088396 
7.40 -12200671.5688099 
7.41 -12200671.6802954 
7.42 -12200671.7141022 
7.43 -12200671.800295 
7.44 -12200671.8723976 
7.45 -12200671.9015188 
7.46 -12200671.947157 
7.47 -12200671.9551876 
7.48 -12200671.9350394 
7.49 -12200671.9009341 
7.50 -12200671.8793117 
7.51 -12200671.8744272 
7.52 -12200671.9001874 
7.53 -12200671.9031166 
7.54 -12200671.974641 
7.55 -12200672.045945 
7.56 -12200672.1599907 
7.57 -12200672.261694 
7.58 -12200672.4106485 
7.59 -12200672.4934817 
7.60 -12200672.6033259 
7.61 -12200672.6607004 
7.62 -12200672.7084091 
7.63 -12200672.6670021 
7.64 -12200672.6290257 
7.65 -12200672.6057905 
7.66 -12200672.5067095 
7.67 -12200672.4533259 
7.68 -12200672.375614 
7.69 -12200672.3481718 
7.70 -12200672.3563001 
7.71 -12200672.3677147 
7.72 -12200672.4444202 
7.73 -12200672.538383 
7.74 -12200672.6377255 
7.75 -12200672.7434537 
7.76 -12200672.8465879 
7.77 -12200672.9515095 
7.78 -12200673.0045839 
7.79 -12200673.0490063 
7.80 -12200673.0588962 
7.81 -12200673.0415869 
7.82 -12200673.0221865 
7.83 -12200672.9698233 
7.84 -12200672.9894957 
7.85 -12200672.8874961 
7.86 -12200672.8619913 
7.87 -12200672.8658544 
7.88 -12200672.8826672 
7.89 -12200672.9376273 
7.90 -12200672.9779279 
7.91 -12200673.0652176 
7.92 -12200673.1208775 
7.93 -12200673.219002 
7.94 -12200673.2653902 
7.95 -12200673.317357 
7.96 -12200673.3249214 
7.97 -12200673.3200417 
7.98 -12200673.2724189 
7.99 -12200673.2734767 
8.00 -12200673.2495102 
8.01 -12200673.2274828 
8.02 -12200673.2336376 
8.03 -12200673.2712667 
8.04 -12200673.2956823 
8.05 -12200673.4306784 
8.06 -12200673.5160815 
8.07 -12200673.6505389 
8.08 -12200673.7629352 
8.09 -12200673.88327 
8.10 -12200673.974338 
8.11 -12200674.036914 
8.12 -12200674.0827599 
8.13 -12200674.0917347 
8.14 -12200674.0724679 
8.15 -12200674.0528463 
8.16 -12200673.9802459 
8.17 -12200673.8775106 
8.18 -12200673.8427366 
8.19 -12200673.7982627 
8.20 -12200673.7520839 
8.21 -12200673.7756068 
8.22 -12200673.785391 
8.23 -12200673.8527708 
8.24 -12200673.9199244 
8.25 -12200673.9912693 
8.26 -12200674.0881884 
8.27 -12200674.1837522 
8.28 -12200674.224197 
8.29 -12200674.2573512 
8.30 -12200674.2646179 
8.31 -12200674.2774484 
8.32 -12200674.2734309 
8.33 -12200674.2595277 
8.34 -12200674.2498606 
8.35 -12200674.2378443 
8.36 -12200674.2411298 
8.37 -12200674.2694272 
8.38 -12200674.3265857 
8.39 -12200674.3851093 
8.40 -12200674.4804622 
8.41 -12200674.5542847 
8.42 -12200674.6338551 
8.43 -12200674.7160788 
8.44 -12200674.7757414 
8.45 -12200674.8052684 
8.46 -12200674.8328841 
8.47 -12200674.7879091 
8.48 -12200674.771719 
8.49 -12200674.7309244 
8.50 -12200674.7002427 
8.51 -12200674.6589926 
8.52 -12200674.6493969 
8.53 -12200674.6998666 
8.54 -12200674.74984 
8.55 -12200674.7957231 
8.56 -12200674.8894614 
8.57 -12200674.9836396 
8.58 -12200675.1244758 
8.59 -12200675.2214897 
8.60 -12200675.2800941 
8.61 -12200675.3694525 
8.62 -12200675.428394 
8.63 -12200675.4463261 
8.64 -12200675.4348034 
8.65 -12200675.388981 
8.66 -12200675.3689796 
8.67 -12200675.3387528 
8.68 -12200675.2689173 
8.69 -12200675.2305674 
8.70 -12200675.2328015 
8.71 -12200675.2260436 
8.72 -12200675.2646924 
8.73 -12200675.2979621 
8.74 -12200675.3503605 
8.75 -12200675.4066138 
8.76 -12200675.4922428 
8.77 -12200675.5566483 
8.78 -12200675.5911175 
8.79 -12200675.6134975 
8.80 -12200675.6546545 
8.81 -12200675.6418093 
8.82 -12200675.6624575 
8.83 -12200675.6630097 
8.84 -12200675.6471924 
8.85 -12200675.6524721 
8.86 -12200675.6600899 
8.87 -12200675.7148238 
8.88 -12200675.7802052 
8.89 -12200675.8602941 
8.90 -12200675.9492519 
8.91 -12200676.0635274 
8.92 -12200676.1463819 
8.93 -12200676.2583557 
8.94 -12200676.2752926 
8.95 -12200676.3211658 
8.96 -12200676.3476139 
8.97 -12200676.3491604 
8.98 -12200676.3137957 
8.99 -12200676.2908043 
9.00 -12200676.2236549 
9.01 -12200676.1905421 
9.02 -12200676.1817125 
9.03 -12200676.1708236 
9.04 -12200676.2071353 
9.05 -12200676.2635158 
9.06 -12200676.3097989 
9.07 -12200676.4063143 
9.08 -12200676.5164929 
9.09 -12200676.5682681 
9.10 -12200676.6951433 
9.11 -12200676.7458473 
9.12 -12200676.7818966 
9.13 -12200676.8242786 
9.14 -12200676.836963 
9.15 -12200676.8333721 
9.16 -12200676.8143501 
9.17 -12200676.7772376 
9.18 -12200676.7660805 
9.19 -12200676.7309649 
9.20 -12200676.7298254 
9.21 -12200676.7170927 
9.22 -12200676.7575664 
9.23 -12200676.8085044 
9.24 -12200676.8646996 
9.25 -12200676.9136702 
9.26 -12200677.0276464 
9.27 -12200677.0371792 
9.28 -12200677.0892373 
9.29 -12200677.1113881 
9.30 -12200677.1490095 
9.31 -12200677.1511339 
9.32 -12200677.1284531 
9.33 -12200677.1817956 
9.34 -12200677.1572593 
9.35 -12200677.1671652 
9.36 -12200677.1938022 
9.37 -12200677.2268766 
9.38 -12200677.2756987 
9.39 -12200677.363208 
9.40 -12200677.4738395 
9.41 -12200677.5627981 
9.42 -12200677.6765429 
9.43 -12200677.7647091 
9.44 -12200677.8252896 
9.45 -12200677.8571725 
9.46 -12200677.8540832 
9.47 -12200677.8958997 
9.48 -12200677.8757215 
9.49 -12200677.8339202 
9.50 -12200677.7932864 
9.51 -12200677.757455 
9.52 -12200677.7459303 
9.53 -12200677.7091534 
9.54 -12200677.7403003 
9.55 -12200677.7466842 
9.56 -12200677.7954864 
9.57 -12200677.8632811 
9.58 -12200677.9680496 
9.59 -12200678.0220733 
9.60 -12200678.0939926 
9.61 -12200678.1844633 
9.62 -12200678.2183324 
9.63 -12200678.2972129 
9.64 -12200678.2975778 
9.65 -12200678.3175257 
9.66 -12200678.2916388 
9.67 -12200678.2724296 
9.68 -12200678.2971438 
9.69 -12200678.2894651 
9.70 -12200678.3099368 
9.71 -12200678.2886051 
9.72 -12200678.3292662 
9.73 -12200678.3615251 
9.74 -12200678.4323966 
9.75 -12200678.4946475 
9.76 -12200678.5552758 
9.77 -12200678.6260475 
9.78 -12200678.6488453 
9.79 -12200678.6754145 
9.80 -12200678.7225062 
9.81 -12200678.7412848 
9.82 -12200678.7108764 
9.83 -12200678.7186771 
9.84 -12200678.7105763 
9.85 -12200678.7096649 
9.86 -12200678.7180396 
9.87 -12200678.7783291 
9.88 -12200678.8095662 
9.89 -12200678.8514039 
9.90 -12200678.9844656 
9.91 -12200679.0732202 
9.92 -12200679.1483348 
9.93 -12200679.2563643 
9.94 -12200679.3223632 
9.95 -12200679.4132291 
9.96 -12200679.422208 
9.97 -12200679.4544717 
9.98 -12200679.4572602 
9.99 -12200679.3990998 
10.00 -12200679.3718815 
