0.00 -137835357.403455 
0.02 -137872283.82326 
0.04 -137913587.576047 
0.06 -137908366.302036 
0.08 -137903006.569067 
0.10 -137905010.966508 
0.12 -137904091.660819 
0.14 -137905794.03638 
0.16 -137905418.697616 
0.18 -137904626.431899 
0.20 -137905011.202679 
0.22 -137904737.169429 
0.24 -137905304.858276 
0.26 -137905141.437285 
0.28 -137904858.172006 
0.30 -137905011.537506 
0.32 -137904882.926363 
0.34 -137905170.375246 
0.36 -137905066.828837 
0.38 -137904932.210838 
0.40 -137905012.012979 
0.42 -137904938.517993 
0.44 -137905113.277891 
0.46 -137905037.980866 
0.48 -137904964.9584 
0.50 -137905012.628314 
0.52 -137904965.66234 
0.54 -137905083.040059 
0.56 -137905024.587927 
0.58 -137904982.406286 
0.60 -137905013.369422 
0.62 -137904981.078238 
0.64 -137905064.672947 
0.66 -137905017.664689 
0.68 -137904992.986598 
0.70 -137905014.173209 
0.72 -137904990.741791 
0.74 -137905052.430649 
0.76 -137905013.92434 
0.78 -137905000.106729 
0.80 -137905015.07051 
0.82 -137904997.243937 
0.84 -137905043.688972 
0.86 -137905011.864076 
0.88 -137905005.310894 
0.90 -137905016.036341 
0.92 -137905001.834588 
0.94 -137905037.105348 
0.96 -137905010.800165 
0.98 -137905009.367878 
1.00 -137905016.989156 
1.02 -137905005.177628 
1.04 -137905032.037764 
1.06 -137905010.437533 
1.08 -137905012.771127 
1.10 -137905017.940908 
1.12 -137905007.741925 
1.14 -137905028.034299 
1.16 -137905010.480604 
1.18 -137905015.688388 
1.20 -137905018.816676 
1.22 -137905009.702829 
1.24 -137905024.903381 
1.26 -137905010.871062 
1.28 -137905018.242554 
1.30 -137905019.618361 
1.32 -137905011.217942 
1.34 -137905022.50813 
1.36 -137905011.555625 
1.38 -137905020.557134 
1.40 -137905020.306371 
1.42 -137905012.50987 
1.44 -137905020.782604 
1.46 -137905012.447507 
1.48 -137905022.499858 
1.50 -137905020.846541 
1.52 -137905013.651294 
1.54 -137905019.72871 
1.56 -137905013.596801 
1.58 -137905024.118163 
1.60 -137905021.239895 
1.62 -137905014.683475 
1.64 -137905019.312006 
1.66 -137905014.692747 
1.68 -137905025.34273 
1.70 -137905021.46237 
1.72 -137905015.828257 
1.74 -137905019.441993 
1.76 -137905015.950249 
1.78 -137905026.179561 
1.80 -137905021.614319 
1.82 -137905017.069795 
1.84 -137905020.110867 
1.86 -137905017.220835 
1.88 -137905026.629822 
1.90 -137905021.716616 
1.92 -137905018.49135 
1.94 -137905021.231241 
1.96 -137905018.480452 
1.98 -137905026.702818 
2.00 -137905021.788458 
2.02 -137905020.095685 
2.04 -137905022.618482 
2.06 -137905019.763301 
2.08 -137905026.557957 
2.10 -137905021.962446 
2.12 -137905021.870751 
2.14 -137905024.213747 
2.16 -137905020.899788 
2.18 -137905026.332383 
2.20 -137905022.290609 
2.22 -137905023.77401 
2.24 -137905025.786473 
2.26 -137905022.011249 
2.28 -137905026.146072 
2.30 -137905022.879291 
2.32 -137905025.620388 
2.34 -137905027.234812 
2.36 -137905023.107123 
2.38 -137905026.246399 
2.40 -137905023.682126 
2.42 -137905027.391738 
2.44 -137905028.435683 
2.46 -137905024.238885 
2.48 -137905026.729516 
2.50 -137905024.726003 
2.52 -137905028.905039 
2.54 -137905029.333775 
2.56 -137905025.459457 
2.58 -137905027.655252 
2.60 -137905025.992157 
2.62 -137905030.108672 
2.64 -137905029.971886 
2.66 -137905026.842727 
2.68 -137905029.072193 
2.70 -137905027.369726 
2.72 -137905031.002261 
2.74 -137905030.388629 
2.76 -137905028.351301 
2.78 -137905030.851699 
2.80 -137905028.843407 
2.82 -137905031.67565 
2.84 -137905030.865904 
2.86 -137905030.033894 
2.88 -137905032.749649 
2.90 -137905030.232952 
2.92 -137905032.29072 
2.96 -137905031.770068 
2.98 -137905034.547524 
3.00 -137905031.649341 
3.02 -137905033.036371 
3.04 -137905032.388006 
3.06 -137905033.477729 
3.08 -137905036.101789 
3.10 -137905033.012964 
3.12 -137905034.153222 
3.14 -137905033.680197 
3.16 -137905035.060317 
3.18 -137905037.267337 
3.20 -137905034.336125 
3.22 -137905035.63484 
3.24 -137905035.238079 
3.26 -137905036.417985 
3.28 -137905038.12878 
3.30 -137905035.793164 
3.32 -137905037.560642 
3.34 -137905037.004435 
3.36 -137905037.626831 
3.38 -137905038.827359 
3.40 -137905037.294792 
3.42 -137905039.653237 
3.44 -137905038.7608 
3.46 -137905038.795974 
3.48 -137905039.673147 
3.50 -137905038.891517 
3.52 -137905041.656083 
3.54 -137905040.405565 
3.56 -137905040.11627 
3.58 -137905040.839607 
3.60 -137905040.565441 
3.62 -137905043.339586 
3.64 -137905041.876266 
3.66 -137905041.676864 
3.68 -137905042.416397 
3.70 -137905042.223165 
3.72 -137905044.696805 
3.74 -137905043.230397 
3.76 -137905043.547022 
3.78 -137905044.393228 
3.80 -137905043.839137 
3.82 -137905045.829501 
3.84 -137905044.602543 
3.86 -137905045.623726 
3.88 -137905046.385533 
3.90 -137905045.406749 
3.92 -137905046.854842 
3.94 -137905046.061286 
3.96 -137905047.738837 
3.98 -137905048.394299 
4.00 -137905047.066801 
4.02 -137905048.19217 
4.04 -137905047.753209 
4.06 -137905049.677582 
4.08 -137905050.002459 
4.10 -137905048.820983 
4.12 -137905050.000407 
4.14 -137905049.618035 
4.16 -137905051.280701 
4.18 -137905051.458326 
4.20 -137905050.759241 
4.22 -137905052.214293 
4.24 -137905051.540365 
4.26 -137905052.694569 
4.28 -137905052.764821 
4.30 -137905052.803967 
4.32 -137905054.532982 
4.34 -137905053.531314 
4.36 -137905054.154281 
4.38 -137905054.303327 
4.40 -137905054.779999 
4.42 -137905056.61729 
4.44 -137905055.334679 
4.46 -137905055.948745 
4.48 -137905056.181372 
4.50 -137905056.751627 
4.52 -137905058.302383 
4.54 -137905057.183932 
4.56 -137905058.081488 
4.58 -137905058.336711 
4.60 -137905058.549602 
4.62 -137905059.676784 
4.64 -137905059.050251 
4.66 -137905060.501531 
4.68 -137905060.620805 
4.70 -137905060.366995 
4.72 -137905061.288221 
4.74 -137905061.038032 
4.76 -137905062.766242 
4.78 -137905062.659549 
4.80 -137905062.309124 
4.82 -137905063.197456 
4.84 -137905063.087423 
4.86 -137905064.754516 
4.88 -137905064.547874 
4.90 -137905064.441136 
4.92 -137905065.489938 
4.94 -137905065.18354 
4.96 -137905066.47912 
4.98 -137905066.286723 
5.00 -137905066.747639 
5.02 -137905067.961247 
5.04 -137905067.291577 
5.06 -137905068.178402 
5.08 -137905068.165068 
5.10 -137905069.135344 
5.12 -137905070.212175 
5.14 -137905069.405696 
5.16 -137905070.269816 
5.18 -137905070.374779 
5.20 -137905071.247321 
5.22 -137905072.175902 
5.24 -137905071.554996 
5.26 -137905072.69144 
5.28 -137905072.807065 
5.30 -137905073.238341 
5.32 -137905073.873921 
5.34 -137905073.793763 
5.36 -137905075.309832 
5.38 -137905075.182061 
5.40 -137905075.272432 
5.42 -137905075.923434 
5.44 -137905076.064691 
5.46 -137905077.60553 
5.48 -137905077.353081 
5.50 -137905077.525351 
5.52 -137905078.322037 
5.54 -137905078.381383 
5.56 -137905079.661013 
5.58 -137905079.463815 
5.60 -137905080.081708 
5.62 -137905080.974289 
5.64 -137905080.690687 
5.66 -137905081.587307 
5.68 -137905081.62822 
5.70 -137905082.669205 
5.72 -137905083.468494 
5.74 -137905083.024157 
5.76 -137905083.808914 
5.78 -137905084.029711 
5.80 -137905084.972358 
5.82 -137905085.658699 
5.84 -137905085.390235 
5.86 -137905086.581551 
5.88 -137905086.536447 
5.90 -137905087.190867 
5.92 -137905087.695242 
5.94 -137905087.932153 
5.96 -137905089.207193 
5.98 -137905089.076028 
6.00 -137905089.432811 
6.02 -137905090.01308 
6.04 -137905090.393404 
6.06 -137905091.669069 
6.08 -137905091.459962 
6.10 -137905091.958792 
6.12 -137905092.748601 
6.14 -137905092.838704 
6.16 -137905093.867155 
6.18 -137905093.826123 
6.20 -137905094.772777 
6.22 -137905095.467754 
6.24 -137905095.261934 
6.26 -137905096.076223 
6.28 -137905096.300913 
6.30 -137905097.385372 
6.32 -137905098.01015 
6.34 -137905097.797473 
6.36 -137905098.758058 
6.38 -137905098.96832 
6.40 -137905099.756536 
6.42 -137905100.268838 
6.44 -137905100.470287 
6.46 -137905101.679442 
6.48 -137905101.730094 
6.50 -137905102.134081 
6.52 -137905102.755064 
6.54 -137905103.145896 
6.56 -137905104.366843 
6.58 -137905104.295497 
6.60 -137905104.835929 
6.62 -137905105.473833 
6.64 -137905105.826957 
6.66 -137905106.778563 
6.68 -137905106.890761 
6.70 -137905107.67538 
6.72 -137905108.411776 
6.74 -137905108.353719 
6.76 -137905109.234116 
6.78 -137905109.532853 
6.80 -137905110.538779 
6.82 -137905111.183862 
6.84 -137905111.069554 
6.86 -137905112.022729 
6.88 -137905112.251283 
6.90 -137905113.097799 
6.92 -137905113.585955 
6.94 -137905113.918799 
6.96 -137905115.061187 
6.98 -137905115.13665 
7.00 -137905115.643239 
7.02 -137905116.240297 
7.04 -137905116.726076 
7.06 -137905117.858777 
7.08 -137905117.807774 
7.10 -137905118.513997 
7.12 -137905119.172012 
7.14 -137905119.510146 
7.16 -137905120.413279 
7.18 -137905120.620299 
7.20 -137905121.529609 
7.22 -137905122.191146 
7.24 -137905122.22256 
7.26 -137905123.054858 
7.28 -137905123.402572 
7.30 -137905124.459394 
7.32 -137905125.023196 
7.34 -137905125.039792 
7.36 -137905126.164417 
7.38 -137905126.363183 
7.40 -137905127.054417 
7.42 -137905127.542046 
7.44 -137905128.115441 
7.46 -137905129.322829 
7.48 -137905129.299422 
7.50 -137905129.843642 
7.52 -137905130.564519 
7.54 -137905131.040023 
7.56 -137905132.026115 
7.58 -137905132.1829 
7.60 -137905133.033009 
7.62 -137905133.758512 
7.64 -137905133.866657 
7.66 -137905134.696109 
7.68 -137905135.027865 
7.70 -137905136.051473 
7.72 -137905136.718273 
7.74 -137905136.917789 
7.76 -137905137.791261 
7.78 -137905138.097191 
7.80 -137905138.950441 
7.82 -137905139.498751 
7.84 -137905140.03842 
7.86 -137905141.015356 
7.88 -137905141.248024 
7.90 -137905141.763929 
7.92 -137905142.375118 
7.94 -137905143.00105 
7.96 -137905144.051531 
7.98 -137905144.170197 
8.00 -137905144.984347 
8.02 -137905145.705837 
8.04 -137905145.920778 
8.06 -137905146.821681 
8.08 -137905147.168209 
8.10 -137905148.142355 
8.12 -137905148.840492 
8.14 -137905149.049917 
8.16 -137905149.959854 
8.18 -137905150.375571 
8.20 -137905151.137576 
8.22 -137905151.76481 
8.24 -137905152.185947 
8.26 -137905153.284406 
8.28 -137905153.599407 
8.30 -137905154.09335 
8.32 -137905154.784973 
8.34 -137905155.372521 
8.36 -137905156.38924 
8.38 -137905156.655805 
8.40 -137905157.372688 
8.42 -137905158.104347 
8.44 -137905158.487214 
8.46 -137905159.336688 
8.48 -137905159.733265 
8.50 -137905160.634372 
8.52 -137905161.352509 
8.54 -137905161.643798 
8.56 -137905162.510665 
8.58 -137905163.041982 
8.60 -137905163.682031 
8.62 -137905164.411212 
8.64 -137905164.8179 
8.66 -137905165.890475 
8.68 -137905166.246288 
8.70 -137905166.847516 
8.72 -137905167.62216 
8.74 -137905168.097802 
8.76 -137905169.13996 
8.78 -137905169.446365 
8.80 -137905170.227135 
8.82 -137905171.043099 
8.84 -137905171.335415 
8.86 -137905172.056646 
8.88 -137905172.601371 
8.90 -137905173.513725 
8.92 -137905174.369537 
8.94 -137905174.530059 
8.96 -137905175.509031 
8.98 -137905176.026239 
9.00 -137905176.642098 
9.02 -137905177.413063 
9.04 -137905177.928337 
9.06 -137905178.97919 
9.08 -137905179.47267 
9.10 -137905180.016119 
9.12 -137905180.734612 
9.14 -137905181.213977 
9.16 -137905182.156087 
9.18 -137905182.679921 
9.20 -137905183.388622 
9.22 -137905184.231407 
9.24 -137905184.560815 
9.26 -137905185.477146 
9.28 -137905185.955351 
9.30 -137905186.770537 
9.32 -137905187.508381 
9.34 -137905187.977342 
9.36 -137905188.97669 
9.38 -137905189.456277 
9.40 -137905190.039134 
9.42 -137905190.80297 
9.44 -137905191.332702 
9.46 -137905192.329791 
9.48 -137905192.839597 
9.50 -137905193.390083 
9.52 -137905194.38477 
9.54 -137905194.80341 
9.56 -137905195.49377 
9.58 -137905196.186178 
9.60 -137905196.927936 
9.62 -137905197.790757 
9.64 -137905198.200021 
9.66 -137905199.000523 
9.68 -137905199.75178 
9.70 -137905200.391516 
9.72 -137905201.103673 
9.74 -137905201.568669 
9.76 -137905202.575913 
9.78 -137905203.173189 
9.80 -137905203.698477 
9.82 -137905204.546772 
9.84 -137905205.155275 
9.86 -137905205.892071 
9.88 -137905206.510445 
9.90 -137905207.214438 
9.92 -137905208.168542 
9.94 -137905208.548476 
9.96 -137905209.262222 
9.98 -137905210.054462 
10.00 -137905210.655803 
