0.000000 -16.109250
0.010000 -16.108416
0.020000 -16.106144
0.030000 -16.103023
0.040000 -16.099806
0.050000 -16.097330
0.060000 -16.096252
0.070000 -16.096896
0.080000 -16.099158
0.090000 -16.102490
0.100000 -16.106076
0.110000 -16.108963
0.120000 -16.110375
0.130000 -16.109854
0.140000 -16.107456
0.150000 -16.103697
0.160000 -16.099477
0.170000 -16.095919
0.180000 -16.094236
0.190000 -16.095414
0.200000 -16.099859
0.210000 -16.107348
0.220000 -16.116914
0.230000 -16.127206
0.240000 -16.136593
0.250000 -16.143465
0.260000 -16.146599
0.270000 -16.145435
0.280000 -16.139960
0.290000 -16.130637
0.300000 -16.118844
0.310000 -16.106397
0.320000 -16.095307
0.330000 -16.086930
0.340000 -16.081996
0.350000 -16.080548
0.360000 -16.082291
0.370000 -16.086211
0.380000 -16.091153
0.390000 -16.095928
0.400000 -16.099562
0.410000 -16.101409
0.420000 -16.101299
0.430000 -16.099719
0.440000 -16.097412
0.450000 -16.095059
0.460000 -16.093290
0.470000 -16.092538
0.480000 -16.092936
0.490000 -16.094243
0.500000 -16.096125
0.510000 -16.098091
0.520000 -16.099582
0.530000 -16.100191
0.540000 -16.099826
0.550000 -16.098822
0.560000 -16.097620
0.570000 -16.096524
0.580000 -16.095639
0.590000 -16.095260
0.600000 -16.095500
0.610000 -16.096419
0.620000 -16.097627
0.630000 -16.098766
0.640000 -16.099488
0.650000 -16.099645
0.660000 -16.099258
0.670000 -16.098557
0.680000 -16.097766
0.690000 -16.097072
0.700000 -16.096622
0.710000 -16.096497
0.720000 -16.096811
0.730000 -16.097513
0.740000 -16.098398
0.750000 -16.099101
0.760000 -16.099374
0.770000 -16.099188
0.780000 -16.098718
0.790000 -16.098283
0.800000 -16.098018
0.810000 -16.097861
0.820000 -16.097653
0.830000 -16.097411
0.840000 -16.097296
0.850000 -16.097564
0.860000 -16.098232
0.870000 -16.099096
0.880000 -16.099708
0.890000 -16.099730
0.900000 -16.099176
0.910000 -16.098376
0.920000 -16.097703
0.930000 -16.097411
0.940000 -16.097520
0.950000 -16.097846
0.960000 -16.098246
0.970000 -16.098637
0.980000 -16.098994
0.990000 -16.099258
1.000000 -16.099339
1.010000 -16.099151
1.020000 -16.098764
1.030000 -16.098314
1.040000 -16.098003
1.050000 -16.097926
1.060000 -16.098071
1.070000 -16.098351
1.080000 -16.098672
1.090000 -16.098959
1.100000 -16.099173
1.110000 -16.099268
1.120000 -16.099197
1.130000 -16.098982
1.140000 -16.098664
1.150000 -16.098383
1.160000 -16.098245
1.170000 -16.098325
1.180000 -16.098519
1.190000 -16.098763
1.200000 -16.098996
1.210000 -16.099176
1.220000 -16.099256
1.230000 -16.099227
1.240000 -16.099097
1.250000 -16.098866
1.260000 -16.098669
1.270000 -16.098541
1.280000 -16.098558
1.290000 -16.098713
1.300000 -16.098922
1.310000 -16.099115
1.320000 -16.099237
1.330000 -16.099307
1.340000 -16.099283
1.350000 -16.099196
1.360000 -16.099037
1.370000 -16.098878
1.380000 -16.098764
1.390000 -16.098740
1.400000 -16.098882
1.410000 -16.099123
1.420000 -16.099283
1.430000 -16.099344
1.440000 -16.099381
1.450000 -16.099413
1.460000 -16.099342
1.470000 -16.099139
1.480000 -16.098968
1.490000 -16.098924
1.500000 -16.098988
1.510000 -16.099090
1.520000 -16.099228
1.530000 -16.099392
1.540000 -16.099566
1.550000 -16.099603
1.560000 -16.099543
1.570000 -16.099424
1.580000 -16.099279
1.590000 -16.099147
1.600000 -16.099084
1.610000 -16.099094
1.620000 -16.099212
1.630000 -16.099395
1.640000 -16.099588
1.650000 -16.099746
1.660000 -16.099813
1.670000 -16.099752
1.680000 -16.099607
1.690000 -16.099441
1.700000 -16.099291
1.710000 -16.099205
1.720000 -16.099212
1.730000 -16.099329
1.740000 -16.099525
1.750000 -16.099753
1.760000 -16.099931
1.770000 -16.100029
1.780000 -16.099996
1.790000 -16.099846
1.800000 -16.099638
1.810000 -16.099464
1.820000 -16.099340
1.830000 -16.099321
1.840000 -16.099406
1.850000 -16.099617
1.860000 -16.099871
1.870000 -16.100098
1.880000 -16.100250
1.890000 -16.100248
1.900000 -16.100126
1.910000 -16.099894
1.920000 -16.099672
1.930000 -16.099508
1.940000 -16.099440
1.950000 -16.099502
1.960000 -16.099677
1.970000 -16.099938
1.980000 -16.100236
1.990000 -16.100438
2.000000 -16.100510
2.010000 -16.100416
2.020000 -16.100206
2.030000 -16.099936
2.040000 -16.099705
2.050000 -16.099579
2.060000 -16.099600
2.070000 -16.099739
2.080000 -16.100005
2.090000 -16.100319
2.100000 -16.100580
2.110000 -16.100747
2.120000 -16.100709
2.130000 -16.100534
2.140000 -16.100241
2.150000 -16.099980
2.160000 -16.099790
2.170000 -16.099716
2.180000 -16.099810
2.190000 -16.100046
2.200000 -16.100351
2.210000 -16.100701
2.220000 -16.100896
2.230000 -16.100939
2.240000 -16.100839
2.250000 -16.100603
2.260000 -16.100296
2.270000 -16.100028
2.280000 -16.099903
2.290000 -16.099916
2.300000 -16.100085
2.310000 -16.100384
2.320000 -16.100749
2.330000 -16.101033
2.340000 -16.101187
2.350000 -16.101152
2.360000 -16.100953
2.370000 -16.100651
2.380000 -16.100344
2.390000 -16.100126
2.400000 -16.100065
2.410000 -16.100162
2.420000 -16.100410
2.430000 -16.100766
2.440000 -16.101096
2.450000 -16.101366
2.460000 -16.101405
2.470000 -16.101284
2.480000 -16.101025
2.490000 -16.100699
2.500000 -16.100426
2.510000 -16.100261
2.520000 -16.100290
2.530000 -16.100465
2.540000 -16.100776
2.550000 -16.101137
2.560000 -16.101431
2.570000 -16.101590
2.580000 -16.101570
2.590000 -16.101375
2.600000 -16.101086
2.610000 -16.100763
2.620000 -16.100545
2.630000 -16.100468
2.640000 -16.100559
2.650000 -16.100804
2.660000 -16.101150
2.670000 -16.101477
2.680000 -16.101716
2.690000 -16.101802
2.700000 -16.101688
2.710000 -16.101443
2.720000 -16.101135
2.730000 -16.100871
2.740000 -16.100702
2.750000 -16.100705
2.760000 -16.100882
2.770000 -16.101167
2.780000 -16.101502
2.790000 -16.101776
2.800000 -16.101948
2.810000 -16.101926
2.820000 -16.101764
2.830000 -16.101505
2.840000 -16.101230
2.850000 -16.100999
2.860000 -16.100926
2.870000 -16.101007
2.880000 -16.101220
2.890000 -16.101530
2.900000 -16.101831
2.910000 -16.102051
2.920000 -16.102120
2.930000 -16.102028
2.940000 -16.101834
2.950000 -16.101588
2.960000 -16.101345
2.970000 -16.101203
2.980000 -16.101200
2.990000 -16.101351
3.000000 -16.101593
3.010000 -16.101867
3.020000 -16.102108
3.030000 -16.102254
3.040000 -16.102249
3.050000 -16.102138
3.060000 -16.101915
3.070000 -16.101695
3.080000 -16.101524
3.090000 -16.101464
3.100000 -16.101518
3.110000 -16.101687
3.120000 -16.101929
3.130000 -16.102150
3.140000 -16.102338
3.150000 -16.102402
3.160000 -16.102358
3.170000 -16.102214
3.180000 -16.102019
3.190000 -16.101844
3.200000 -16.101763
3.210000 -16.101766
3.220000 -16.101861
3.230000 -16.102043
3.240000 -16.102277
3.250000 -16.102429
3.260000 -16.102531
3.270000 -16.102544
3.280000 -16.102462
3.290000 -16.102329
3.300000 -16.102197
3.310000 -16.102095
3.320000 -16.102064
3.330000 -16.102117
3.340000 -16.102231
3.350000 -16.102393
3.360000 -16.102546
3.370000 -16.102647
3.380000 -16.102695
3.390000 -16.102660
3.400000 -16.102593
3.410000 -16.102494
3.420000 -16.102430
3.430000 -16.102390
3.440000 -16.102413
3.450000 -16.102481
3.460000 -16.102585
3.470000 -16.102704
3.480000 -16.102783
3.490000 -16.102837
3.500000 -16.102839
3.510000 -16.102801
3.520000 -16.102772
3.530000 -16.102727
3.540000 -16.102719
3.550000 -16.102743
3.560000 -16.102780
3.570000 -16.102855
3.580000 -16.102914
3.590000 -16.102977
3.600000 -16.102997
3.610000 -16.103013
3.620000 -16.103009
3.630000 -16.102980
3.640000 -16.102997
3.650000 -16.103032
3.660000 -16.103069
3.670000 -16.103119
3.680000 -16.103177
3.690000 -16.103208
3.700000 -16.103237
3.710000 -16.103189
3.720000 -16.103201
3.730000 -16.103192
3.740000 -16.103215
3.750000 -16.103241
3.760000 -16.103292
3.770000 -16.103380
3.780000 -16.103466
3.790000 -16.103525
3.800000 -16.103543
3.810000 -16.103544
3.820000 -16.103492
3.830000 -16.103452
3.840000 -16.103421
3.850000 -16.103401
3.860000 -16.103461
3.870000 -16.103531
3.880000 -16.103657
3.890000 -16.103788
3.900000 -16.103865
3.910000 -16.103914
3.920000 -16.103893
3.930000 -16.103841
3.940000 -16.103751
3.950000 -16.103674
3.960000 -16.103648
3.970000 -16.103678
3.980000 -16.103762
3.990000 -16.103897
4.000000 -16.104061
4.010000 -16.104199
4.020000 -16.104258
4.030000 -16.104273
4.040000 -16.104207
4.050000 -16.104094
4.060000 -16.103991
4.070000 -16.103918
4.080000 -16.103917
4.090000 -16.103989
4.100000 -16.104127
4.110000 -16.104299
4.120000 -16.104476
4.130000 -16.104600
4.140000 -16.104637
4.150000 -16.104601
4.160000 -16.104484
4.170000 -16.104356
4.180000 -16.104243
4.190000 -16.104196
4.200000 -16.104234
4.210000 -16.104341
4.220000 -16.104525
4.230000 -16.104711
4.240000 -16.104876
4.250000 -16.104969
4.260000 -16.104956
4.270000 -16.104887
4.280000 -16.104741
4.290000 -16.104605
4.300000 -16.104524
4.310000 -16.104514
4.320000 -16.104591
4.330000 -16.104732
4.340000 -16.104943
4.350000 -16.105123
4.360000 -16.105259
4.370000 -16.105274
4.380000 -16.105261
4.390000 -16.105147
4.400000 -16.105017
4.410000 -16.104899
4.420000 -16.104850
4.430000 -16.104874
4.440000 -16.104988
4.450000 -16.105157
4.460000 -16.105340
4.470000 -16.105496
4.480000 -16.105577
4.490000 -16.105576
4.500000 -16.105507
4.510000 -16.105405
4.520000 -16.105291
4.530000 -16.105200
4.540000 -16.105207
4.550000 -16.105265
4.560000 -16.105397
4.570000 -16.105566
4.580000 -16.105717
4.590000 -16.105839
4.600000 -16.105871
4.610000 -16.105846
4.620000 -16.105776
4.630000 -16.105668
4.640000 -16.105609
4.650000 -16.105574
4.660000 -16.105604
4.670000 -16.105687
4.680000 -16.105813
4.690000 -16.105947
4.700000 -16.106063
4.710000 -16.106132
4.720000 -16.106139
4.730000 -16.106113
4.740000 -16.106051
4.750000 -16.105999
4.760000 -16.105970
4.770000 -16.105990
4.780000 -16.106035
4.790000 -16.106128
4.800000 -16.106220
4.810000 -16.106322
4.820000 -16.106371
4.830000 -16.106411
4.840000 -16.106406
4.850000 -16.106403
4.860000 -16.106369
4.870000 -16.106362
4.880000 -16.106385
4.890000 -16.106422
4.900000 -16.106485
4.910000 -16.106545
4.920000 -16.106622
4.930000 -16.106654
4.940000 -16.106693
4.950000 -16.106699
4.960000 -16.106684
4.970000 -16.106718
4.980000 -16.106745
4.990000 -16.106788
5.000000 -16.106850
