0.00 -33076060.0690566
0.01 -33076060.1348119
0.02 -33076060.4255621
0.03 -33076060.8431997
0.04 -33076061.3073369
0.05 -33076061.7075957
0.06 -33076061.8035403
0.07 -33076061.7703157
0.08 -33076061.5609126
0.09 -33076061.4482597
0.10 -33076061.4526103
0.11 -33076061.6301922
0.12 -33076061.8568495
0.13 -33076062.1166896
0.14 -33076062.2848766
0.15 -33076062.3262907
0.16 -33076062.1767767
0.17 -33076061.789676
0.18 -33076061.2100779
0.19 -33076060.5573988
0.20 -33076060.0592777
0.21 -33076059.8986978
0.22 -33076060.2391257
0.23 -33076060.967108
0.24 -33076061.8638362
0.25 -33076062.6145547
0.26 -33076063.0562448
0.27 -33076062.897659
0.28 -33076062.0524645
0.29 -33076060.798721
0.30 -33076059.3792071
0.31 -33076058.1190479
0.32 -33076057.4590284
0.33 -33076057.6013797
0.34 -33076058.6091081
0.35 -33076060.1889557
0.36 -33076061.8706121
0.37 -33076063.1130417
0.38 -33076063.4772326
0.39 -33076062.6542898
0.40 -33076060.6962049
0.41 -33076057.921889
0.42 -33076054.9659874
0.43 -33076052.6239428
0.44 -33076051.6256406
0.45 -33076052.4352742
0.46 -33076054.8423785
0.47 -33076058.2113482
0.48 -33076061.5110352
0.49 -33076063.7297223
0.50 -33076063.5963375
0.51 -33076060.3830242
0.52 -33076054.1083443
0.53 -33076045.4038716
0.54 -33076035.7064998
0.55 -33076026.9350877
0.56 -33076021.4999539
0.57 -33076020.838862
0.58 -33076025.9651711
0.59 -33076036.6312586
0.60 -33076051.9809543
0.61 -33076070.219313
0.62 -33076088.6293246
0.63 -33076104.4687251
0.64 -33076115.6074915
0.65 -33076120.8114869
0.66 -33076119.5774516
0.67 -33076112.670476
0.68 -33076101.8692832
0.69 -33076089.6960444
0.70 -33076078.4358915
0.71 -33076069.8966822
0.72 -33076065.0931585
0.73 -33076064.2841461
0.74 -33076066.7942596
0.75 -33076071.2714983
0.76 -33076076.1030988
0.77 -33076079.8436957
0.78 -33076081.506856
0.79 -33076080.7149588
0.80 -33076077.8210578
0.81 -33076073.7971805
0.82 -33076069.5849309
0.83 -33076066.3704187
0.84 -33076064.7123951
0.85 -33076065.0238918
0.86 -33076066.9325575
0.87 -33076069.7698971
0.88 -33076072.6555814
0.89 -33076074.7255125
0.90 -33076075.4222002
0.91 -33076074.6383157
0.92 -33076072.6368523
0.93 -33076069.9947922
0.94 -33076067.4305206
0.95 -33076065.5811379
0.96 -33076064.9576983
0.97 -33076065.6377792
0.98 -33076067.3783633
0.99 -33076069.4656698
1.00 -33076071.5318545
1.01 -33076072.7367555
1.02 -33076072.8758009
1.03 -33076072.0250889
1.04 -33076070.3965523
1.05 -33076068.4129554
1.06 -33076066.6011953
1.07 -33076065.5673613
1.08 -33076065.421653
1.09 -33076066.2605271
1.10 -33076067.7711754
1.11 -33076069.5078849
1.12 -33076070.9511295
1.13 -33076071.6576563
1.14 -33076071.4669493
1.15 -33076070.5459552
1.16 -33076069.132754
1.17 -33076067.5657508
1.18 -33076066.3086339
1.19 -33076065.7347042
1.20 -33076066.0149207
1.21 -33076066.8121365
1.22 -33076068.1716608
1.23 -33076069.6287497
1.24 -33076070.6652053
1.25 -33076071.1164746
1.26 -33076070.5555878
1.27 -33076069.5481165
1.28 -33076068.3456954
1.29 -33076067.1812627
1.30 -33076066.315869
1.31 -33076066.0750675
1.32 -33076066.5337265
1.33 -33076067.5772675
1.34 -33076068.7874439
1.35 -33076069.7986068
1.36 -33076070.3996619
1.37 -33076070.4582495
1.38 -33076069.9687929
1.39 -33076069.0301075
1.40 -33076068.0318722
1.41 -33076067.0709034
1.42 -33076066.5613423
1.43 -33076066.6227443
1.44 -33076067.1405917
1.45 -33076068.1677655
1.46 -33076069.1536458
1.47 -33076069.9196399
1.48 -33076070.2450586
1.49 -33076070.084843
1.50 -33076069.5072035
1.51 -33076068.7106994
1.52 -33076067.9035073
1.53 -33076067.2404422
1.54 -33076066.9251637
1.55 -33076067.1370771
1.56 -33076067.8528387
1.57 -33076068.7263239
1.58 -33076069.529768
1.59 -33076070.0074367
1.60 -33076070.1129019
1.61 -33076069.8082211
1.62 -33076069.239188
1.63 -33076068.6243712
1.64 -33076067.9472413
1.65 -33076067.5289133
1.66 -33076067.4148044
1.67 -33076067.8091815
1.68 -33076068.5425414
1.69 -33076069.2855895
1.70 -33076069.8751523
1.71 -33076070.0301939
1.72 -33076069.9454542
1.73 -33076069.6356275
1.74 -33076069.199007
1.75 -33076068.702167
1.76 -33076068.2188798
1.77 -33076067.9390119
1.78 -33076068.0330487
1.79 -33076068.5389593
1.80 -33076069.2767618
1.81 -33076069.9006054
1.82 -33076070.1092142
1.83 -33076069.8436761
1.84 -33076069.4805136
1.85 -33076069.2762357
1.86 -33076069.3017471
1.87 -33076069.5504598
1.88 -33076069.3806709
1.89 -33076068.9067976
1.90 -33076068.4670542
1.91 -33076068.3542313
1.92 -33076068.8327795
1.93 -33076069.7632498
1.94 -33076070.6293055
1.95 -33076071.0097304
1.96 -33076070.6625289
1.97 -33076069.9596858
1.98 -33076069.2908221
1.99 -33076068.9300481
2.00 -33076068.9660743
2.01 -33076069.1024371
2.02 -33076069.3714894
2.03 -33076069.7079005
2.04 -33076070.0812625
2.05 -33076070.5189274
2.06 -33076070.7622028
2.07 -33076070.7436214
2.08 -33076070.4519955
2.09 -33076070.016041
2.10 -33076069.6729509
2.11 -33076069.5219742
2.12 -33076069.6138029
2.13 -33076069.8236734
2.14 -33076070.1507046
2.15 -33076070.408929
2.16 -33076070.7584957
2.17 -33076070.9047873
2.18 -33076070.9847353
2.19 -33076070.844521
2.20 -33076070.5974068
2.21 -33076070.3067313
2.22 -33076070.1295252
2.23 -33076070.1735953
2.24 -33076070.3472261
2.25 -33076070.6032239
2.26 -33076070.8687293
2.27 -33076071.0953016
2.28 -33076071.271467
2.29 -33076071.3152858
2.30 -33076071.2618598
2.31 -33076071.1375251
2.32 -33076070.908127
2.33 -33076070.7839453
2.34 -33076070.7678395
2.35 -33076070.8907719
2.36 -33076071.145252
2.37 -33076071.4096271
2.38 -33076071.6048433
2.39 -33076071.7072799
2.40 -33076071.7439072
2.41 -33076071.7158799
2.42 -33076071.6088699
2.43 -33076071.46849
2.44 -33076071.344249
2.45 -33076071.3816319
2.46 -33076071.4769788
2.47 -33076071.7427226
2.48 -33076072.0106165
2.49 -33076072.2067803
2.50 -33076072.292756
2.51 -33076072.3034225
2.52 -33076072.2146677
2.53 -33076072.1168955
2.54 -33076072.0440828
2.55 -33076071.9311874
2.56 -33076071.9342604
2.57 -33076072.0412174
2.58 -33076072.3405288
2.59 -33076072.6394293
2.60 -33076072.8499045
2.61 -33076072.9808835
2.62 -33076072.9696025
2.63 -33076072.876013
2.64 -33076072.7588653
2.65 -33076072.6059601
2.66 -33076072.4945104
2.67 -33076072.5372284
2.68 -33076072.5742251
2.69 -33076072.9350007
2.70 -33076073.2708333
2.71 -33076073.5290217
2.72 -33076073.6893284
2.73 -33076073.7126505
2.74 -33076073.6388657
2.75 -33076073.4335038
2.76 -33076073.2720968
2.77 -33076073.1345511
2.78 -33076073.0878109
2.79 -33076073.1956098
2.80 -33076073.4666251
2.81 -33076073.7912764
2.82 -33076074.1415854
2.83 -33076074.4427891
2.84 -33076074.5109835
2.85 -33076074.4375232
2.86 -33076074.2525143
2.87 -33076074.0242458
2.88 -33076073.8431341
2.89 -33076073.7211539
2.90 -33076073.7540533
2.91 -33076073.9393532
2.92 -33076074.34121
2.93 -33076074.7559966
2.94 -33076075.0782096
2.95 -33076075.2988143
2.96 -33076075.301484
2.97 -33076075.145523
2.98 -33076074.8823362
2.99 -33076074.6168672
3.00 -33076074.4422847
3.01 -33076074.3951433
3.02 -33076074.4632318
3.03 -33076074.8421706
3.04 -33076075.250262
3.05 -33076075.6938825
3.06 -33076075.9884737
3.07 -33076076.120267
3.08 -33076076.0491747
3.09 -33076075.8212105
3.10 -33076075.4991664
3.11 -33076075.2620834
3.12 -33076075.0385983
3.13 -33076075.1138452
3.14 -33076075.4139862
3.15 -33076075.7844444
3.16 -33076076.1931778
3.17 -33076076.6600816
3.18 -33076076.8504182
3.19 -33076076.8888796
3.20 -33076076.7536133
3.21 -33076076.4362185
3.22 -33076076.1328038
3.23 -33076075.9036678
3.24 -33076075.8117396
3.25 -33076076.0002067
3.26 -33076076.3021722
3.27 -33076076.7090324
3.28 -33076077.1176106
3.29 -33076077.4813534
3.30 -33076077.6576677
3.31 -33076077.6692829
3.32 -33076077.321901
3.33 -33076077.0187746
3.34 -33076076.8017105
3.35 -33076076.7226304
3.36 -33076076.6593722
3.37 -33076076.7581904
3.38 -33076077.1386747
3.39 -33076077.6633158
3.40 -33076078.1114885
3.41 -33076078.3244474
3.42 -33076078.3707636
3.43 -33076078.2705745
3.44 -33076078.1063573
3.45 -33076077.788394
3.46 -33076077.4788485
3.47 -33076077.3933919
3.48 -33076077.4849223
3.49 -33076077.7391857
3.50 -33076078.1179523
3.51 -33076078.5774378
3.52 -33076078.9029611
3.53 -33076079.0844501
3.54 -33076079.1761193
3.55 -33076078.9640019
3.56 -33076078.7225863
3.57 -33076078.4309396
3.58 -33076078.2462686
3.59 -33076078.227808
3.60 -33076078.3810981
3.61 -33076078.6527813
3.62 -33076079.0386288
3.63 -33076079.419524
3.64 -33076079.7200844
3.65 -33076079.8224396
3.66 -33076079.7653302
3.67 -33076079.679863
3.68 -33076079.3633964
3.69 -33076079.1837369
3.70 -33076079.1020324
3.71 -33076079.1153742
3.72 -33076079.3648835
3.73 -33076079.6413729
3.74 -33076079.981817
3.75 -33076080.2893552
3.76 -33076080.4551968
3.77 -33076080.4936704
3.78 -33076080.4258994
3.79 -33076080.3047799
3.80 -33076080.0747191
3.81 -33076080.0096703
3.82 -33076079.9924439
3.83 -33076080.0799913
3.84 -33076080.3282822
3.85 -33076080.5980983
3.86 -33076080.8855431
3.87 -33076081.0805658
3.88 -33076081.2297662
3.89 -33076081.1808218
3.90 -33076081.0758764
3.91 -33076081.0134294
3.92 -33076080.9071532
3.93 -33076080.9141288
3.94 -33076080.9838819
3.95 -33076081.1439508
3.96 -33076081.3528306
3.97 -33076081.5354433
3.98 -33076081.7594055
3.99 -33076081.8697361
4.00 -33076081.9398964
4.01 -33076081.8994942
4.02 -33076081.8512877
4.03 -33076081.816921
4.04 -33076081.8584846
4.05 -33076081.9437978
4.06 -33076082.0251234
4.07 -33076082.1928944
4.08 -33076082.3675909
4.09 -33076082.5004758
4.10 -33076082.645186
4.11 -33076082.6793648
4.12 -33076082.6799884
4.13 -33076082.671549
4.14 -33076082.7229525
4.15 -33076082.7818463
4.16 -33076082.8811445
4.17 -33076083.0205631
4.18 -33076083.1555657
4.19 -33076083.2784051
4.20 -33076083.4066075
4.21 -33076083.5168918
4.22 -33076083.3883116
4.23 -33076083.4822401
4.24 -33076083.5243405
4.25 -33076083.5614215
4.26 -33076083.6519352
4.27 -33076083.8392603
4.28 -33076083.971779
4.29 -33076084.1681364
4.30 -33076084.3045207
4.31 -33076084.390623
4.32 -33076084.3957031
4.33 -33076084.3925726
4.34 -33076084.359184
4.35 -33076084.3675497
4.36 -33076084.4164742
4.37 -33076084.5294992
4.38 -33076084.7314689
4.39 -33076084.9457624
4.40 -33076085.1503214
4.41 -33076085.3672294
4.42 -33076085.4833044
4.43 -33076085.4729738
4.44 -33076085.4153297
4.45 -33076085.3304494
4.46 -33076085.2984405
4.47 -33076085.320974
4.48 -33076085.3978247
4.49 -33076085.5867074
4.50 -33076085.8676862
4.51 -33076086.1408284
4.52 -33076086.3657891
4.53 -33076086.5491583
4.54 -33076086.5747342
4.55 -33076086.5103876
4.56 -33076086.409624
4.57 -33076086.3063791
4.58 -33076086.2744854
4.59 -33076086.3161774
4.60 -33076086.4598245
4.61 -33076086.7317555
4.62 -33076087.0329665
4.63 -33076087.3711587
4.64 -33076087.5332851
4.65 -33076087.6786421
4.66 -33076087.6775193
4.67 -33076087.5779495
4.68 -33076087.4150062
4.69 -33076087.3169517
4.70 -33076087.3667792
4.71 -33076087.3850203
4.72 -33076087.5852684
4.73 -33076087.9329706
4.74 -33076088.2006397
4.75 -33076088.5084213
4.76 -33076088.6647506
4.77 -33076088.7746659
4.78 -33076088.7007994
4.79 -33076088.6002349
4.80 -33076088.4333741
4.81 -33076088.3354233
4.82 -33076088.3858704
4.83 -33076088.5316481
4.84 -33076088.789462
4.85 -33076089.1266949
4.86 -33076089.4349933
4.87 -33076089.6802193
4.88 -33076089.8309123
4.89 -33076089.8373134
4.90 -33076089.7141971
4.91 -33076089.6090186
4.92 -33076089.512329
4.93 -33076089.397087
4.94 -33076089.5277431
4.95 -33076089.7375621
4.96 -33076089.9891597
4.97 -33076090.3010512
4.98 -33076090.5496596
4.99 -33076090.7548849
5.00 -33076090.8416592
5.01 -33076090.8096249
5.02 -33076090.7231577
5.03 -33076090.6933428
5.04 -33076090.5948049
5.05 -33076090.612282
5.06 -33076090.7312966
5.07 -33076090.9197114
5.08 -33076091.1298286
5.09 -33076091.4296235
5.10 -33076091.6884146
5.11 -33076091.8194446
5.12 -33076091.8288437
5.13 -33076091.8085284
5.14 -33076091.7868737
5.15 -33076091.7580982
5.16 -33076091.7569044
5.17 -33076091.811235
5.18 -33076091.9929356
5.19 -33076092.1823666
5.20 -33076092.3751371
5.21 -33076092.5929594
5.22 -33076092.7797538
5.23 -33076092.8547187
5.24 -33076092.8245025
5.25 -33076092.8470689
5.26 -33076092.9035322
5.27 -33076092.9215534
5.28 -33076093.0132085
5.29 -33076093.1914942
5.30 -33076093.2881091
5.31 -33076093.4385519
5.32 -33076093.6037983
5.33 -33076093.7118807
5.34 -33076093.7935667
5.35 -33076093.8417216
5.36 -33076093.9064184
5.37 -33076093.9681338
5.38 -33076094.0732723
5.39 -33076094.2275401
5.40 -33076094.3845638
5.41 -33076094.4933019
5.42 -33076094.6354638
5.43 -33076094.7538042
5.44 -33076094.7963152
5.45 -33076094.866554
5.46 -33076094.8983088
5.47 -33076094.9306984
5.48 -33076095.0883555
5.49 -33076095.2067198
5.50 -33076095.4085144
5.51 -33076095.6169346
5.52 -33076095.706148
5.53 -33076095.9198399
5.54 -33076095.9594764
5.55 -33076095.9569849
5.56 -33076095.9638318
5.57 -33076096.1643177
5.58 -33076096.0409561
5.59 -33076096.1446321
5.60 -33076096.2973511
5.61 -33076096.4763887
5.62 -33076096.7837135
5.63 -33076096.9755275
5.64 -33076097.1542834
5.65 -33076097.2731023
5.66 -33076097.3138337
5.67 -33076097.2862955
5.68 -33076097.228955
5.69 -33076097.2424125
5.70 -33076097.3013754
5.71 -33076097.4059907
5.72 -33076097.5830127
5.73 -33076097.8549086
5.74 -33076098.0720718
5.75 -33076098.3771566
5.76 -33076098.5444038
5.77 -33076098.5999677
5.78 -33076098.5730557
5.79 -33076098.5107195
5.80 -33076098.4853239
5.81 -33076098.4376679
5.82 -33076098.6764347
5.83 -33076098.7222552
5.84 -33076098.9692848
5.85 -33076099.2773018
5.86 -33076099.5471702
5.87 -33076099.7413934
5.88 -33076099.8511547
5.89 -33076099.8905619
5.90 -33076099.8194731
5.91 -33076099.7984557
5.92 -33076099.7719677
5.93 -33076099.7990775
5.94 -33076099.8778153
5.95 -33076100.102586
5.96 -33076100.3662836
5.97 -33076100.6396294
5.98 -33076100.9375951
5.99 -33076101.0802921
6.00 -33076101.1387323
6.01 -33076101.1478355
6.02 -33076101.1207021
6.03 -33076101.0225898
6.04 -33076101.0625367
6.05 -33076101.16006
6.06 -33076101.3240073
6.07 -33076101.5003354
6.08 -33076101.7342251
6.09 -33076102.0221978
6.10 -33076102.1610529
6.11 -33076102.317986
6.12 -33076102.3781224
6.13 -33076102.3892739
6.14 -33076102.3977726
6.15 -33076102.4016801
6.16 -33076102.4656998
6.17 -33076102.5505189
6.18 -33076102.713311
6.19 -33076102.9377351
6.20 -33076103.1261649
6.21 -33076103.3476764
6.22 -33076103.477616
6.23 -33076103.5957598
6.24 -33076103.6298216
6.25 -33076103.6556844
6.26 -33076103.7022238
6.27 -33076103.7972739
6.28 -33076103.887479
6.29 -33076104.0837185
6.30 -33076104.2016537
6.31 -33076104.3750014
6.32 -33076104.5296871
6.33 -33076104.6568466
6.34 -33076104.7846656
6.35 -33076104.8151536
6.36 -33076104.9073205
6.37 -33076105.013611
6.38 -33076105.1518349
6.39 -33076105.2010676
6.40 -33076105.413258
6.41 -33076105.5327203
6.42 -33076105.7318562
6.43 -33076105.8074479
6.44 -33076105.887432
6.45 -33076105.9798103
6.46 -33076106.0501735
6.47 -33076106.1527882
6.48 -33076106.2819043
6.49 -33076106.4489972
6.50 -33076106.6220616
6.51 -33076106.8225309
6.52 -33076107.0114437
6.53 -33076107.1575938
6.54 -33076107.2591107
6.55 -33076107.260689
6.56 -33076107.2853429
6.57 -33076107.3219115
6.58 -33076107.4147592
6.59 -33076107.5724305
6.60 -33076107.6799202
6.61 -33076107.9333852
6.62 -33076108.1697285
6.63 -33076108.3965269
6.64 -33076108.6089874
6.65 -33076108.7465186
6.66 -33076108.7039033
6.67 -33076108.6839788
6.68 -33076108.7110745
6.69 -33076108.7312534
6.70 -33076108.8562877
6.71 -33076108.9900239
6.72 -33076109.2229082
6.73 -33076109.5130103
6.74 -33076109.7483668
6.75 -33076109.9715367
6.76 -33076110.1131922
6.77 -33076110.1268812
6.78 -33076110.1761674
6.79 -33076110.1490746
6.80 -33076110.1526228
6.81 -33076110.2070646
6.82 -33076110.3304568
6.83 -33076110.5350815
6.84 -33076110.756951
6.85 -33076111.0197264
6.86 -33076111.2430645
6.87 -33076111.4389887
6.88 -33076111.5626894
6.89 -33076111.6354012
6.90 -33076111.608832
6.91 -33076111.6252587
6.92 -33076111.6292206
6.93 -33076111.7158737
6.94 -33076111.9373005
6.95 -33076112.0974269
6.96 -33076112.2958837
6.97 -33076112.5298647
6.98 -33076112.732655
6.99 -33076112.8957275
7.00 -33076112.9808955
7.01 -33076113.0274802
7.02 -33076113.0788054
7.03 -33076113.0930093
7.04 -33076113.1879209
7.05 -33076113.2879815
7.06 -33076113.4753712
7.07 -33076113.7067872
7.08 -33076113.8658636
7.09 -33076114.0795567
7.10 -33076114.2214736
7.11 -33076114.3476516
7.12 -33076114.4089475
7.13 -33076114.5073978
7.14 -33076114.5686721
7.15 -33076114.6399562
7.16 -33076114.7774036
7.17 -33076114.9374612
7.18 -33076115.1000732
7.19 -33076115.2740156
7.20 -33076115.4183475
7.21 -33076115.5277055
7.22 -33076115.6631375
7.23 -33076115.7623593
7.24 -33076115.8752235
7.25 -33076115.9826894
7.26 -33076116.1190495
7.27 -33076116.2807176
7.28 -33076116.4782002
7.29 -33076116.6212714
7.30 -33076116.7724752
7.31 -33076116.8644511
7.32 -33076116.9533999
7.33 -33076117.0781179
7.34 -33076117.1612442
7.35 -33076117.268328
7.36 -33076117.3620947
7.37 -33076117.5789429
7.38 -33076117.7707681
7.39 -33076117.9868912
7.40 -33076118.1713436
7.41 -33076118.3201865
7.42 -33076118.4431389
7.43 -33076118.4698692
7.44 -33076118.5212447
7.45 -33076118.5695265
7.46 -33076118.7453954
7.47 -33076118.8374585
7.48 -33076118.9965359
7.49 -33076119.2282344
7.50 -33076119.4649608
7.51 -33076119.6706811
7.52 -33076119.9049758
7.53 -33076119.9839205
7.54 -33076120.066261
7.55 -33076120.1164866
7.56 -33076120.1087584
7.57 -33076120.1644087
7.58 -33076120.2399303
7.59 -33076120.4548238
7.60 -33076120.6648295
7.61 -33076120.9262478
7.62 -33076121.1521498
7.63 -33076121.3803874
7.64 -33076121.5234992
7.65 -33076121.5755015
7.66 -33076121.6513424
7.67 -33076121.7019769
7.68 -33076121.7030259
7.69 -33076121.7776574
7.70 -33076121.9441756
7.71 -33076122.1083138
7.72 -33076122.3416084
7.73 -33076122.610161
7.74 -33076122.7810249
7.75 -33076122.9736153
7.76 -33076123.1031744
7.77 -33076123.2324918
7.78 -33076123.2255857
7.79 -33076123.2469639
7.80 -33076123.3779809
7.81 -33076123.4487625
7.82 -33076123.6558605
7.83 -33076123.8071856
7.84 -33076123.9711095
7.85 -33076124.1904659
7.86 -33076124.4300494
7.87 -33076124.5437454
7.88 -33076124.6327989
7.89 -33076124.7755016
7.90 -33076124.8280011
7.91 -33076124.9637511
7.92 -33076125.0585374
7.93 -33076125.251255
7.94 -33076125.4276678
7.95 -33076125.5565513
7.96 -33076125.7623334
7.97 -33076125.85816
7.98 -33076126.0046553
7.99 -33076126.1527271
8.00 -33076126.2451625
8.01 -33076126.3695072
8.02 -33076126.5106905
8.03 -33076126.682237
8.04 -33076126.8608315
8.05 -33076127.0451594
8.06 -33076127.2002812
8.07 -33076127.3330208
8.08 -33076127.448794
8.09 -33076127.5853691
8.10 -33076127.6365963
8.11 -33076127.7800618
8.12 -33076127.9457494
8.13 -33076128.0728828
8.14 -33076128.2750304
8.15 -33076128.4817708
8.16 -33076128.7004179
8.17 -33076128.8537584
8.18 -33076129.0055071
8.19 -33076129.075424
8.20 -33076129.1490654
8.21 -33076129.240921
8.22 -33076129.3072722
8.23 -33076129.4212981
8.24 -33076129.5453161
8.25 -33076129.8451877
8.26 -33076130.0302644
8.27 -33076130.296354
8.28 -33076130.5261467
8.29 -33076130.6405855
8.30 -33076130.8218093
8.31 -33076130.8298294
8.32 -33076130.8925804
8.33 -33076130.9859555
8.34 -33076131.0267458
8.35 -33076131.1520281
8.36 -33076131.3699253
8.37 -33076131.5754843
8.38 -33076131.8439464
8.39 -33076132.0261019
8.40 -33076132.2363545
8.41 -33076132.3667761
8.42 -33076132.4711894
8.43 -33076132.5485062
8.44 -33076132.5753344
8.45 -33076132.6768449
8.46 -33076132.8557961
8.47 -33076132.9423138
8.48 -33076133.1798761
8.49 -33076133.3852163
8.50 -33076133.5723557
8.51 -33076133.778722
8.52 -33076134.0217653
8.53 -33076134.0949588
8.54 -33076134.1775495
8.55 -33076134.2703984
8.56 -33076134.3634331
8.57 -33076134.5029881
8.58 -33076134.5883404
8.59 -33076134.8127833
8.60 -33076135.0019614
8.61 -33076135.1821273
8.62 -33076135.369798
8.63 -33076135.5406926
8.64 -33076135.6045311
8.65 -33076135.7474591
8.66 -33076135.9042511
8.67 -33076136.0193308
8.68 -33076136.1921775
8.69 -33076136.2711263
8.70 -33076136.5264865
8.71 -33076136.6917399
8.72 -33076136.8362983
8.73 -33076136.9548892
8.74 -33076137.0916702
8.75 -33076137.2498628
8.76 -33076137.3704831
8.77 -33076137.4957125
8.78 -33076137.6930505
8.79 -33076137.8993592
8.80 -33076138.0644776
8.81 -33076138.2213582
8.82 -33076138.4691714
8.83 -33076138.6197496
8.84 -33076138.6961486
8.85 -33076138.7772661
8.86 -33076138.8317832
8.87 -33076139.0245849
8.88 -33076139.090887
8.89 -33076139.2950813
8.90 -33076139.5122832
8.91 -33076139.7386324
8.92 -33076139.9349834
8.93 -33076140.1723979
8.94 -33076140.3210595
8.95 -33076140.473709
8.96 -33076140.5382283
8.97 -33076140.6269085
8.98 -33076140.7128775
8.99 -33076140.8360469
9.00 -33076140.9279115
9.01 -33076141.1555203
9.02 -33076141.361734
9.03 -33076141.6210482
9.04 -33076141.8109667
9.05 -33076142.0318518
9.06 -33076142.1481449
9.07 -33076142.3045591
9.08 -33076142.3648153
9.09 -33076142.4134868
9.10 -33076142.5363386
9.11 -33076142.657534
9.12 -33076142.8281472
9.13 -33076143.0278205
9.14 -33076143.2208564
9.15 -33076143.4648474
9.16 -33076143.6145839
9.17 -33076143.8177486
9.18 -33076144.0030381
9.19 -33076144.0966982
9.20 -33076144.1736331
9.21 -33076144.3179531
9.22 -33076144.4318928
9.23 -33076144.5620529
9.24 -33076144.7793929
9.25 -33076144.9868488
9.26 -33076145.1645968
9.27 -33076145.3576838
9.28 -33076145.4871224
9.29 -33076145.6446723
9.30 -33076145.7431446
9.31 -33076145.8730619
9.32 -33076146.0335004
9.33 -33076146.1636386
9.34 -33076146.3758366
9.35 -33076146.5331306
9.36 -33076146.7200048
9.37 -33076146.8957998
9.38 -33076147.0455172
9.39 -33076147.1771858
9.40 -33076147.3080972
9.41 -33076147.457241
9.42 -33076147.6480177
9.43 -33076147.7706607
9.44 -33076147.9850232
9.45 -33076148.2269975
9.46 -33076148.3736866
9.47 -33076148.5523753
9.48 -33076148.6998635
9.49 -33076148.7693839
9.50 -33076148.9584852
9.51 -33076149.1876115
9.52 -33076149.1710346
9.53 -33076149.2963696
9.54 -33076149.4488907
9.55 -33076149.6850373
9.56 -33076149.8453116
9.57 -33076150.1139965
9.58 -33076150.3527698
9.59 -33076150.5237951
9.60 -33076150.6384141
9.61 -33076150.7475782
9.62 -33076150.8190214
9.63 -33076150.9434694
9.64 -33076150.9721707
9.65 -33076151.2117597
9.66 -33076151.3602128
9.67 -33076151.6262623
9.68 -33076151.8844023
9.69 -33076152.0808703
9.70 -33076152.2841187
9.71 -33076152.4576693
9.72 -33076152.5946841
9.73 -33076152.6518495
9.74 -33076152.7397482
9.75 -33076152.8238879
9.76 -33076152.9995934
9.77 -33076153.1676125
9.78 -33076153.3956076
9.79 -33076153.5982589
9.80 -33076153.8412526
9.81 -33076153.9623199
9.82 -33076154.1665358
9.83 -33076154.2971244
9.84 -33076154.4526849
9.85 -33076154.5974852
9.86 -33076154.72474
9.87 -33076154.8733193
9.88 -33076154.9994241
9.89 -33076155.2224721
9.90 -33076155.4237102
9.91 -33076155.5699237
9.92 -33076155.7389348
9.93 -33076155.9345799
9.94 -33076156.075247
9.95 -33076156.1904993
9.96 -33076156.3407903
9.97 -33076156.5444886
9.98 -33076156.6725141
9.99 -33076156.8779512
10.00 -33076157.0949428
