0.010000 -19.276873
0.020000 -19.276926
0.030000 -19.276990
0.040000 -19.277147
0.050000 -19.277311
0.060000 -19.277540
0.070000 -19.277822
0.080000 -19.278138
0.090000 -19.278512
0.100000 -19.278965
0.110000 -19.279428
0.120000 -19.279933
0.130000 -19.280498
0.140000 -19.281110
0.160000 -19.282375
0.170000 -19.283089
0.180000 -19.283832
0.190000 -19.284618
0.200000 -19.285405
0.210000 -19.286212
0.220000 -19.287019
0.230000 -19.287823
0.240000 -19.288546
0.250000 -19.289210
0.260000 -19.289798
0.270000 -19.290290
0.280000 -19.290632
0.300000 -19.290881
0.310000 -19.290760
0.320000 -19.290421
0.330000 -19.289921
0.340000 -19.289206
0.350000 -19.288324
0.360000 -19.287184
0.370000 -19.285900
0.380000 -19.284505
0.390000 -19.282981
0.400000 -19.281426
0.410000 -19.279873
0.420000 -19.278404
0.440000 -19.275901
0.450000 -19.274949
0.460000 -19.274302
0.470000 -19.273960
0.480000 -19.273953
0.490000 -19.274308
0.500000 -19.275016
0.510000 -19.276043
0.530000 -19.278870
0.550000 -19.282303
0.560000 -19.284039
0.570000 -19.285699
0.580000 -19.287153
0.590000 -19.288330
0.600000 -19.289149
0.610000 -19.289559
0.620000 -19.289470
0.630000 -19.288858
0.640000 -19.287745
0.650000 -19.286200
0.660000 -19.284332
0.670000 -19.282289
0.680000 -19.280273
0.690000 -19.278395
0.700000 -19.276865
0.720000 -19.275162
0.730000 -19.275127
0.740000 -19.275679
0.750000 -19.276772
0.760000 -19.278330
0.770000 -19.280206
0.780000 -19.282196
0.800000 -19.285927
0.810000 -19.287309
0.830000 -19.288508
0.840000 -19.288200
0.850000 -19.287299
0.860000 -19.285916
0.870000 -19.284157
0.880000 -19.282203
0.890000 -19.280250
0.900000 -19.278503
0.920000 -19.276330
0.930000 -19.276238
0.940000 -19.276783
0.950000 -19.277983
0.960000 -19.279687
0.970000 -19.281645
0.980000 -19.283694
0.990000 -19.285517
1.000000 -19.286936
1.010000 -19.287757
1.020000 -19.287858
1.030000 -19.287261
1.040000 -19.285995
1.050000 -19.284327
1.060000 -19.282441
1.070000 -19.280607
1.080000 -19.279051
1.090000 -19.277906
1.100000 -19.277295
1.110000 -19.277338
1.120000 -19.278051
1.130000 -19.279357
1.140000 -19.281063
1.150000 -19.282962
1.160000 -19.284745
1.170000 -19.286216
1.180000 -19.287181
1.190000 -19.287428
1.200000 -19.286942
1.220000 -19.284071
1.230000 -19.282158
1.240000 -19.280362
1.250000 -19.278903
1.260000 -19.278049
1.270000 -19.277823
1.280000 -19.278261
1.290000 -19.279308
1.300000 -19.280834
1.310000 -19.282578
1.320000 -19.284317
1.330000 -19.285790
1.340000 -19.286732
1.350000 -19.287051
1.360000 -19.286657
1.370000 -19.285583
1.380000 -19.284036
1.390000 -19.282233
1.400000 -19.280543
1.420000 -19.278378
1.430000 -19.278323
1.440000 -19.279011
1.450000 -19.280291
1.460000 -19.281890
1.470000 -19.283581
1.480000 -19.285079
1.490000 -19.286156
1.500000 -19.286610
1.510000 -19.286374
1.520000 -19.285509
1.540000 -19.282602
1.550000 -19.281092
1.560000 -19.279861
1.570000 -19.279118
1.580000 -19.279002
1.590000 -19.279550
1.600000 -19.280711
1.610000 -19.282254
1.620000 -19.283877
1.630000 -19.285276
1.650000 -19.286520
1.660000 -19.286158
1.670000 -19.285156
1.680000 -19.283763
1.690000 -19.282269
1.700000 -19.280943
1.710000 -19.280003
1.720000 -19.279586
1.730000 -19.279777
1.740000 -19.280523
1.750000 -19.281687
1.760000 -19.283116
1.770000 -19.284517
1.780000 -19.285641
1.790000 -19.286289
1.800000 -19.286270
1.810000 -19.285611
1.830000 -19.283070
1.840000 -19.281701
1.850000 -19.280654
1.860000 -19.280084
1.870000 -19.280104
1.880000 -19.280722
1.890000 -19.281771
1.900000 -19.283057
1.910000 -19.284315
1.920000 -19.285371
1.930000 -19.285985
1.940000 -19.286103
1.950000 -19.285622
1.960000 -19.284633
1.980000 -19.282098
1.990000 -19.281063
2.000000 -19.280440
2.010000 -19.280375
2.020000 -19.280890
2.030000 -19.281892
2.040000 -19.283179
2.050000 -19.284424
2.060000 -19.285439
2.070000 -19.285964
2.080000 -19.285996
2.090000 -19.285471
2.100000 -19.284565
2.110000 -19.283384
2.120000 -19.282288
2.130000 -19.281389
2.150000 -19.280912
2.160000 -19.281442
2.170000 -19.282379
2.180000 -19.283570
2.190000 -19.284742
2.200000 -19.285656
2.210000 -19.286106
2.220000 -19.285988
2.230000 -19.285328
2.240000 -19.284364
2.250000 -19.283232
2.260000 -19.282232
2.270000 -19.281558
2.280000 -19.281277
2.300000 -19.282160
2.310000 -19.283130
2.320000 -19.284195
2.330000 -19.285181
2.340000 -19.285870
2.350000 -19.286137
2.360000 -19.285840
2.370000 -19.285094
2.380000 -19.284067
2.390000 -19.282996
2.400000 -19.282119
2.410000 -19.281615
2.420000 -19.281621
2.430000 -19.282056
2.440000 -19.282900
2.450000 -19.283931
2.460000 -19.284919
2.470000 -19.285682
2.480000 -19.286055
2.490000 -19.285972
2.500000 -19.285476
2.510000 -19.284657
2.530000 -19.282732
2.540000 -19.282111
2.550000 -19.281893
2.560000 -19.282137
2.570000 -19.282812
2.580000 -19.283769
2.600000 -19.285663
2.610000 -19.286163
2.620000 -19.286234
2.630000 -19.285825
2.640000 -19.285073
2.650000 -19.284177
2.660000 -19.283303
2.670000 -19.282661
2.680000 -19.282316
2.690000 -19.282402
2.700000 -19.282896
2.720000 -19.284688
2.730000 -19.285551
2.750000 -19.286381
2.760000 -19.286125
2.770000 -19.285461
2.780000 -19.284579
2.790000 -19.283689
2.800000 -19.283030
2.810000 -19.282656
2.820000 -19.282695
2.830000 -19.283100
2.840000 -19.283805
2.850000 -19.284676
2.860000 -19.285527
2.870000 -19.286137
2.880000 -19.286417
2.890000 -19.286283
2.900000 -19.285743
2.910000 -19.284982
2.920000 -19.284121
2.930000 -19.283423
2.940000 -19.283023
2.950000 -19.283000
2.960000 -19.283398
2.970000 -19.284099
2.980000 -19.284938
2.990000 -19.285734
3.000000 -19.286315
3.010000 -19.286598
3.020000 -19.286514
3.030000 -19.286047
3.040000 -19.285359
3.050000 -19.284579
3.060000 -19.283940
3.070000 -19.283499
3.080000 -19.283407
3.090000 -19.283737
3.100000 -19.284358
3.110000 -19.285176
3.120000 -19.285969
3.130000 -19.286557
3.140000 -19.286815
3.150000 -19.286732
3.160000 -19.286306
3.170000 -19.285651
3.180000 -19.284930
3.190000 -19.284328
3.200000 -19.283950
3.210000 -19.283900
3.220000 -19.284110
3.230000 -19.284663
3.240000 -19.285358
3.250000 -19.286056
3.260000 -19.286635
3.270000 -19.286927
3.280000 -19.286819
3.290000 -19.286408
3.300000 -19.285795
3.310000 -19.285134
3.320000 -19.284595
3.330000 -19.284297
3.340000 -19.284314
3.350000 -19.284637
3.360000 -19.285173
3.370000 -19.285837
3.380000 -19.286453
3.390000 -19.286926
3.400000 -19.287116
3.410000 -19.287002
3.420000 -19.286594
3.430000 -19.285984
3.440000 -19.285361
3.450000 -19.284857
3.460000 -19.284576
3.470000 -19.284622
3.480000 -19.284976
3.490000 -19.285542
3.500000 -19.286241
3.510000 -19.286855
3.520000 -19.287256
3.530000 -19.287371
3.540000 -19.287177
3.550000 -19.286733
3.560000 -19.286131
3.570000 -19.285557
3.590000 -19.284878
3.600000 -19.284940
3.610000 -19.285336
3.620000 -19.285908
3.630000 -19.286622
3.640000 -19.287220
3.650000 -19.287632
3.660000 -19.287717
3.670000 -19.287453
3.680000 -19.286961
3.690000 -19.286360
3.700000 -19.285793
3.710000 -19.285383
3.720000 -19.285206
3.730000 -19.285315
3.740000 -19.285729
3.750000 -19.286292
3.760000 -19.286905
3.770000 -19.287479
3.780000 -19.287825
3.790000 -19.287884
3.800000 -19.287643
3.810000 -19.287155
3.820000 -19.286536
3.830000 -19.286005
3.840000 -19.285635
3.860000 -19.285681
3.870000 -19.286134
3.880000 -19.286737
3.890000 -19.287336
3.900000 -19.287860
3.910000 -19.288156
3.920000 -19.288166
3.930000 -19.287903
3.940000 -19.287456
3.950000 -19.286903
3.960000 -19.286374
3.970000 -19.286009
3.980000 -19.285933
3.990000 -19.286147
4.000000 -19.286561
4.010000 -19.287163
4.020000 -19.287765
4.030000 -19.288207
4.040000 -19.288437
4.050000 -19.288361
4.060000 -19.288076
4.080000 -19.287121
4.090000 -19.286656
4.100000 -19.286376
4.110000 -19.286337
4.120000 -19.286544
4.130000 -19.287010
4.140000 -19.287569
4.150000 -19.288114
4.160000 -19.288539
4.170000 -19.288699
4.180000 -19.288612
4.190000 -19.288278
4.200000 -19.287832
4.210000 -19.287376
4.220000 -19.287026
4.230000 -19.286885
4.240000 -19.286931
4.250000 -19.287180
4.260000 -19.287616
4.280000 -19.288548
4.290000 -19.288862
4.300000 -19.288949
4.320000 -19.288430
4.330000 -19.287996
4.340000 -19.287566
4.350000 -19.287252
4.360000 -19.287189
4.370000 -19.287349
4.380000 -19.287714
4.390000 -19.288150
4.400000 -19.288608
4.410000 -19.289010
4.420000 -19.289218
4.430000 -19.289216
4.440000 -19.288984
4.450000 -19.288611
4.460000 -19.288210
4.470000 -19.287840
4.480000 -19.287605
4.490000 -19.287580
4.500000 -19.287794
4.510000 -19.288174
4.520000 -19.288651
4.530000 -19.289135
4.540000 -19.289441
4.550000 -19.289572
4.560000 -19.289466
4.570000 -19.289166
4.580000 -19.288776
4.590000 -19.288393
4.600000 -19.288099
4.610000 -19.287976
4.620000 -19.288021
4.630000 -19.288287
4.640000 -19.288686
4.650000 -19.289181
4.660000 -19.289616
4.670000 -19.289907
4.680000 -19.289957
4.690000 -19.289807
4.700000 -19.289470
4.710000 -19.289078
4.720000 -19.288697
4.730000 -19.288456
4.750000 -19.288517
4.760000 -19.288831
4.770000 -19.289209
4.780000 -19.289644
4.790000 -19.289997
4.800000 -19.290203
4.820000 -19.289991
4.830000 -19.289655
4.840000 -19.289287
4.850000 -19.288999
4.860000 -19.288826
4.870000 -19.288859
4.880000 -19.289083
4.890000 -19.289470
4.900000 -19.289913
4.910000 -19.290302
4.920000 -19.290576
4.930000 -19.290666
4.940000 -19.290568
4.950000 -19.290312
4.960000 -19.289955
4.970000 -19.289597
4.980000 -19.289330
5.000000 -19.289329
5.010000 -19.289567
5.020000 -19.290009
5.030000 -19.290452
5.050000 -19.291060
5.060000 -19.291063
5.070000 -19.290886
5.080000 -19.290565
5.090000 -19.290206
5.100000 -19.289912
5.110000 -19.289712
5.120000 -19.289669
5.130000 -19.289823
5.140000 -19.290131
5.150000 -19.290539
5.160000 -19.290935
5.170000 -19.291287
5.180000 -19.291466
5.190000 -19.291413
5.200000 -19.291187
5.210000 -19.290858
5.220000 -19.290521
5.230000 -19.290239
5.240000 -19.290130
5.250000 -19.290175
5.260000 -19.290405
5.270000 -19.290723
5.280000 -19.291135
5.290000 -19.291493
5.310000 -19.291824
5.320000 -19.291724
5.330000 -19.291501
5.340000 -19.291151
5.350000 -19.290812
5.360000 -19.290604
5.370000 -19.290548
5.380000 -19.290650
5.390000 -19.290918
5.400000 -19.291298
5.410000 -19.291670
5.430000 -19.292155
5.440000 -19.292139
5.450000 -19.291951
5.460000 -19.291666
5.470000 -19.291368
5.480000 -19.291140
5.490000 -19.290976
5.500000 -19.290982
5.510000 -19.291180
5.520000 -19.291512
5.530000 -19.291890
5.540000 -19.292279
5.550000 -19.292545
5.560000 -19.292637
5.570000 -19.292562
5.580000 -19.292324
5.590000 -19.292027
5.600000 -19.291760
5.610000 -19.291568
5.620000 -19.291494
5.630000 -19.291603
5.640000 -19.291806
5.650000 -19.292159
5.660000 -19.292483
5.670000 -19.292828
5.680000 -19.293030
5.690000 -19.293074
5.710000 -19.292683
5.720000 -19.292386
5.730000 -19.292120
5.740000 -19.291966
5.750000 -19.291939
5.760000 -19.292121
5.770000 -19.292385
5.780000 -19.292734
5.790000 -19.293069
5.800000 -19.293340
5.820000 -19.293382
5.830000 -19.293208
5.840000 -19.292947
5.860000 -19.292465
5.870000 -19.292380
5.880000 -19.292431
5.890000 -19.292643
5.900000 -19.292973
5.910000 -19.293293
5.920000 -19.293595
5.930000 -19.293795
5.940000 -19.293806
5.950000 -19.293703
5.960000 -19.293500
5.970000 -19.293244
5.980000 -19.293039
5.990000 -19.292916
6.000000 -19.292921
6.010000 -19.293060
6.020000 -19.293309
6.030000 -19.293647
6.040000 -19.293975
6.050000 -19.294222
6.060000 -19.294340
6.070000 -19.294275
6.080000 -19.294119
6.090000 -19.293861
6.100000 -19.293603
6.110000 -19.293434
6.120000 -19.293372
6.130000 -19.293436
6.140000 -19.293625
6.150000 -19.293914
6.160000 -19.294217
6.170000 -19.294541
6.180000 -19.294732
6.190000 -19.294787
6.200000 -19.294692
6.220000 -19.294243
6.230000 -19.294024
6.240000 -19.293870
6.250000 -19.293889
6.260000 -19.294044
6.270000 -19.294301
6.280000 -19.294631
6.290000 -19.294945
6.300000 -19.295176
6.310000 -19.295314
6.320000 -19.295291
6.330000 -19.295151
6.340000 -19.294914
6.350000 -19.294688
6.360000 -19.294484
6.370000 -19.294397
6.380000 -19.294429
6.390000 -19.294595
6.400000 -19.294879
6.410000 -19.295203
6.420000 -19.295487
6.430000 -19.295701
6.440000 -19.295742
6.450000 -19.295650
6.460000 -19.295482
6.470000 -19.295256
6.480000 -19.295060
6.490000 -19.294945
6.500000 -19.294953
6.510000 -19.295064
6.520000 -19.295293
6.530000 -19.295569
6.540000 -19.295867
6.550000 -19.296095
6.560000 -19.296235
6.570000 -19.296175
6.580000 -19.296012
6.590000 -19.295761
6.600000 -19.295540
6.610000 -19.295357
6.620000 -19.295314
6.630000 -19.295370
6.640000 -19.295575
6.650000 -19.295871
6.660000 -19.296203
6.670000 -19.296498
6.680000 -19.296691
6.690000 -19.296792
6.700000 -19.296734
6.710000 -19.296541
6.720000 -19.296333
6.730000 -19.296065
6.740000 -19.295950
6.750000 -19.295862
6.760000 -19.296001
6.770000 -19.296227
6.780000 -19.296512
6.800000 -19.297066
6.810000 -19.297226
6.820000 -19.297276
6.840000 -19.297056
6.850000 -19.296851
6.860000 -19.296660
6.870000 -19.296557
6.880000 -19.296580
6.890000 -19.296687
6.900000 -19.296917
6.910000 -19.297170
6.920000 -19.297429
6.930000 -19.297625
6.940000 -19.297696
6.950000 -19.297668
6.960000 -19.297549
6.970000 -19.297395
6.980000 -19.297254
7.000000 -19.297170
7.020000 -19.297400
7.030000 -19.297617
7.040000 -19.297882
7.050000 -19.298059
7.070000 -19.298158
7.080000 -19.298059
7.090000 -19.297912
7.100000 -19.297731
7.110000 -19.297652
7.120000 -19.297636
7.130000 -19.297691
7.140000 -19.297850
7.150000 -19.298079
7.160000 -19.298327
7.170000 -19.298541
7.180000 -19.298691
7.190000 -19.298722
7.200000 -19.298665
7.210000 -19.298507
7.220000 -19.298350
7.230000 -19.298202
7.240000 -19.298124
7.250000 -19.298133
7.260000 -19.298270
7.270000 -19.298486
7.280000 -19.298725
7.290000 -19.298953
7.300000 -19.299129
7.310000 -19.299232
7.320000 -19.299220
7.330000 -19.299123
7.340000 -19.298948
7.350000 -19.298811
7.360000 -19.298750
7.370000 -19.298707
7.380000 -19.298794
7.390000 -19.298945
7.400000 -19.299203
7.410000 -19.299501
7.420000 -19.299721
7.430000 -19.299841
7.440000 -19.299847
7.450000 -19.299774
7.460000 -19.299635
7.470000 -19.299481
7.480000 -19.299336
7.490000 -19.299282
7.500000 -19.299324
7.510000 -19.299432
7.520000 -19.299641
7.530000 -19.299874
7.540000 -19.300123
7.550000 -19.300306
7.560000 -19.300375
7.570000 -19.300343
7.580000 -19.300218
7.590000 -19.300050
7.600000 -19.299889
7.610000 -19.299800
7.630000 -19.299869
7.640000 -19.300095
7.650000 -19.300336
7.660000 -19.300593
7.670000 -19.300791
7.680000 -19.300920
7.690000 -19.300958
7.700000 -19.300875
7.710000 -19.300704
7.720000 -19.300522
7.730000 -19.300398
7.740000 -19.300337
7.750000 -19.300358
7.760000 -19.300491
7.770000 -19.300717
7.780000 -19.300965
7.790000 -19.301230
7.800000 -19.301404
7.810000 -19.301503
7.820000 -19.301445
7.830000 -19.301365
7.840000 -19.301191
7.850000 -19.301082
7.860000 -19.300983
7.870000 -19.300989
7.880000 -19.301086
7.890000 -19.301257
7.900000 -19.301503
7.910000 -19.301752
7.920000 -19.301957
7.930000 -19.302081
7.940000 -19.302089
7.960000 -19.301805
7.970000 -19.301650
7.980000 -19.301527
7.990000 -19.301478
8.000000 -19.301521
8.010000 -19.301668
8.020000 -19.301904
8.030000 -19.302187
8.040000 -19.302450
8.050000 -19.302651
8.060000 -19.302726
8.070000 -19.302706
8.080000 -19.302551
8.090000 -19.302344
8.100000 -19.302169
8.110000 -19.302028
8.120000 -19.302016
8.130000 -19.302093
8.140000 -19.302280
8.150000 -19.302546
8.160000 -19.302835
8.170000 -19.303079
8.180000 -19.303252
8.190000 -19.303338
8.200000 -19.303310
8.210000 -19.303193
8.220000 -19.303043
8.230000 -19.302883
8.240000 -19.302806
8.250000 -19.302776
8.260000 -19.302897
8.280000 -19.303287
8.290000 -19.303526
8.300000 -19.303722
8.310000 -19.303842
8.320000 -19.303859
8.330000 -19.303745
8.340000 -19.303658
8.350000 -19.303568
8.370000 -19.303476
8.380000 -19.303524
8.390000 -19.303677
8.400000 -19.303869
8.410000 -19.304101
8.420000 -19.304301
8.430000 -19.304433
8.440000 -19.304473
8.450000 -19.304415
8.460000 -19.304294
8.470000 -19.304131
8.480000 -19.304049
8.490000 -19.304002
8.500000 -19.304011
8.510000 -19.304138
8.520000 -19.304289
8.530000 -19.304502
8.540000 -19.304718
8.550000 -19.304877
8.560000 -19.304992
8.580000 -19.304946
8.590000 -19.304823
8.600000 -19.304714
8.620000 -19.304632
8.630000 -19.304700
8.640000 -19.304842
8.650000 -19.305037
8.660000 -19.305264
8.670000 -19.305456
8.680000 -19.305596
8.690000 -19.305687
8.700000 -19.305692
8.710000 -19.305630
8.720000 -19.305563
8.730000 -19.305511
8.740000 -19.305464
8.750000 -19.305484
8.760000 -19.305599
8.770000 -19.305729
8.780000 -19.305898
8.790000 -19.306044
8.800000 -19.306166
8.810000 -19.306181
8.820000 -19.306170
8.830000 -19.306109
8.840000 -19.306043
8.850000 -19.305973
8.860000 -19.305984
8.870000 -19.306021
8.880000 -19.306135
8.890000 -19.306287
8.900000 -19.306472
8.910000 -19.306662
8.920000 -19.306812
8.930000 -19.306896
8.940000 -19.306893
8.950000 -19.306799
8.960000 -19.306699
8.970000 -19.306574
8.980000 -19.306552
8.990000 -19.306534
9.000000 -19.306607
9.010000 -19.306768
9.020000 -19.306936
9.040000 -19.307309
9.050000 -19.307430
9.060000 -19.307472
9.070000 -19.307464
9.080000 -19.307388
9.090000 -19.307279
9.100000 -19.307228
9.110000 -19.307208
9.130000 -19.307358
9.140000 -19.307521
9.150000 -19.307723
9.160000 -19.307916
9.170000 -19.308055
9.180000 -19.308130
9.190000 -19.308141
9.200000 -19.308082
9.210000 -19.308026
9.220000 -19.307981
9.230000 -19.307923
9.240000 -19.307930
9.250000 -19.308011
9.260000 -19.308166
9.270000 -19.308369
9.280000 -19.308514
9.290000 -19.308693
9.300000 -19.308746
9.310000 -19.308766
9.320000 -19.308702
9.330000 -19.308608
9.340000 -19.308530
9.350000 -19.308469
9.360000 -19.308450
9.370000 -19.308514
9.380000 -19.308655
9.390000 -19.308856
9.400000 -19.309052
9.410000 -19.309241
9.420000 -19.309396
9.430000 -19.309472
9.440000 -19.309439
9.460000 -19.309242
9.470000 -19.309138
9.480000 -19.309097
9.490000 -19.309115
9.500000 -19.309178
9.510000 -19.309353
9.520000 -19.309550
9.530000 -19.309768
9.540000 -19.309949
9.550000 -19.310057
9.560000 -19.310090
9.570000 -19.310066
9.580000 -19.310007
9.610000 -19.309861
9.630000 -19.310036
9.640000 -19.310217
9.650000 -19.310464
9.660000 -19.310643
9.670000 -19.310782
9.690000 -19.310799
9.700000 -19.310714
9.710000 -19.310620
9.720000 -19.310524
9.730000 -19.310485
9.740000 -19.310461
9.750000 -19.310549
9.760000 -19.310689
9.770000 -19.310899
9.780000 -19.311119
9.790000 -19.311310
9.800000 -19.311428
9.810000 -19.311465
9.820000 -19.311437
9.830000 -19.311353
9.840000 -19.311245
9.850000 -19.311188
9.860000 -19.311155
9.870000 -19.311197
9.880000 -19.311313
9.890000 -19.311460
9.900000 -19.311672
9.910000 -19.311831
9.920000 -19.312018
9.930000 -19.312098
9.940000 -19.312157
9.950000 -19.312123
9.960000 -19.312060
9.970000 -19.312020
9.980000 -19.311986
9.990000 -19.311983
10.000000 -19.312045
