0.020000 -19.584097
0.030000 -19.584251
0.040000 -19.584478
0.050000 -19.584711
0.060000 -19.584064
0.070000 -19.583354
0.080000 -19.583890
0.090000 -19.582918
0.100000 -19.582537
0.110000 -19.582303
0.120000 -19.581599
0.130000 -19.581146
0.140000 -19.580814
0.150000 -19.580100
0.160000 -19.579723
0.170000 -19.579420
0.180000 -19.577801
0.190000 -19.577329
0.200000 -19.576333
0.210000 -19.576067
0.220000 -19.574756
0.230000 -19.573692
0.240000 -19.572246
0.250000 -19.571464
0.260000 -19.569319
0.270000 -19.568347
0.280000 -19.566917
0.290000 -19.564896
0.300000 -19.563383
0.310000 -19.561733
0.320000 -19.559461
0.330000 -19.557578
0.340000 -19.556062
0.350000 -19.554014
0.360000 -19.551346
0.370000 -19.549023
0.380000 -19.546105
0.390000 -19.544033
0.400000 -19.540947
0.410000 -19.537998
0.420000 -19.534520
0.430000 -19.531991
0.440000 -19.528786
0.450000 -19.525460
0.460000 -19.521499
0.470000 -19.518332
0.480000 -19.514159
0.490000 -19.510764
0.500000 -19.507081
0.510000 -19.502491
0.520000 -19.498389
0.530000 -19.494110
0.540000 -19.489388
0.550000 -19.484549
0.560000 -19.479739
0.570000 -19.475111
0.580000 -19.470077
0.590000 -19.465007
0.600000 -19.459472
0.610000 -19.454388
0.620000 -19.448571
0.630000 -19.443026
0.640000 -19.437689
0.650000 -19.431814
0.660000 -19.426142
0.670000 -19.419866
0.680000 -19.414106
0.690000 -19.407849
0.700000 -19.401535
0.710000 -19.395687
0.720000 -19.389074
0.730000 -19.383017
0.740000 -19.376376
0.750000 -19.370106
0.760000 -19.364186
0.770000 -19.357550
0.780000 -19.351232
0.790000 -19.343987
0.800000 -19.338493
0.810000 -19.331293
0.820000 -19.324661
0.830000 -19.318552
0.840000 -19.311706
0.850000 -19.305173
0.860000 -19.299633
0.870000 -19.292204
0.880000 -19.286945
0.890000 -19.280706
0.900000 -19.274338
0.920000 -19.263099
0.930000 -19.256324
0.940000 -19.250894
0.950000 -19.245471
0.960000 -19.239205
0.970000 -19.233954
0.980000 -19.228654
0.990000 -19.224081
1.000000 -19.218078
1.010000 -19.214125
1.020000 -19.209215
1.030000 -19.204196
1.040000 -19.200076
1.050000 -19.195143
1.060000 -19.191600
1.070000 -19.186703
1.080000 -19.183178
1.090000 -19.179062
1.100000 -19.175450
1.110000 -19.172797
1.120000 -19.170122
1.130000 -19.166573
1.140000 -19.163404
1.150000 -19.160569
1.160000 -19.158238
1.170000 -19.156457
1.180000 -19.154174
1.190000 -19.152150
1.200000 -19.150625
1.210000 -19.149594
1.220000 -19.146616
1.230000 -19.146426
1.240000 -19.144919
1.250000 -19.144284
1.260000 -19.143857
1.270000 -19.143706
1.280000 -19.143722
1.290000 -19.142805
1.300000 -19.143996
1.310000 -19.143777
1.320000 -19.144907
1.330000 -19.144832
1.340000 -19.146754
1.350000 -19.147902
1.360000 -19.149120
1.370000 -19.151034
1.380000 -19.152274
1.390000 -19.155058
1.400000 -19.157004
1.410000 -19.158431
1.420000 -19.161012
1.430000 -19.164574
1.440000 -19.166753
1.450000 -19.169560
1.460000 -19.173049
1.470000 -19.176105
1.480000 -19.179395
1.490000 -19.182749
1.500000 -19.186790
1.510000 -19.190269
1.520000 -19.193990
1.530000 -19.198055
1.540000 -19.202365
1.550000 -19.206221
1.560000 -19.210869
1.570000 -19.214590
1.580000 -19.219370
1.590000 -19.223705
1.600000 -19.228361
1.610000 -19.232917
1.620000 -19.237573
1.630000 -19.241851
1.640000 -19.246691
1.650000 -19.251284
1.660000 -19.256219
1.670000 -19.260954
1.680000 -19.265330
1.690000 -19.270106
1.700000 -19.274763
1.710000 -19.279051
1.720000 -19.283643
1.730000 -19.287997
1.740000 -19.292505
1.750000 -19.296631
1.760000 -19.301257
1.770000 -19.305109
1.780000 -19.309208
1.790000 -19.313059
1.800000 -19.317188
1.810000 -19.320807
1.820000 -19.324209
1.830000 -19.328019
1.840000 -19.331244
1.850000 -19.334299
1.860000 -19.337608
1.870000 -19.340697
1.880000 -19.343574
1.890000 -19.346609
1.900000 -19.348727
1.910000 -19.350903
1.920000 -19.353231
1.930000 -19.355449
1.940000 -19.357675
1.950000 -19.358631
1.960000 -19.360743
1.970000 -19.361869
1.980000 -19.363149
1.990000 -19.364142
2.000000 -19.365528
2.010000 -19.365793
2.020000 -19.365937
2.030000 -19.366734
2.040000 -19.366484
2.050000 -19.366151
2.060000 -19.366137
2.070000 -19.365772
2.080000 -19.365194
2.090000 -19.364261
2.100000 -19.363505
2.110000 -19.361941
2.120000 -19.361151
2.130000 -19.359280
2.140000 -19.358033
2.150000 -19.356056
2.160000 -19.354126
2.170000 -19.352513
2.180000 -19.350373
2.190000 -19.347846
2.200000 -19.345338
2.210000 -19.343240
2.220000 -19.340280
2.230000 -19.337651
2.240000 -19.335203
2.250000 -19.331451
2.260000 -19.328621
2.270000 -19.325726
2.280000 -19.322404
2.290000 -19.319424
2.300000 -19.316281
2.310000 -19.312454
2.320000 -19.309399
2.330000 -19.306329
2.340000 -19.302645
2.350000 -19.298873
2.360000 -19.295342
2.370000 -19.291823
2.380000 -19.288689
2.390000 -19.285667
2.400000 -19.282805
2.410000 -19.279071
2.420000 -19.275666
2.430000 -19.271920
2.440000 -19.269281
2.450000 -19.266182
2.460000 -19.263351
2.470000 -19.260266
2.480000 -19.257356
2.490000 -19.254668
2.500000 -19.251984
2.510000 -19.249202
2.520000 -19.247269
2.530000 -19.245093
2.540000 -19.242378
2.550000 -19.240431
2.560000 -19.238224
2.570000 -19.236471
2.580000 -19.234181
2.590000 -19.233150
2.600000 -19.231724
2.610000 -19.230639
2.620000 -19.229496
2.630000 -19.228008
2.640000 -19.227479
2.650000 -19.226640
2.660000 -19.225836
2.670000 -19.225574
2.680000 -19.225030
2.690000 -19.224550
2.700000 -19.223971
2.710000 -19.224340
2.720000 -19.223774
2.730000 -19.224809
2.740000 -19.225015
2.750000 -19.225060
2.760000 -19.225876
2.770000 -19.226729
2.780000 -19.227177
2.790000 -19.228255
2.800000 -19.229799
2.820000 -19.231496
2.830000 -19.233623
2.840000 -19.235524
2.850000 -19.236740
2.860000 -19.237965
2.870000 -19.239762
2.880000 -19.241603
2.890000 -19.243221
2.900000 -19.245403
2.910000 -19.247179
2.920000 -19.249345
2.930000 -19.251468
2.940000 -19.253796
2.950000 -19.256039
2.960000 -19.258303
2.970000 -19.260085
2.980000 -19.263004
2.990000 -19.264977
3.000000 -19.267023
3.010000 -19.269326
3.020000 -19.272191
3.030000 -19.274425
3.040000 -19.276873
3.050000 -19.279307
3.060000 -19.281770
3.070000 -19.284189
3.080000 -19.286301
3.090000 -19.288349
3.100000 -19.290623
3.110000 -19.293103
3.120000 -19.294874
3.130000 -19.297218
3.140000 -19.299218
3.150000 -19.301058
3.160000 -19.303000
3.170000 -19.304909
3.180000 -19.306981
3.190000 -19.308822
3.200000 -19.310473
3.210000 -19.312007
3.220000 -19.313541
3.230000 -19.315126
3.240000 -19.316236
3.250000 -19.317922
3.260000 -19.319461
3.270000 -19.320327
3.280000 -19.321485
3.290000 -19.322416
3.300000 -19.323429
3.310000 -19.323738
3.320000 -19.324113
3.330000 -19.325248
3.340000 -19.325503
3.350000 -19.325992
3.360000 -19.325732
3.370000 -19.326470
3.380000 -19.326336
3.390000 -19.326375
3.400000 -19.326109
3.410000 -19.325733
3.420000 -19.325619
3.430000 -19.324992
3.440000 -19.324763
3.450000 -19.323338
3.460000 -19.322956
3.470000 -19.322042
3.480000 -19.321232
3.490000 -19.320288
3.500000 -19.318806
3.510000 -19.317677
3.520000 -19.316338
3.530000 -19.314766
3.540000 -19.313821
3.550000 -19.311661
3.560000 -19.310552
3.570000 -19.309053
3.580000 -19.307225
3.590000 -19.305599
3.600000 -19.304117
3.610000 -19.302342
3.620000 -19.299974
3.630000 -19.298269
3.640000 -19.297420
3.650000 -19.294871
3.660000 -19.293306
3.670000 -19.291650
3.680000 -19.289711
3.690000 -19.287876
3.700000 -19.285525
3.710000 -19.284125
3.720000 -19.282396
3.730000 -19.280413
3.740000 -19.278695
3.750000 -19.277544
3.760000 -19.275048
3.770000 -19.273508
3.790000 -19.270298
3.810000 -19.267219
3.820000 -19.266016
3.830000 -19.264671
3.840000 -19.263267
3.850000 -19.262017
3.860000 -19.260752
3.870000 -19.259580
3.880000 -19.257852
3.890000 -19.257429
3.900000 -19.256356
3.910000 -19.255077
3.920000 -19.254844
3.930000 -19.253650
3.940000 -19.253499
3.950000 -19.252933
3.960000 -19.252303
3.970000 -19.252060
3.980000 -19.251458
3.990000 -19.252482
4.000000 -19.251051
4.010000 -19.251070
4.020000 -19.250870
4.030000 -19.251620
4.040000 -19.251472
4.050000 -19.251748
4.060000 -19.252132
4.070000 -19.252766
4.080000 -19.253300
4.090000 -19.254177
4.100000 -19.254589
4.110000 -19.255673
4.120000 -19.256312
4.130000 -19.257313
4.140000 -19.258161
4.160000 -19.260790
4.170000 -19.261315
4.180000 -19.263352
4.190000 -19.264308
4.200000 -19.265823
4.210000 -19.267065
4.220000 -19.268357
4.230000 -19.270240
4.240000 -19.271546
4.250000 -19.272911
4.260000 -19.275123
4.270000 -19.276379
4.280000 -19.277560
4.290000 -19.279489
4.300000 -19.281163
4.310000 -19.282963
4.320000 -19.284007
4.330000 -19.285895
4.340000 -19.287049
4.350000 -19.289108
4.360000 -19.291074
4.370000 -19.292323
4.380000 -19.293422
4.390000 -19.295405
4.400000 -19.297112
4.410000 -19.298201
4.420000 -19.300118
4.430000 -19.301319
4.440000 -19.302892
4.450000 -19.303839
4.460000 -19.304862
4.470000 -19.306165
4.480000 -19.307175
4.490000 -19.308495
4.500000 -19.309372
4.510000 -19.310080
4.520000 -19.311384
4.530000 -19.311991
4.540000 -19.312590
4.550000 -19.313711
4.560000 -19.313841
4.570000 -19.314292
4.580000 -19.314881
4.590000 -19.315222
4.600000 -19.316473
4.610000 -19.316635
4.620000 -19.316400
4.630000 -19.316481
4.640000 -19.317082
4.650000 -19.316698
4.660000 -19.316450
4.670000 -19.316355
4.680000 -19.316076
4.690000 -19.316328
4.700000 -19.315195
4.710000 -19.314738
4.720000 -19.314718
4.730000 -19.314003
4.740000 -19.313594
4.750000 -19.312893
4.760000 -19.312525
4.770000 -19.311524
4.780000 -19.310633
4.790000 -19.310128
4.800000 -19.308855
4.810000 -19.308301
4.820000 -19.306454
4.840000 -19.304590
4.850000 -19.303762
4.860000 -19.302411
4.870000 -19.300604
4.880000 -19.299828
4.890000 -19.298219
4.900000 -19.296693
4.910000 -19.296167
4.920000 -19.294613
4.930000 -19.292971
4.940000 -19.291930
4.950000 -19.290653
4.960000 -19.289276
4.970000 -19.288024
4.980000 -19.287109
4.990000 -19.285888
5.000000 -19.283663
5.010000 -19.283307
5.020000 -19.281268
5.030000 -19.280432
5.040000 -19.279633
5.050000 -19.278109
5.060000 -19.277564
5.070000 -19.275938
5.080000 -19.275258
5.090000 -19.273943
5.100000 -19.273370
5.110000 -19.271739
5.120000 -19.271231
5.130000 -19.270137
5.140000 -19.269819
5.150000 -19.269099
5.160000 -19.269036
5.170000 -19.267854
5.180000 -19.267670
5.190000 -19.266719
5.200000 -19.266526
5.210000 -19.265509
5.220000 -19.265872
5.230000 -19.264736
5.240000 -19.264786
5.250000 -19.264514
5.260000 -19.264389
5.270000 -19.264264
5.280000 -19.264243
5.290000 -19.264368
5.300000 -19.264348
5.310000 -19.264841
5.320000 -19.265331
5.330000 -19.265069
5.340000 -19.265705
5.350000 -19.266037
5.360000 -19.266378
5.370000 -19.266698
5.380000 -19.267292
5.390000 -19.267838
5.400000 -19.268297
5.410000 -19.269104
5.420000 -19.269863
5.430000 -19.271160
5.440000 -19.271700
5.450000 -19.272584
5.460000 -19.273554
5.470000 -19.274754
5.480000 -19.275555
5.490000 -19.276396
5.500000 -19.277425
5.510000 -19.278802
5.520000 -19.279997
5.530000 -19.280488
5.540000 -19.282254
5.550000 -19.283680
5.560000 -19.284578
5.570000 -19.286271
5.580000 -19.287652
5.590000 -19.288303
5.600000 -19.289956
5.610000 -19.291285
5.620000 -19.292751
5.630000 -19.293997
5.640000 -19.295003
5.650000 -19.296792
5.660000 -19.297947
5.670000 -19.299112
5.680000 -19.299854
5.690000 -19.301379
5.700000 -19.302967
5.710000 -19.303183
5.720000 -19.304660
5.730000 -19.305766
5.740000 -19.306922
5.750000 -19.307990
5.760000 -19.309020
5.770000 -19.309749
5.780000 -19.310325
5.790000 -19.311052
5.800000 -19.311965
5.810000 -19.312975
5.820000 -19.313592
5.830000 -19.314831
5.840000 -19.314054
5.850000 -19.315340
5.860000 -19.315915
5.870000 -19.316295
5.880000 -19.316071
5.890000 -19.317320
5.900000 -19.316838
5.910000 -19.316789
5.920000 -19.316641
5.930000 -19.317034
5.940000 -19.316224
5.950000 -19.316933
5.960000 -19.316350
5.970000 -19.316641
5.980000 -19.315730
5.990000 -19.315182
6.000000 -19.315561
6.010000 -19.314832
6.020000 -19.314859
6.030000 -19.314103
6.040000 -19.312601
6.050000 -19.311978
6.060000 -19.311866
6.070000 -19.311377
6.080000 -19.310000
6.090000 -19.309481
6.100000 -19.308679
6.110000 -19.307829
6.120000 -19.306710
6.130000 -19.305729
6.140000 -19.304784
6.150000 -19.304061
6.160000 -19.303489
6.170000 -19.302489
6.180000 -19.300830
6.190000 -19.300080
6.200000 -19.298765
6.210000 -19.297469
6.220000 -19.296367
6.230000 -19.296665
6.240000 -19.295297
6.250000 -19.294429
6.260000 -19.293326
6.270000 -19.292307
6.280000 -19.291226
6.290000 -19.290174
6.300000 -19.289049
6.310000 -19.288512
6.320000 -19.287547
6.330000 -19.286227
6.340000 -19.285931
6.350000 -19.284791
6.360000 -19.283560
6.370000 -19.282739
6.380000 -19.282138
6.390000 -19.281868
6.400000 -19.281096
6.410000 -19.280600
6.420000 -19.280444
6.430000 -19.279468
6.440000 -19.278688
6.450000 -19.278559
6.460000 -19.278489
6.470000 -19.277641
6.480000 -19.277625
6.490000 -19.277341
6.500000 -19.276977
6.510000 -19.276500
6.520000 -19.276469
6.540000 -19.276319
6.550000 -19.276447
6.560000 -19.276495
6.570000 -19.276684
6.580000 -19.276636
6.590000 -19.276804
6.600000 -19.276754
6.610000 -19.277519
6.620000 -19.277483
6.630000 -19.278527
6.640000 -19.278347
6.650000 -19.279237
6.660000 -19.279488
6.670000 -19.280127
6.680000 -19.280498
6.690000 -19.280902
6.700000 -19.281643
6.710000 -19.282004
6.720000 -19.282908
6.730000 -19.283791
6.740000 -19.284247
6.750000 -19.284873
6.760000 -19.286345
6.770000 -19.286925
6.780000 -19.286928
6.790000 -19.288398
6.800000 -19.288811
6.810000 -19.289879
6.820000 -19.291026
6.830000 -19.291590
6.840000 -19.292862
6.850000 -19.293443
6.860000 -19.294385
6.870000 -19.295413
6.880000 -19.296013
6.890000 -19.297393
6.900000 -19.298541
6.910000 -19.299274
6.920000 -19.300062
6.930000 -19.300867
6.940000 -19.301765
6.950000 -19.302724
6.960000 -19.303224
6.970000 -19.304893
6.980000 -19.305691
6.990000 -19.306121
7.000000 -19.306806
7.010000 -19.307821
7.020000 -19.308864
7.030000 -19.309590
7.040000 -19.310414
7.050000 -19.310325
7.070000 -19.311894
7.080000 -19.312447
7.090000 -19.312783
7.100000 -19.313208
7.110000 -19.313929
7.120000 -19.314387
7.130000 -19.314411
7.140000 -19.315166
7.150000 -19.314980
7.160000 -19.315815
7.170000 -19.315583
7.180000 -19.315650
7.190000 -19.315793
7.200000 -19.315536
7.210000 -19.315964
7.220000 -19.315536
7.230000 -19.316013
7.240000 -19.315612
7.250000 -19.315244
7.260000 -19.315262
7.270000 -19.314547
7.280000 -19.314429
7.290000 -19.313971
7.300000 -19.314125
7.310000 -19.312718
7.330000 -19.311698
7.340000 -19.311310
7.350000 -19.310263
7.360000 -19.310291
7.370000 -19.309545
7.380000 -19.309101
7.390000 -19.308243
7.400000 -19.306839
7.410000 -19.306559
7.420000 -19.305454
7.430000 -19.305229
7.440000 -19.304482
7.450000 -19.303643
7.460000 -19.302436
7.470000 -19.302257
7.480000 -19.300948
7.490000 -19.300259
7.500000 -19.299403
7.510000 -19.298335
7.520000 -19.298015
7.530000 -19.297350
7.540000 -19.296264
7.550000 -19.295561
7.560000 -19.295269
7.570000 -19.293796
7.580000 -19.293149
7.590000 -19.293371
7.600000 -19.291494
7.610000 -19.291506
7.620000 -19.291367
7.630000 -19.290401
7.640000 -19.290077
7.650000 -19.288965
7.660000 -19.288826
7.670000 -19.288104
7.680000 -19.288036
7.690000 -19.287178
7.700000 -19.286989
7.710000 -19.286614
7.720000 -19.286303
7.730000 -19.286239
7.740000 -19.286264
7.750000 -19.285131
7.760000 -19.285195
7.770000 -19.285134
7.780000 -19.285188
7.790000 -19.284980
7.800000 -19.284071
7.810000 -19.284633
7.820000 -19.284823
7.830000 -19.284723
7.840000 -19.284390
7.850000 -19.285310
7.860000 -19.285389
7.870000 -19.285194
7.880000 -19.285346
7.890000 -19.286035
7.900000 -19.285776
7.910000 -19.286372
7.920000 -19.287160
7.930000 -19.287041
7.940000 -19.287801
7.950000 -19.288313
7.960000 -19.288765
7.970000 -19.289921
7.980000 -19.289627
7.990000 -19.290829
8.000000 -19.291413
8.010000 -19.291754
8.020000 -19.292856
8.030000 -19.293392
8.040000 -19.294138
8.050000 -19.294940
8.060000 -19.295144
8.070000 -19.296071
8.080000 -19.296178
8.090000 -19.297492
8.100000 -19.298594
8.110000 -19.298599
8.120000 -19.299858
8.130000 -19.300831
8.140000 -19.301615
8.150000 -19.302431
8.160000 -19.302969
8.170000 -19.303335
8.180000 -19.304208
8.190000 -19.305350
8.200000 -19.306037
8.210000 -19.306388
8.220000 -19.307043
8.230000 -19.307542
8.240000 -19.309123
8.250000 -19.309690
8.260000 -19.310231
8.270000 -19.310707
8.280000 -19.310972
8.290000 -19.311754
8.300000 -19.312225
8.310000 -19.312676
8.320000 -19.313108
8.330000 -19.313176
8.340000 -19.314020
8.350000 -19.314461
8.360000 -19.315055
8.370000 -19.315218
8.380000 -19.315722
8.390000 -19.315671
8.400000 -19.316021
8.410000 -19.316163
8.420000 -19.316715
8.430000 -19.316109
8.440000 -19.316955
8.450000 -19.316804
8.460000 -19.316335
8.470000 -19.316345
8.480000 -19.316774
8.490000 -19.316739
8.500000 -19.316750
8.510000 -19.315938
8.520000 -19.315946
8.530000 -19.315700
8.540000 -19.315582
8.550000 -19.315233
8.560000 -19.314550
8.570000 -19.314318
8.580000 -19.313752
8.590000 -19.314094
8.600000 -19.313339
8.610000 -19.311879
8.620000 -19.312214
8.630000 -19.312003
8.640000 -19.311394
8.650000 -19.309870
8.660000 -19.310204
8.670000 -19.309502
8.680000 -19.309110
8.690000 -19.308422
8.700000 -19.307813
8.710000 -19.306921
8.720000 -19.306440
8.730000 -19.306178
8.740000 -19.305435
8.750000 -19.304772
8.760000 -19.303884
8.770000 -19.303202
8.780000 -19.302204
8.790000 -19.301783
8.800000 -19.302055
8.810000 -19.301218
8.820000 -19.300342
8.830000 -19.299893
8.840000 -19.299160
8.850000 -19.298627
8.860000 -19.298105
8.870000 -19.297997
8.880000 -19.297156
8.890000 -19.296616
8.900000 -19.296144
8.910000 -19.295342
8.920000 -19.295250
8.930000 -19.294675
8.950000 -19.293990
8.960000 -19.293450
8.970000 -19.293541
8.980000 -19.293665
8.990000 -19.292890
9.000000 -19.292694
9.010000 -19.293208
9.020000 -19.292081
9.030000 -19.292406
9.040000 -19.292068
9.050000 -19.292368
9.060000 -19.292222
9.070000 -19.291715
9.080000 -19.292197
9.090000 -19.291822
9.100000 -19.292212
9.110000 -19.292457
9.120000 -19.292601
9.130000 -19.292624
9.140000 -19.292613
9.150000 -19.293391
9.160000 -19.293544
9.170000 -19.293910
9.180000 -19.294117
9.190000 -19.294715
9.200000 -19.294662
9.210000 -19.295744
9.220000 -19.295257
9.230000 -19.296470
9.240000 -19.296912
9.250000 -19.297283
9.260000 -19.297656
9.270000 -19.298538
9.280000 -19.299089
9.290000 -19.299452
9.300000 -19.300107
9.310000 -19.300577
9.320000 -19.301931
9.330000 -19.302236
9.340000 -19.302803
9.350000 -19.303436
9.360000 -19.303946
9.370000 -19.304732
9.380000 -19.306050
9.390000 -19.306253
9.400000 -19.306878
9.410000 -19.308070
9.420000 -19.308453
9.430000 -19.309163
9.440000 -19.309655
9.450000 -19.310772
9.460000 -19.311425
9.470000 -19.312047
9.480000 -19.312758
9.490000 -19.314272
9.500000 -19.314024
9.510000 -19.314610
9.520000 -19.314822
9.530000 -19.316033
9.540000 -19.316473
9.550000 -19.317368
9.560000 -19.317288
9.570000 -19.318505
9.580000 -19.318816
9.590000 -19.319517
9.600000 -19.319451
9.610000 -19.320436
9.620000 -19.320299
9.630000 -19.320428
9.640000 -19.320472
9.650000 -19.321136
9.660000 -19.321524
9.670000 -19.321735
9.680000 -19.322013
9.690000 -19.321885
9.700000 -19.322514
9.710000 -19.322458
9.720000 -19.322906
9.730000 -19.322147
9.740000 -19.322918
9.750000 -19.322320
9.760000 -19.322330
9.770000 -19.321827
9.780000 -19.321605
9.790000 -19.321729
9.800000 -19.321494
9.810000 -19.322266
9.820000 -19.321337
9.830000 -19.321153
9.840000 -19.320539
9.850000 -19.320157
9.860000 -19.319714
9.870000 -19.319870
9.880000 -19.319682
9.890000 -19.318910
9.900000 -19.318666
9.910000 -19.318016
9.920000 -19.317840
9.930000 -19.317379
9.940000 -19.317190
9.950000 -19.316608
9.960000 -19.316298
9.970000 -19.315249
9.980000 -19.315095
9.990000 -19.314709
10.000000 -19.314074
