0.010000 -19.261142
0.020000 -19.261167
0.030000 -19.261460
0.070000 -19.262884
0.080000 -19.263433
0.090000 -19.264053
0.100000 -19.264640
0.110000 -19.265461
0.120000 -19.266376
0.140000 -19.268328
0.150000 -19.269498
0.160000 -19.270586
0.170000 -19.271749
0.180000 -19.273057
0.190000 -19.274460
0.200000 -19.276055
0.210000 -19.277399
0.220000 -19.278999
0.230000 -19.280841
0.240000 -19.282507
0.250000 -19.284356
0.260000 -19.286330
0.270000 -19.288216
0.280000 -19.290171
0.290000 -19.292222
0.300000 -19.294324
0.310000 -19.296432
0.320000 -19.298541
0.330000 -19.300767
0.340000 -19.302867
0.350000 -19.305007
0.360000 -19.307059
0.370000 -19.309199
0.380000 -19.311217
0.390000 -19.313243
0.400000 -19.315213
0.410000 -19.317049
0.420000 -19.318875
0.430000 -19.320695
0.440000 -19.322257
0.450000 -19.323770
0.460000 -19.325152
0.470000 -19.326278
0.480000 -19.327297
0.490000 -19.328341
0.500000 -19.328880
0.510000 -19.329403
0.520000 -19.329760
0.530000 -19.329848
0.540000 -19.329732
0.550000 -19.329259
0.560000 -19.328612
0.570000 -19.327662
0.580000 -19.326546
0.590000 -19.325282
0.600000 -19.323626
0.610000 -19.321895
0.620000 -19.319751
0.630000 -19.317434
0.640000 -19.314890
0.650000 -19.312243
0.660000 -19.309274
0.670000 -19.306178
0.680000 -19.303043
0.690000 -19.299727
0.700000 -19.296353
0.710000 -19.292756
0.720000 -19.289100
0.730000 -19.285411
0.740000 -19.281724
0.750000 -19.278232
0.760000 -19.274449
0.770000 -19.271031
0.780000 -19.267490
0.790000 -19.264248
0.800000 -19.261198
0.810000 -19.258324
0.820000 -19.255536
0.830000 -19.253141
0.840000 -19.250886
0.850000 -19.248941
0.860000 -19.247419
0.870000 -19.246183
0.880000 -19.245341
0.890000 -19.244858
0.900000 -19.244698
0.910000 -19.244908
0.920000 -19.245562
0.930000 -19.246614
0.940000 -19.247940
0.950000 -19.249754
0.960000 -19.251936
0.980000 -19.256919
0.990000 -19.259984
1.000000 -19.263132
1.010000 -19.266410
1.030000 -19.273436
1.040000 -19.277079
1.050000 -19.280763
1.060000 -19.284327
1.070000 -19.287781
1.080000 -19.291166
1.090000 -19.294506
1.100000 -19.297535
1.110000 -19.300474
1.120000 -19.303028
1.130000 -19.305362
1.140000 -19.307470
1.160000 -19.310358
1.170000 -19.311453
1.180000 -19.312087
1.190000 -19.312412
1.200000 -19.312265
1.210000 -19.311658
1.220000 -19.310785
1.230000 -19.309374
1.240000 -19.307827
1.250000 -19.305884
1.260000 -19.303616
1.270000 -19.301049
1.280000 -19.298386
1.290000 -19.295463
1.310000 -19.289184
1.320000 -19.285984
1.330000 -19.282944
1.340000 -19.279693
1.350000 -19.276684
1.360000 -19.273725
1.370000 -19.271173
1.380000 -19.268615
1.390000 -19.266068
1.400000 -19.264016
1.420000 -19.260838
1.430000 -19.259879
1.440000 -19.258995
1.450000 -19.258445
1.460000 -19.258281
1.470000 -19.258466
1.480000 -19.259127
1.490000 -19.260213
1.500000 -19.261441
1.510000 -19.263083
1.520000 -19.265001
1.540000 -19.269783
1.550000 -19.272419
1.560000 -19.275128
1.580000 -19.281110
1.590000 -19.284072
1.600000 -19.287037
1.610000 -19.289899
1.620000 -19.292484
1.630000 -19.295068
1.640000 -19.297277
1.650000 -19.299302
1.660000 -19.300957
1.670000 -19.302312
1.680000 -19.303436
1.690000 -19.304057
1.700000 -19.304417
1.710000 -19.304313
1.720000 -19.303762
1.730000 -19.303068
1.740000 -19.301885
1.750000 -19.300471
1.760000 -19.298756
1.770000 -19.296935
1.780000 -19.294648
1.790000 -19.292232
1.800000 -19.289874
1.810000 -19.287378
1.820000 -19.284817
1.830000 -19.282225
1.840000 -19.279828
1.850000 -19.277456
1.860000 -19.275183
1.870000 -19.273184
1.880000 -19.271250
1.890000 -19.269723
1.900000 -19.268397
1.910000 -19.267509
1.920000 -19.266715
1.930000 -19.266390
1.940000 -19.266188
1.950000 -19.266346
1.960000 -19.266735
1.970000 -19.267443
1.980000 -19.268451
1.990000 -19.269788
2.000000 -19.271183
2.010000 -19.272939
2.020000 -19.274693
2.030000 -19.276709
2.040000 -19.278732
2.050000 -19.280883
2.060000 -19.283106
2.070000 -19.285356
2.080000 -19.287309
2.090000 -19.289488
2.100000 -19.291497
2.110000 -19.293261
2.120000 -19.294864
2.130000 -19.296324
2.150000 -19.298342
2.160000 -19.299046
2.170000 -19.299358
2.180000 -19.299380
2.190000 -19.299071
2.200000 -19.298421
2.210000 -19.297529
2.220000 -19.296392
2.230000 -19.295057
2.240000 -19.293472
2.250000 -19.291628
2.260000 -19.289595
2.270000 -19.287747
2.280000 -19.285623
2.300000 -19.281606
2.310000 -19.279680
2.320000 -19.277787
2.330000 -19.276072
2.340000 -19.274647
2.350000 -19.273288
2.360000 -19.272118
2.370000 -19.271324
2.380000 -19.270753
2.390000 -19.270422
2.400000 -19.270307
2.410000 -19.270421
2.420000 -19.270913
2.430000 -19.271490
2.440000 -19.272667
2.450000 -19.273699
2.460000 -19.275103
2.470000 -19.276650
2.480000 -19.278132
2.490000 -19.279881
2.500000 -19.281491
2.510000 -19.283378
2.520000 -19.285081
2.530000 -19.286811
2.550000 -19.289960
2.560000 -19.291363
2.570000 -19.292602
2.580000 -19.293594
2.590000 -19.294426
2.600000 -19.295104
2.610000 -19.295589
2.620000 -19.295775
2.630000 -19.295793
2.640000 -19.295556
2.650000 -19.295084
2.660000 -19.294334
2.670000 -19.293627
2.680000 -19.292501
2.700000 -19.289966
2.710000 -19.288430
2.720000 -19.286886
2.730000 -19.285326
2.740000 -19.283731
2.750000 -19.282077
2.760000 -19.280678
2.780000 -19.278068
2.790000 -19.276977
2.800000 -19.275995
2.810000 -19.275242
2.820000 -19.274563
2.830000 -19.274366
2.840000 -19.274131
2.850000 -19.274135
2.860000 -19.274412
2.870000 -19.274870
2.880000 -19.275488
2.890000 -19.276450
2.900000 -19.277540
2.910000 -19.278699
2.930000 -19.281351
2.940000 -19.282933
2.950000 -19.284549
2.960000 -19.286019
2.970000 -19.287448
2.980000 -19.288898
2.990000 -19.290160
3.000000 -19.291370
3.010000 -19.292306
3.020000 -19.293220
3.030000 -19.293815
3.040000 -19.294337
3.050000 -19.294656
3.060000 -19.294643
3.070000 -19.294534
3.080000 -19.294169
3.090000 -19.293609
3.100000 -19.292961
3.110000 -19.292119
3.120000 -19.291081
3.130000 -19.289978
3.140000 -19.288856
3.150000 -19.287706
3.160000 -19.286326
3.170000 -19.285106
3.180000 -19.283809
3.190000 -19.282460
3.200000 -19.281360
3.210000 -19.280457
3.220000 -19.279402
3.230000 -19.278635
3.240000 -19.277963
3.250000 -19.277439
3.260000 -19.277035
3.270000 -19.276831
3.280000 -19.276889
3.290000 -19.276919
3.310000 -19.277641
3.320000 -19.278337
3.330000 -19.279093
3.340000 -19.280020
3.350000 -19.281085
3.360000 -19.282201
3.370000 -19.283496
3.380000 -19.284573
3.390000 -19.285866
3.400000 -19.287106
3.410000 -19.288295
3.420000 -19.289558
3.430000 -19.290662
3.440000 -19.291482
3.450000 -19.292334
3.460000 -19.293043
3.470000 -19.293599
3.480000 -19.293911
3.490000 -19.294125
3.500000 -19.294077
3.520000 -19.293436
3.530000 -19.292839
3.540000 -19.292031
3.550000 -19.291097
3.560000 -19.290190
3.570000 -19.289064
3.580000 -19.288038
3.600000 -19.285812
3.610000 -19.284705
3.620000 -19.283592
3.630000 -19.282589
3.640000 -19.281693
3.650000 -19.280935
3.660000 -19.280150
3.670000 -19.279702
3.680000 -19.279360
3.690000 -19.279087
3.700000 -19.278895
3.710000 -19.278871
3.720000 -19.279157
3.730000 -19.279395
3.740000 -19.279880
3.750000 -19.280544
3.760000 -19.281257
3.770000 -19.282204
3.780000 -19.283051
3.790000 -19.284268
3.800000 -19.285198
3.810000 -19.286312
3.820000 -19.287320
3.830000 -19.288381
3.840000 -19.289541
3.850000 -19.290394
3.860000 -19.291344
3.870000 -19.292116
3.880000 -19.292858
3.890000 -19.293321
3.900000 -19.293731
3.910000 -19.294110
3.920000 -19.294025
3.930000 -19.294038
3.940000 -19.293949
3.950000 -19.293673
3.960000 -19.293103
3.970000 -19.292487
3.980000 -19.291771
3.990000 -19.290851
4.000000 -19.289771
4.010000 -19.288864
4.020000 -19.287877
4.040000 -19.285778
4.050000 -19.284577
4.060000 -19.283863
4.070000 -19.282923
4.080000 -19.282165
4.090000 -19.281671
4.100000 -19.281104
4.110000 -19.280858
4.120000 -19.280683
4.140000 -19.280585
4.150000 -19.280885
4.160000 -19.281266
4.170000 -19.281695
4.180000 -19.282299
4.190000 -19.283027
4.200000 -19.283892
4.210000 -19.284702
4.220000 -19.285620
4.230000 -19.286664
4.240000 -19.287649
4.250000 -19.288626
4.260000 -19.289587
4.270000 -19.290596
4.280000 -19.291468
4.290000 -19.292166
4.310000 -19.293353
4.320000 -19.293844
4.330000 -19.294130
4.340000 -19.294322
4.350000 -19.294367
4.360000 -19.294303
4.370000 -19.293990
4.380000 -19.293621
4.390000 -19.293176
4.410000 -19.292073
4.420000 -19.291209
4.430000 -19.290405
4.440000 -19.289566
4.450000 -19.288635
4.460000 -19.287910
4.480000 -19.286161
4.490000 -19.285371
4.500000 -19.284605
4.510000 -19.284090
4.520000 -19.283588
4.530000 -19.283052
4.540000 -19.282811
4.550000 -19.282774
4.560000 -19.282645
4.570000 -19.282756
4.580000 -19.283003
4.590000 -19.283253
4.600000 -19.283727
4.610000 -19.284441
4.620000 -19.285048
4.630000 -19.285766
4.640000 -19.286699
4.650000 -19.287537
4.660000 -19.288491
4.670000 -19.289349
4.680000 -19.290383
4.690000 -19.291075
4.700000 -19.291984
4.710000 -19.292685
4.720000 -19.293256
4.730000 -19.293974
4.740000 -19.294404
4.750000 -19.294824
4.770000 -19.294997
4.780000 -19.295108
4.790000 -19.294881
4.800000 -19.294560
4.810000 -19.294227
4.820000 -19.293651
4.840000 -19.292427
4.850000 -19.291792
4.860000 -19.290975
4.870000 -19.290166
4.880000 -19.289425
4.890000 -19.288670
4.900000 -19.288047
4.910000 -19.287298
4.920000 -19.286697
4.930000 -19.286115
4.950000 -19.285374
4.960000 -19.285005
4.970000 -19.284811
4.980000 -19.284752
4.990000 -19.284784
5.000000 -19.284797
