0.01 -15603825.4003291
0.02 -15603825.3680371
0.03 -15603825.3246192
0.04 -15603825.2395209
0.05 -15603825.1744978
0.06 -15603825.0630606
0.07 -15603824.9288467
0.08 -15603824.7634798
0.09 -15603824.6178059
0.10 -15603824.4894088
0.11 -15603824.2569379
0.12 -15603824.0793326
0.13 -15603823.9047795
0.14 -15603823.6956845
0.15 -15603823.4859304
0.16 -15603823.3116904
0.17 -15603823.1265741
0.18 -15603822.97677
0.19 -15603822.8089762
0.20 -15603822.7009405
0.21 -15603822.5840378
0.22 -15603822.5534347
0.23 -15603822.4781831
0.24 -15603822.4785516
0.25 -15603822.5564149
0.27 -15603822.8184415
0.28 -15603823.0416719
0.29 -15603823.3594725
0.31 -15603824.2028285
0.32 -15603824.7488998
0.33 -15603825.3724496
0.35 -15603826.8855616
0.36 -15603827.8042486
0.37 -15603828.7503768
0.38 -15603829.8263614
0.39 -15603830.9423073
0.40 -15603832.1994569
0.41 -15603833.4343387
0.42 -15603834.7530695
0.43 -15603836.1467939
0.44 -15603837.550439
0.45 -15603838.9361154
0.46 -15603840.3423506
0.47 -15603841.7454214
0.48 -15603843.1032684
0.49 -15603844.435598
0.50 -15603845.6259264
0.51 -15603846.7942256
0.52 -15603847.8106712
0.53 -15603848.6800536
0.54 -15603849.4505417
0.55 -15603850.0368873
0.56 -15603850.4923528
0.57 -15603850.6894399
0.58 -15603850.7281557
0.59 -15603850.5627514
0.60 -15603850.1957175
0.61 -15603849.5598481
0.62 -15603848.8081176
0.63 -15603847.8382024
0.64 -15603846.6762864
0.65 -15603845.3782244
0.66 -15603843.937735
0.67 -15603842.367422
0.68 -15603840.7557933
0.69 -15603839.0836858
0.70 -15603837.3327897
0.71 -15603835.684234
0.72 -15603834.0486019
0.73 -15603832.5002753
0.74 -15603831.1466539
0.75 -15603829.8876879
0.76 -15603828.8650582
0.77 -15603827.9812484
0.78 -15603827.3800908
0.79 -15603826.951068
0.80 -15603826.7799149
0.81 -15603826.8806025
0.82 -15603827.1828415
0.83 -15603827.7456631
0.84 -15603828.5357
0.85 -15603829.515751
0.86 -15603830.7492389
0.87 -15603832.0565887
0.88 -15603833.5743452
0.89 -15603835.1970979
0.90 -15603836.8493254
0.91 -15603838.5123905
0.92 -15603840.1569751
0.93 -15603841.7434397
0.94 -15603843.1971154
0.95 -15603844.5332228
0.96 -15603845.6723969
0.97 -15603846.5684061
0.98 -15603847.1972285
0.99 -15603847.5403358
1.00 -15603847.5964513
1.01 -15603847.3152025
1.02 -15603846.7012069
1.04 -15603844.7024438
1.05 -15603843.3709983
1.06 -15603841.8485918
1.07 -15603840.1937153
1.08 -15603838.5079575
1.09 -15603836.8076883
1.10 -15603835.1760451
1.11 -15603833.6738203
1.12 -15603832.3430362
1.13 -15603831.1613396
1.14 -15603830.2640841
1.15 -15603829.6872357
1.16 -15603829.3607578
1.17 -15603829.3386385
1.18 -15603829.5869195
1.19 -15603830.2151771
1.20 -15603831.0924969
1.21 -15603832.2042588
1.22 -15603833.4844992
1.23 -15603834.9165803
1.24 -15603836.4401467
1.25 -15603837.9642952
1.26 -15603839.47597
1.27 -15603840.8952011
1.28 -15603842.1716549
1.29 -15603843.3138288
1.30 -15603844.2104314
1.31 -15603844.8698295
1.32 -15603845.3204336
1.33 -15603845.4053188
1.34 -15603845.2469682
1.35 -15603844.838556
1.36 -15603844.0617571
1.37 -15603843.0615482
1.38 -15603841.8679107
1.39 -15603840.5118921
1.40 -15603839.035002
1.41 -15603837.5781848
1.42 -15603836.0990105
1.43 -15603834.7660439
1.44 -15603833.5653709
1.45 -15603832.5841323
1.46 -15603831.8158221
1.47 -15603831.25559
1.48 -15603831.0475317
1.49 -15603831.0790721
1.50 -15603831.4490758
1.51 -15603832.1279971
1.52 -15603832.9943159
1.53 -15603834.1457298
1.54 -15603835.4503574
1.55 -15603836.8382942
1.56 -15603838.3056059
1.57 -15603839.6668451
1.58 -15603841.0252814
1.59 -15603842.1517562
1.60 -15603843.0907389
1.61 -15603843.827075
1.62 -15603844.2485121
1.63 -15603844.384947
1.64 -15603844.2829966
1.65 -15603843.8164646
1.66 -15603843.16935
1.67 -15603842.2641992
1.68 -15603841.223608
1.69 -15603840.0507442
1.70 -15603838.8248297
1.71 -15603837.5471923
1.72 -15603836.3426235
1.73 -15603835.234034
1.74 -15603834.2888906
1.75 -15603833.5047048
1.76 -15603833.0017543
1.77 -15603832.6697339
1.78 -15603832.6098429
1.79 -15603832.8497414
1.80 -15603833.3089336
1.81 -15603834.0137072
1.82 -15603834.8828685
1.83 -15603835.9369542
1.84 -15603837.0948485
1.85 -15603838.3171054
1.86 -15603839.4965759
1.87 -15603840.6722797
1.88 -15603841.705105
1.89 -15603842.5831584
1.90 -15603843.2079505
1.91 -15603843.5660136
1.92 -15603843.6825084
1.93 -15603843.514722
1.94 -15603843.0756959
1.95 -15603842.3479966
1.96 -15603841.4765626
1.97 -15603840.4468794
1.98 -15603839.3172726
1.99 -15603838.2128038
2.00 -15603837.0743836
2.01 -15603836.10215
2.02 -15603835.2290616
2.03 -15603834.5553259
2.04 -15603834.0622821
2.05 -15603833.762037
2.06 -15603833.6940348
2.07 -15603833.8776155
2.08 -15603834.281685
2.09 -15603834.9073819
2.10 -15603835.6902538
2.11 -15603836.5885073
2.12 -15603837.5957196
2.13 -15603838.6481174
2.15 -15603840.5888081
2.16 -15603841.4203967
2.17 -15603842.1091047
2.18 -15603842.6736826
2.19 -15603842.9255627
2.20 -15603843.0069931
2.21 -15603842.8625045
2.22 -15603842.4730964
2.23 -15603841.8825601
2.24 -15603841.0460191
2.25 -15603840.130207
2.26 -15603839.1688846
2.27 -15603838.1242126
2.28 -15603837.1663492
2.29 -15603836.3062544
2.30 -15603835.5897874
2.31 -15603835.0693728
2.32 -15603834.743211
2.33 -15603834.5846752
2.34 -15603834.6721303
2.35 -15603835.0286314
2.36 -15603835.4729325
2.37 -15603836.1643291
2.38 -15603836.9630182
2.39 -15603837.8575953
2.40 -15603838.7497717
2.41 -15603839.7026236
2.42 -15603840.5067365
2.43 -15603841.2612529
2.44 -15603841.8412603
2.45 -15603842.2797898
2.46 -15603842.5211769
2.47 -15603842.5518236
2.48 -15603842.4130097
2.49 -15603842.0541409
2.50 -15603841.5352516
2.51 -15603840.9005335
2.52 -15603840.1102748
2.53 -15603839.310577
2.54 -15603838.4712224
2.55 -15603837.6631112
2.56 -15603836.9374067
2.57 -15603836.2806044
2.58 -15603835.7923591
2.59 -15603835.4928833
2.60 -15603835.3797405
2.61 -15603835.4390487
2.62 -15603835.7415993
2.63 -15603836.1890447
2.64 -15603836.8312513
2.65 -15603837.5529866
2.66 -15603838.3499274
2.67 -15603839.1922571
2.69 -15603840.7587195
2.70 -15603841.3979109
2.71 -15603841.9197168
2.72 -15603842.2802569
2.73 -15603842.44178
2.74 -15603842.3814109
2.75 -15603842.1251037
2.76 -15603841.7467545
2.77 -15603841.2062671
2.78 -15603840.5682321
2.79 -15603839.8441827
2.80 -15603839.1224021
2.81 -15603838.3731234
2.82 -15603837.7770758
2.83 -15603837.2087174
2.84 -15603836.7697922
2.85 -15603836.4274371
2.86 -15603836.2567056
2.87 -15603836.2321605
2.88 -15603836.3650423
2.89 -15603836.6967957
2.90 -15603837.1490562
2.91 -15603837.7141131
2.92 -15603838.3478158
2.93 -15603839.1012582
2.94 -15603839.8284219
2.95 -15603840.4810094
2.96 -15603841.1262707
2.97 -15603841.6003637
2.98 -15603841.9604621
2.99 -15603842.1920023
3.00 -15603842.2405719
3.01 -15603842.1089876
3.02 -15603841.8217853
3.03 -15603841.3595123
3.04 -15603840.8366986
3.05 -15603840.1808969
3.06 -15603839.511234
3.07 -15603838.8550908
3.08 -15603838.2521746
3.09 -15603837.7229049
3.10 -15603837.3136098
3.11 -15603837.0438708
3.12 -15603836.9206915
3.13 -15603836.9105478
3.14 -15603837.0676106
3.15 -15603837.347732
3.16 -15603837.7685825
3.17 -15603838.2787663
3.18 -15603838.8097408
3.19 -15603839.4438606
3.20 -15603840.0602402
3.21 -15603840.6684454
3.22 -15603841.180539
3.24 -15603841.9215704
3.25 -15603842.1312262
3.26 -15603842.1283184
3.27 -15603842.0586964
3.28 -15603841.7915187
3.29 -15603841.4210905
3.30 -15603840.9452982
3.31 -15603840.3932877
3.32 -15603839.8064146
3.33 -15603839.2463484
3.34 -15603838.6867565
3.35 -15603838.2428366
3.36 -15603837.8930485
3.37 -15603837.5905147
3.38 -15603837.4265323
3.39 -15603837.4605109
3.40 -15603837.6300925
3.41 -15603837.9299989
3.42 -15603838.3597763
3.44 -15603839.4623101
3.45 -15603839.9827084
3.46 -15603840.5433162
3.47 -15603841.0751445
3.48 -15603841.5595303
3.50 -15603842.1614133
3.51 -15603842.2821033
3.52 -15603842.2601056
3.53 -15603842.1076847
3.54 -15603841.8473635
3.55 -15603841.4735939
3.56 -15603841.0225899
3.57 -15603840.5405917
3.58 -15603840.0353065
3.59 -15603839.5415242
3.60 -15603839.0611645
3.62 -15603838.3507637
3.63 -15603838.1530265
3.64 -15603838.0623276
3.65 -15603838.0681191
3.66 -15603838.2172771
3.67 -15603838.4975898
3.68 -15603838.9074038
3.69 -15603839.3325245
3.70 -15603839.9133111
3.71 -15603840.4666919
3.72 -15603841.0013072
3.73 -15603841.4894255
3.74 -15603841.8973544
3.75 -15603842.2422618
3.76 -15603842.4143601
3.77 -15603842.4992239
3.78 -15603842.444
3.79 -15603842.2498687
3.80 -15603841.9554105
3.81 -15603841.5800644
3.82 -15603841.0724173
3.83 -15603840.609395
3.84 -15603840.137023
3.85 -15603839.6573597
3.86 -15603839.2564313
3.87 -15603838.9948728
3.88 -15603838.7099672
3.89 -15603838.5804873
3.90 -15603838.5848692
3.91 -15603838.661914
3.92 -15603838.8785304
3.93 -15603839.1527909
3.94 -15603839.5298614
3.95 -15603839.9591669
3.97 -15603840.9570976
3.98 -15603841.4215481
3.99 -15603841.8836909
4.00 -15603842.2835857
4.01 -15603842.5605671
4.02 -15603842.7218184
4.03 -15603842.7825259
4.04 -15603842.6712365
4.05 -15603842.4817965
4.06 -15603842.1819955
4.07 -15603841.8120984
4.08 -15603841.3426351
4.09 -15603840.8997623
4.10 -15603840.4554324
4.11 -15603840.0327051
4.12 -15603839.6861973
4.13 -15603839.369953
4.14 -15603839.2119865
4.15 -15603839.1271246
4.16 -15603839.1580629
4.17 -15603839.267929
4.18 -15603839.5401952
4.19 -15603839.8465853
4.20 -15603840.2267734
4.21 -15603840.6818877
4.22 -15603841.1084348
4.23 -15603841.5638424
4.24 -15603841.9703216
4.25 -15603842.3249457
4.26 -15603842.6171319
4.27 -15603842.8391001
4.28 -15603842.9340481
4.29 -15603842.9385537
4.30 -15603842.8239188
4.31 -15603842.6306305
4.32 -15603842.3316547
4.33 -15603841.975522
4.34 -15603841.5880092
4.36 -15603840.8082768
4.37 -15603840.459654
4.38 -15603840.1289562
4.39 -15603839.9012656
4.40 -15603839.7688304
4.41 -15603839.7771234
4.42 -15603839.7932851
4.43 -15603839.95833
4.44 -15603840.2317417
4.45 -15603840.5706912
4.46 -15603840.9553695
4.48 -15603841.7743615
4.49 -15603842.1800027
4.50 -15603842.5430964
4.51 -15603842.7789116
4.52 -15603843.0019523
4.53 -15603843.1354669
4.54 -15603843.1302844
4.55 -15603843.0632581
4.56 -15603842.9054362
4.57 -15603842.6821155
4.58 -15603842.3688028
4.59 -15603842.0545004
4.60 -15603841.7226247
4.61 -15603841.3855156
4.62 -15603841.0238468
4.63 -15603840.7889287
4.64 -15603840.5656489
4.65 -15603840.4299045
4.66 -15603840.3439803
4.67 -15603840.417438
4.68 -15603840.5081702
4.69 -15603840.73814
4.70 -15603840.9834633
4.71 -15603841.3403876
4.72 -15603841.7039033
4.73 -15603842.0815609
4.74 -15603842.4833008
4.75 -15603842.8270794
4.76 -15603843.1302385
4.77 -15603843.3273533
4.78 -15603843.4517341
4.79 -15603843.4827049
4.80 -15603843.4454013
4.81 -15603843.3105423
4.82 -15603843.0601887
4.83 -15603842.8061216
4.84 -15603842.4869499
4.85 -15603842.1389826
4.86 -15603841.800762
4.87 -15603841.5118544
4.88 -15603841.2626102
4.89 -15603841.0585195
4.90 -15603840.944196
4.91 -15603840.858211
4.92 -15603840.9075558
4.93 -15603841.0119801
4.94 -15603841.1639534
4.95 -15603841.3696069
4.96 -15603841.6948172
4.97 -15603842.0356457
4.98 -15603842.3962757
4.99 -15603842.7633386
5.00 -15603843.073689
5.01 -15603843.3844844
5.02 -15603843.6048025
5.03 -15603843.7698152
5.04 -15603843.8351923
5.05 -15603843.8552534
5.07 -15603843.5764216
5.08 -15603843.3876104
5.09 -15603843.0680876
5.10 -15603842.7651882
5.11 -15603842.4319782
5.12 -15603842.1345766
5.13 -15603841.8761087
5.14 -15603841.6291143
5.15 -15603841.5287221
5.16 -15603841.4879253
5.17 -15603841.5220549
5.18 -15603841.5746793
5.19 -15603841.7139592
5.20 -15603841.9624218
5.21 -15603842.2350296
5.22 -15603842.5891671
5.23 -15603842.9101146
5.25 -15603843.5811805
5.26 -15603843.8403401
5.27 -15603844.1005262
5.28 -15603844.2258985
5.29 -15603844.3253476
5.30 -15603844.334205
5.31 -15603844.2798626
5.32 -15603844.1239713
5.33 -15603843.9363771
5.34 -15603843.6736914
5.35 -15603843.3712586
5.36 -15603843.0662709
5.37 -15603842.8159242
5.38 -15603842.5475644
5.39 -15603842.3887659
5.40 -15603842.1727423
5.41 -15603842.0970961
5.42 -15603842.0576727
5.43 -15603842.1187063
5.44 -15603842.2475131
5.45 -15603842.4404188
5.47 -15603843.0048294
5.48 -15603843.2631193
5.50 -15603843.8919869
5.51 -15603844.1723269
5.52 -15603844.3656562
5.53 -15603844.553692
5.54 -15603844.6742762
5.55 -15603844.643701
5.56 -15603844.5917283
5.57 -15603844.5013103
5.59 -15603844.1049948
5.60 -15603843.8779892
5.61 -15603843.6779383
5.62 -15603843.4298206
5.63 -15603843.2523059
5.64 -15603843.0539894
5.65 -15603842.9482246
5.66 -15603842.8490726
5.67 -15603842.8131851
5.68 -15603842.8533035
5.69 -15603842.9788693
5.70 -15603843.1496428
5.71 -15603843.3795529
5.72 -15603843.654134
5.73 -15603843.9223347
5.74 -15603844.2228122
5.75 -15603844.482511
5.76 -15603844.7681615
5.77 -15603844.9450472
5.78 -15603845.1406915
5.79 -15603845.2041525
5.80 -15603845.2370892
5.81 -15603845.2083089
5.82 -15603845.0420077
5.83 -15603844.9151458
5.84 -15603844.6673675
5.85 -15603844.4784908
5.86 -15603844.2159406
5.87 -15603843.9908381
5.88 -15603843.7807403
5.89 -15603843.6208051
5.90 -15603843.4805564
5.91 -15603843.4410897
5.92 -15603843.4711506
5.93 -15603843.5480978
5.94 -15603843.6335818
5.95 -15603843.7719964
5.96 -15603844.0006766
5.97 -15603844.2613949
5.99 -15603844.8142413
6.00 -15603845.0422756
6.01 -15603845.3226713
6.02 -15603845.4916861
6.03 -15603845.6611044
6.04 -15603845.7696272
6.05 -15603845.75297
6.06 -15603845.7225313
6.07 -15603845.59128
6.08 -15603845.4478709
6.09 -15603845.2603622
6.10 -15603845.0417436
6.11 -15603844.763638
6.12 -15603844.5606599
6.13 -15603844.3903636
6.14 -15603844.1476902
6.15 -15603844.0530273
6.16 -15603843.9707335
6.17 -15603843.9668977
6.18 -15603844.0252751
6.19 -15603844.1411218
6.20 -15603844.2981379
6.22 -15603844.7642508
6.23 -15603845.0458391
6.24 -15603845.2918817
6.25 -15603845.5507785
6.26 -15603845.7772279
6.27 -15603845.9874101
6.29 -15603846.2149483
6.30 -15603846.224353
6.31 -15603846.202499
6.32 -15603846.0712055
6.33 -15603845.9092294
6.34 -15603845.7228055
6.35 -15603845.5293673
6.36 -15603845.3354233
6.37 -15603845.0438085
6.38 -15603844.8673279
6.39 -15603844.6785427
6.40 -15603844.5711472
6.41 -15603844.4581996
6.42 -15603844.4176498
6.43 -15603844.4839575
6.44 -15603844.5789454
6.45 -15603844.696317
6.46 -15603844.9224548
6.47 -15603845.1451619
6.48 -15603845.4049973
6.49 -15603845.7115767
6.50 -15603845.9682339
6.51 -15603846.2305257
6.52 -15603846.4536938
6.53 -15603846.6133209
6.54 -15603846.7479997
6.55 -15603846.7668794
6.56 -15603846.7518791
6.57 -15603846.6642584
6.58 -15603846.5659511
6.59 -15603846.3658814
6.61 -15603845.9938022
6.62 -15603845.7861328
6.63 -15603845.603415
6.64 -15603845.4598659
6.65 -15603845.3340402
6.66 -15603845.2738742
6.67 -15603845.1958219
6.68 -15603845.2514896
6.69 -15603845.306054
6.70 -15603845.4475084
6.71 -15603845.5919159
6.72 -15603845.7739561
6.73 -15603845.9993954
6.74 -15603846.2448991
6.75 -15603846.5005617
6.76 -15603846.708932
6.77 -15603846.9059532
6.78 -15603847.066845
6.79 -15603847.1616778
6.80 -15603847.2198809
6.81 -15603847.229225
6.82 -15603847.1360437
6.83 -15603847.0696963
6.84 -15603846.8945893
6.85 -15603846.7194549
6.86 -15603846.5564381
6.87 -15603846.3401648
6.88 -15603846.1802437
6.89 -15603846.0611573
6.90 -15603845.9751374
6.91 -15603845.8903155
6.93 -15603845.9520756
6.94 -15603846.0657075
6.95 -15603846.1966676
6.96 -15603846.3807559
6.97 -15603846.5669371
6.98 -15603846.7934726
6.99 -15603846.9984648
7.00 -15603847.221414
7.02 -15603847.5984989
7.03 -15603847.7408018
7.04 -15603847.8261785
7.05 -15603847.8739498
7.06 -15603847.8678971
7.07 -15603847.7914112
7.08 -15603847.7105628
7.09 -15603847.5445552
7.10 -15603847.366563
7.11 -15603847.1729836
7.12 -15603846.9961876
7.13 -15603846.8272828
7.14 -15603846.7114099
7.15 -15603846.5749515
7.16 -15603846.5000231
7.17 -15603846.5099333
7.18 -15603846.5153704
7.19 -15603846.5898843
7.20 -15603846.7284841
7.21 -15603846.9057752
7.22 -15603847.1124772
7.23 -15603847.3673601
7.25 -15603847.840428
7.26 -15603848.0343093
7.27 -15603848.2246217
7.28 -15603848.3894715
7.29 -15603848.4674955
7.30 -15603848.4823381
7.31 -15603848.5269959
7.32 -15603848.440509
7.33 -15603848.3670335
7.34 -15603848.2787017
7.35 -15603848.1240685
7.36 -15603847.929145
7.37 -15603847.7570138
7.38 -15603847.6278313
7.39 -15603847.4880733
7.40 -15603847.3933165
7.41 -15603847.3024804
7.42 -15603847.2657808
7.43 -15603847.3224561
7.44 -15603847.3591985
7.45 -15603847.4624058
7.46 -15603847.5957332
7.47 -15603847.7662301
7.48 -15603847.9562517
7.50 -15603848.3633166
7.51 -15603848.5700645
7.52 -15603848.7634552
7.53 -15603848.9015933
7.54 -15603848.9988408
7.55 -15603849.0457777
7.56 -15603849.0598007
7.57 -15603849.0007786
7.58 -15603848.8885892
7.59 -15603848.7692075
7.60 -15603848.6907812
7.61 -15603848.5341073
7.62 -15603848.368065
7.63 -15603848.2866708
7.65 -15603848.0868001
7.66 -15603848.0534823
7.67 -15603848.0194231
7.68 -15603848.0344322
7.69 -15603848.0920346
7.70 -15603848.190267
7.71 -15603848.3313036
7.72 -15603848.4856316
7.73 -15603848.6944948
7.74 -15603848.8788227
7.75 -15603849.023126
7.76 -15603849.2326928
7.77 -15603849.3841431
7.78 -15603849.5055437
7.79 -15603849.6184124
7.80 -15603849.6463316
7.81 -15603849.6452744
7.82 -15603849.6304421
7.83 -15603849.5038116
7.84 -15603849.377954
7.85 -15603849.2968378
7.86 -15603849.1067719
7.87 -15603849.0021262
7.88 -15603848.8994379
7.89 -15603848.8095645
7.90 -15603848.7609766
7.91 -15603848.7111868
7.92 -15603848.7375731
7.93 -15603848.7713211
7.94 -15603848.8681422
7.95 -15603848.9879759
7.96 -15603849.1469102
7.97 -15603849.3741555
7.98 -15603849.5302052
7.99 -15603849.7321259
8.02 -15603850.2423907
8.03 -15603850.3780385
8.04 -15603850.4580465
8.05 -15603850.5080661
8.06 -15603850.498631
8.07 -15603850.4435367
8.08 -15603850.3539699
8.09 -15603850.2271846
8.10 -15603850.1527212
8.11 -15603849.9758771
8.12 -15603849.8184321
8.13 -15603849.6825633
8.14 -15603849.5701035
8.15 -15603849.4854769
8.16 -15603849.4366769
8.17 -15603849.4204968
8.18 -15603849.3856724
8.20 -15603849.6072565
8.21 -15603849.7323352
8.22 -15603849.9172659
8.23 -15603850.1324552
8.24 -15603850.312103
8.25 -15603850.5169971
8.26 -15603850.681748
8.27 -15603850.8782818
8.28 -15603851.0007401
8.29 -15603851.1125993
8.30 -15603851.1825891
8.31 -15603851.20306
8.32 -15603851.1726053
8.33 -15603851.1429263
8.34 -15603851.0847917
8.35 -15603850.97221
8.36 -15603850.8852653
8.37 -15603850.7349995
8.38 -15603850.6893461
8.39 -15603850.5415004
8.40 -15603850.4955327
8.41 -15603850.4245139
8.42 -15603850.3466715
8.43 -15603850.3165172
8.44 -15603850.3496423
8.45 -15603850.4117166
8.46 -15603850.4890681
8.47 -15603850.6144932
8.48 -15603850.7409184
8.50 -15603851.0012509
8.51 -15603851.201541
8.52 -15603851.2980615
8.53 -15603851.3996301
8.54 -15603851.4838074
8.55 -15603851.5270746
8.56 -15603851.5778806
8.57 -15603851.5841196
8.58 -15603851.5330335
8.59 -15603851.4686601
8.60 -15603851.4419665
8.61 -15603851.326734
8.62 -15603851.2989778
8.63 -15603851.2389815
8.65 -15603851.2215299
8.66 -15603851.1892728
8.67 -15603851.1605475
8.68 -15603851.2113667
8.69 -15603851.2942066
8.70 -15603851.3543515
8.71 -15603851.4723823
8.72 -15603851.5743328
8.73 -15603851.6992063
8.74 -15603851.7986995
8.75 -15603851.9011082
8.76 -15603851.992275
8.77 -15603852.1286367
8.78 -15603852.195696
8.79 -15603852.2268535
8.80 -15603852.1948612
8.81 -15603852.2176263
8.82 -15603852.1601719
8.83 -15603852.1091069
8.84 -15603852.0372782
8.85 -15603851.9199677
8.86 -15603851.8655025
8.87 -15603851.8163482
8.88 -15603851.7578703
8.89 -15603851.7102355
8.90 -15603851.7266387
8.91 -15603851.7360022
8.92 -15603851.8155116
8.93 -15603851.8930158
8.94 -15603852.0351407
8.95 -15603852.1547393
8.96 -15603852.3001713
8.97 -15603852.484617
8.98 -15603852.5982527
8.99 -15603852.7587322
9.00 -15603852.9272815
9.01 -15603853.0147109
9.02 -15603853.1288317
9.03 -15603853.1582265
9.04 -15603853.214686
9.05 -15603853.2362874
9.06 -15603853.2021575
9.07 -15603853.1689597
9.08 -15603853.0479399
9.09 -15603852.9642324
9.10 -15603852.8270048
9.11 -15603852.7754093
9.12 -15603852.6910402
9.13 -15603852.5877785
9.14 -15603852.5445218
9.15 -15603852.5329393
9.16 -15603852.5212487
9.17 -15603852.496131
9.18 -15603852.567154
9.19 -15603852.6893142
9.20 -15603852.8047421
9.21 -15603852.9405359
9.22 -15603853.0671961
9.23 -15603853.3059805
9.24 -15603853.4334117
9.25 -15603853.5784654
9.27 -15603853.8239183
9.28 -15603853.9255747
9.29 -15603853.9586415
9.30 -15603853.9594393
9.31 -15603853.9143193
9.32 -15603853.8927386
9.33 -15603853.8107013
9.34 -15603853.7834467
9.35 -15603853.6247613
9.36 -15603853.5719176
9.37 -15603853.4992534
9.38 -15603853.3984076
9.39 -15603853.326911
9.40 -15603853.2967377
9.41 -15603853.3108311
9.42 -15603853.3192595
9.43 -15603853.3957142
9.44 -15603853.4677968
9.45 -15603853.5457838
9.46 -15603853.6699933
9.47 -15603853.823379
9.48 -15603853.980515
9.49 -15603854.1667721
9.50 -15603854.329478
9.51 -15603854.4765388
9.52 -15603854.5904127
9.53 -15603854.6934401
9.54 -15603854.7626386
9.55 -15603854.8138494
9.56 -15603854.8058176
9.57 -15603854.7810213
9.58 -15603854.7102958
9.59 -15603854.681048
9.60 -15603854.5599228
9.61 -15603854.530999
9.62 -15603854.4647593
9.63 -15603854.395075
9.64 -15603854.3303162
9.65 -15603854.3378383
9.66 -15603854.3161954
9.67 -15603854.3802644
9.68 -15603854.4414889
9.69 -15603854.5022296
9.70 -15603854.5411767
9.71 -15603854.680774
9.72 -15603854.7600034
9.73 -15603854.8820667
9.74 -15603855.0014348
9.75 -15603855.0731959
9.76 -15603855.2092694
9.77 -15603855.2541189
9.78 -15603855.3521747
9.79 -15603855.4061239
9.80 -15603855.4424352
9.81 -15603855.4083778
9.82 -15603855.3660714
9.83 -15603855.3324772
9.85 -15603855.1605881
9.86 -15603855.1021117
9.87 -15603855.0546111
9.88 -15603854.9828073
9.89 -15603854.978873
9.90 -15603854.9841054
9.91 -15603854.9761021
9.92 -15603855.0402468
9.93 -15603855.0846778
9.94 -15603855.1873759
9.95 -15603855.2718619
9.96 -15603855.3931742
9.97 -15603855.561972
9.98 -15603855.6924091
9.99 -15603855.8268359
10.00 -15603855.9297104
