0.01 -62422255.6690073
0.02 -62422255.7966365
0.03 -62422255.9495156
0.04 -62422256.3260353
0.05 -62422256.7192267
0.06 -62422257.2680974
0.07 -62422257.9446495
0.08 -62422258.7020268
0.09 -62422259.5998301
0.10 -62422260.6842573
0.11 -62422261.7952094
0.12 -62422263.0055739
0.13 -62422264.3592987
0.14 -62422265.8262305
0.16 -62422268.8588839
0.17 -62422270.5711291
0.18 -62422272.3519033
0.19 -62422274.2363094
0.20 -62422276.1233802
0.21 -62422278.0575542
0.22 -62422279.9923517
0.23 -62422281.9193942
0.24 -62422283.6524205
0.25 -62422285.2444528
0.26 -62422286.6555226
0.27 -62422287.8331292
0.28 -62422288.6547979
0.30 -62422289.2511483
0.31 -62422288.9606405
0.32 -62422288.1473924
0.33 -62422286.9504358
0.34 -62422285.234519
0.35 -62422283.1201302
0.36 -62422280.3880911
0.37 -62422277.308982
0.38 -62422273.9655888
0.39 -62422270.3122618
0.40 -62422266.5843117
0.41 -62422262.8622216
0.42 -62422259.3390032
0.44 -62422253.3387004
0.45 -62422251.0583314
0.46 -62422249.5054098
0.47 -62422248.6855979
0.48 -62422248.6686481
0.49 -62422249.5210067
0.50 -62422251.2186741
0.51 -62422253.6810535
0.53 -62422260.4576524
0.55 -62422268.6864989
0.56 -62422272.84858
0.57 -62422276.8284725
0.58 -62422280.3139702
0.59 -62422283.1357745
0.60 -62422285.0995239
0.61 -62422286.0812871
0.62 -62422285.8676164
0.63 -62422284.4002912
0.64 -62422281.7333962
0.65 -62422278.0296672
0.66 -62422273.5520129
0.67 -62422268.6530564
0.68 -62422263.8206328
0.69 -62422259.3189168
0.70 -62422255.6503597
0.72 -62422251.5670725
0.73 -62422251.4839098
0.74 -62422252.8076281
0.75 -62422255.4267939
0.76 -62422259.1624154
0.77 -62422263.6607157
0.78 -62422268.4304234
0.80 -62422277.3754875
0.81 -62422280.6886804
0.83 -62422283.5612261
0.84 -62422282.8242239
0.85 -62422280.6627357
0.86 -62422277.3479178
0.87 -62422273.1310933
0.88 -62422268.4465094
0.89 -62422263.7653185
0.90 -62422259.5769955
0.92 -62422254.3678449
0.93 -62422254.147367
0.94 -62422255.453223
0.95 -62422258.331119
0.96 -62422262.4149942
0.97 -62422267.1083982
0.98 -62422272.0208905
0.99 -62422276.3922698
1.00 -62422279.7940032
1.01 -62422281.7613943
1.02 -62422282.0031709
1.03 -62422280.5717197
1.04 -62422277.5388775
1.05 -62422273.5399534
1.06 -62422269.0173568
1.07 -62422264.6220988
1.08 -62422260.8916458
1.09 -62422258.1466348
1.10 -62422256.6823706
1.11 -62422256.7851997
1.12 -62422258.4948313
1.13 -62422261.623958
1.14 -62422265.7154019
1.15 -62422270.2666191
1.16 -62422274.5415786
1.17 -62422278.0675454
1.18 -62422280.3810756
1.19 -62422280.9736268
1.20 -62422279.8081222
1.22 -62422272.925842
1.23 -62422268.339629
1.24 -62422264.0330873
1.25 -62422260.5350987
1.26 -62422258.4877216
1.27 -62422257.9464826
1.28 -62422258.9963091
1.29 -62422261.5062285
1.30 -62422265.1663548
1.31 -62422269.3458212
1.32 -62422273.5161862
1.33 -62422277.0462245
1.34 -62422279.3038693
1.35 -62422280.0704321
1.36 -62422279.1244884
1.37 -62422276.550064
1.38 -62422272.8420461
1.39 -62422268.5179735
1.40 -62422264.4686241
1.42 -62422259.2771696
1.43 -62422259.1459301
1.44 -62422260.7954779
1.45 -62422263.8635985
1.46 -62422267.6975869
1.47 -62422271.7515987
1.48 -62422275.3428751
1.49 -62422277.9236584
1.50 -62422279.0126548
1.51 -62422278.4455339
1.52 -62422276.3719351
1.54 -62422269.4037324
1.55 -62422265.7837047
1.56 -62422262.8323566
1.57 -62422261.0524712
1.58 -62422260.7732438
1.59 -62422262.0871393
1.60 -62422264.8697887
1.61 -62422268.5692669
1.62 -62422272.4609086
1.63 -62422275.8144944
1.65 -62422278.7951688
1.66 -62422277.9292201
1.67 -62422275.5254
1.68 -62422272.1881762
1.69 -62422268.6056426
1.70 -62422265.425898
1.71 -62422263.1729712
1.72 -62422262.1747058
1.73 -62422262.6313354
1.74 -62422264.4187739
1.75 -62422267.2105612
1.76 -62422270.6355063
1.77 -62422273.9954811
1.78 -62422276.6891936
1.79 -62422278.242675
1.80 -62422278.1962613
1.81 -62422276.6178544
1.83 -62422270.5254568
1.84 -62422267.2427198
1.85 -62422264.7340426
1.86 -62422263.3670226
1.87 -62422263.4150805
1.88 -62422264.8960906
1.89 -62422267.4115117
1.90 -62422270.4941457
1.91 -62422273.5114849
1.92 -62422276.042612
1.93 -62422277.5133323
1.94 -62422277.7955832
1.95 -62422276.6446246
1.96 -62422274.2735911
1.98 -62422268.1957047
1.99 -62422265.7135867
2.00 -62422264.2202159
2.01 -62422264.064663
2.02 -62422265.2997113
2.03 -62422267.7018861
2.04 -62422270.7868509
2.05 -62422273.772002
2.06 -62422276.2051319
2.07 -62422277.4623237
2.08 -62422277.5407658
2.09 -62422276.2825654
2.10 -62422274.1090791
2.11 -62422271.2776736
2.12 -62422268.6510659
2.13 -62422266.4954962
2.15 -62422265.3525547
2.16 -62422266.6235716
2.17 -62422268.8691485
2.18 -62422271.723832
2.19 -62422274.5348482
2.20 -62422276.7251269
2.21 -62422277.8027341
2.22 -62422277.5207572
2.23 -62422275.9383071
2.24 -62422273.6269828
2.25 -62422270.914056
2.26 -62422268.5161109
2.27 -62422266.9014278
2.28 -62422266.2263953
2.30 -62422268.3446338
2.31 -62422270.6689276
2.32 -62422273.221943
2.33 -62422275.5863748
2.34 -62422277.2388508
2.35 -62422277.8772087
2.36 -62422277.166872
2.37 -62422275.3776312
2.38 -62422272.9164384
2.39 -62422270.3483041
2.40 -62422268.2447003
2.41 -62422267.0367831
2.42 -62422267.0517704
2.43 -62422268.0952568
2.44 -62422270.117872
2.45 -62422272.5896903
2.46 -62422274.9587222
2.47 -62422276.7884198
2.48 -62422277.681175
2.49 -62422277.4830295
2.50 -62422276.2934186
2.51 -62422274.3304803
2.53 -62422269.7163272
2.54 -62422268.2278536
2.55 -62422267.7045299
2.56 -62422268.2884363
2.57 -62422269.9072345
2.58 -62422272.2017493
2.60 -62422276.7422218
2.61 -62422277.9415185
2.62 -62422278.1095888
2.63 -62422277.1307019
2.64 -62422275.3272289
2.65 -62422273.1804496
2.66 -62422271.0852841
2.67 -62422269.5443359
2.68 -62422268.7184375
2.69 -62422268.9253767
2.70 -62422270.1083134
2.72 -62422274.4053093
2.73 -62422276.4735531
2.75 -62422278.461951
2.76 -62422277.8482955
2.77 -62422276.2564701
2.78 -62422274.143672
2.79 -62422272.008423
2.80 -62422270.4305581
2.81 -62422269.5337876
2.82 -62422269.6271384
2.83 -62422270.5969631
2.84 -62422272.288752
2.85 -62422274.3767023
2.86 -62422276.4153366
2.87 -62422277.87746
2.88 -62422278.5494416
2.89 -62422278.2286688
2.90 -62422276.9327061
2.91 -62422275.1095921
2.92 -62422273.0464086
2.93 -62422271.3715732
2.94 -62422270.4126017
2.95 -62422270.3576306
2.96 -62422271.3120191
2.97 -62422272.9932057
2.98 -62422275.0047472
2.99 -62422276.9116334
3.00 -62422278.3054235
3.01 -62422278.9829984
3.02 -62422278.7814969
3.03 -62422277.6635521
3.04 -62422276.0122289
3.05 -62422274.1434497
3.06 -62422272.6108851
3.07 -62422271.5533473
3.08 -62422271.3343922
3.09 -62422272.1251328
3.10 -62422273.6123667
3.11 -62422275.5742738
3.12 -62422277.4750251
3.13 -62422278.8854488
3.14 -62422279.5025152
3.15 -62422279.3039874
3.16 -62422278.2843318
3.17 -62422276.7121608
3.18 -62422274.9850884
3.19 -62422273.5413129
3.20 -62422272.6360293
3.21 -62422272.5161852
3.22 -62422273.0186741
3.23 -62422274.3450749
3.24 -62422276.0113233
3.25 -62422277.684736
3.26 -62422279.0712957
3.27 -62422279.7713223
3.28 -62422279.5129771
3.29 -62422278.5270455
3.30 -62422277.0571131
3.31 -62422275.4738157
3.32 -62422274.1814489
3.33 -62422273.4675338
3.34 -62422273.5076778
3.35 -62422274.2829351
3.36 -62422275.5668192
3.37 -62422277.1579664
3.38 -62422278.6364002
3.39 -62422279.7694169
3.40 -62422280.2257878
3.41 -62422279.9518236
3.42 -62422278.9743533
3.43 -62422277.5123825
3.44 -62422276.0177039
3.45 -62422274.8103288
3.46 -62422274.1353019
3.47 -62422274.2471858
3.48 -62422275.0957543
3.49 -62422276.4506512
3.50 -62422278.1272143
3.51 -62422279.6005376
3.52 -62422280.5618086
3.53 -62422280.8355387
3.54 -62422280.3715089
3.55 -62422279.3072008
3.56 -62422277.8625818
3.57 -62422276.4869706
3.59 -62422274.859863
3.60 -62422275.0089167
3.61 -62422275.9587625
3.62 -62422277.3285359
3.63 -62422279.0417734
3.64 -62422280.4741423
3.65 -62422281.4616078
3.66 -62422281.6654123
3.67 -62422281.0339985
3.68 -62422279.8531684
3.69 -62422278.4120332
3.70 -62422277.0546513
3.71 -62422276.0715527
3.72 -62422275.6456324
3.73 -62422275.90877
3.74 -62422276.9002077
3.75 -62422278.2501774
3.76 -62422279.7199529
3.77 -62422281.0952039
3.78 -62422281.9251885
3.79 -62422282.0661995
3.80 -62422281.4895179
3.81 -62422280.3191779
3.82 -62422278.834816
3.83 -62422277.5624
3.84 -62422276.6746031
3.86 -62422276.7860749
3.87 -62422277.8721355
3.88 -62422279.3165568
3.89 -62422280.7515172
3.90 -62422282.0076069
3.91 -62422282.7171146
3.92 -62422282.7415668
3.93 -62422282.1125045
3.94 -62422281.0413318
3.95 -62422279.713479
3.96 -62422278.4471999
3.97 -62422277.5716717
3.98 -62422277.3890101
3.99 -62422277.9015195
4.00 -62422278.8950197
4.01 -62422280.3386797
4.02 -62422281.7808673
4.03 -62422282.8416366
4.04 -62422283.3915291
4.05 -62422283.2090839
4.06 -62422282.5276274
4.08 -62422280.2378749
4.09 -62422279.1217537
4.10 -62422278.4508836
4.11 -62422278.3582365
4.12 -62422278.8530391
4.13 -62422279.9708031
4.14 -62422281.3122403
4.15 -62422282.6179155
4.16 -62422283.6373409
4.17 -62422284.0191937
4.18 -62422283.8103235
4.19 -62422283.0113793
4.20 -62422281.94137
4.21 -62422280.8488742
4.22 -62422280.0095522
4.23 -62422279.6720567
4.24 -62422279.7821011
4.25 -62422280.3775731
4.26 -62422281.424191
4.28 -62422283.6581286
4.29 -62422284.4105895
4.30 -62422284.6183258
4.32 -62422283.3744816
4.33 -62422282.3338039
4.34 -62422281.3049244
4.35 -62422280.5520361
4.36 -62422280.4001637
4.37 -62422280.7831134
4.38 -62422281.6578097
4.39 -62422282.703216
4.40 -62422283.8011657
4.41 -62422284.7660339
4.42 -62422285.2633051
4.43 -62422285.259154
4.44 -62422284.7030148
4.45 -62422283.8097824
4.46 -62422282.847063
4.47 -62422281.9608223
4.48 -62422281.3974399
4.49 -62422281.3367614
4.50 -62422281.8501876
4.51 -62422282.7622314
4.52 -62422283.9047976
4.53 -62422285.0659327
4.54 -62422285.7999165
4.55 -62422286.1116957
4.56 -62422285.8598635
4.57 -62422285.1393606
4.58 -62422284.2049547
4.59 -62422283.2873964
4.60 -62422282.5816035
4.61 -62422282.286349
4.62 -62422282.3941579
4.63 -62422283.0327263
4.64 -62422283.9884891
4.65 -62422285.1750075
4.66 -62422286.2188343
4.67 -62422286.9151983
4.68 -62422287.0363491
4.69 -62422286.6756733
4.70 -62422285.8694847
4.71 -62422284.9282252
4.72 -62422284.0154957
4.73 -62422283.4372289
4.75 -62422283.5836554
4.76 -62422284.3354045
4.77 -62422285.242223
4.78 -62422286.2865587
4.79 -62422287.1317021
4.80 -62422287.6260439
4.82 -62422287.1174221
4.83 -62422286.3115872
4.84 -62422285.4299357
4.85 -62422284.7394349
4.86 -62422284.3238252
4.87 -62422284.4027424
4.88 -62422284.9415278
4.89 -62422285.8672342
4.90 -62422286.9293781
4.91 -62422287.8625145
4.92 -62422288.5206744
4.93 -62422288.7366722
4.94 -62422288.500669
4.95 -62422287.8865127
4.96 -62422287.0313173
4.97 -62422286.1725414
4.98 -62422285.5326795
5.00 -62422285.5299208
5.01 -62422286.1008579
5.02 -62422287.1594025
5.03 -62422288.2234532
5.05 -62422289.6793144
5.06 -62422289.6874286
5.07 -62422289.2638038
5.08 -62422288.4933337
5.09 -62422287.633913
5.10 -62422286.9282881
5.11 -62422286.4473577
5.12 -62422286.3465254
5.13 -62422286.7137871
5.14 -62422287.4535406
5.15 -62422288.4319531
5.16 -62422289.3801067
5.17 -62422290.2250647
5.18 -62422290.6536312
5.19 -62422290.5257123
5.20 -62422289.9835636
5.21 -62422289.1948336
5.22 -62422288.3877684
5.23 -62422287.7120045
5.24 -62422287.4504971
5.25 -62422287.5588156
5.26 -62422288.1099115
5.27 -62422288.8729245
5.28 -62422289.8595407
5.29 -62422290.7172643
5.31 -62422291.5117931
5.32 -62422291.271544
5.33 -62422290.7378752
5.34 -62422289.8975486
5.35 -62422289.084588
5.36 -62422288.5864183
5.37 -62422288.4518539
5.38 -62422288.6960604
5.39 -62422289.3392719
5.40 -62422290.2516778
5.41 -62422291.1414923
5.43 -62422292.3061193
5.44 -62422292.2668409
5.45 -62422291.8152163
5.46 -62422291.1320553
5.47 -62422290.4172884
5.48 -62422289.8724672
5.49 -62422289.4792287
5.50 -62422289.4919706
5.51 -62422289.9673981
5.52 -62422290.7632271
5.53 -62422291.6689971
5.54 -62422292.6023728
5.55 -62422293.2392146
5.56 -62422293.460381
5.57 -62422293.2809131
5.58 -62422292.7093841
5.59 -62422291.9974151
5.60 -62422291.3589357
5.61 -62422290.8980696
5.62 -62422290.7215265
5.63 -62422290.9825389
5.64 -62422291.4688272
5.65 -62422292.3136415
5.66 -62422293.0920758
5.67 -62422293.9173525
5.68 -62422294.4033949
5.69 -62422294.5077333
5.71 -62422293.5699142
5.72 -62422292.8599566
5.73 -62422292.2221217
5.74 -62422291.8518787
5.75 -62422291.7862209
5.76 -62422292.2232101
5.77 -62422292.8568857
5.78 -62422293.6923853
5.79 -62422294.4950839
5.80 -62422295.1458284
5.82 -62422295.2457569
5.83 -62422294.8295258
5.84 -62422294.203544
5.86 -62422293.0489677
5.87 -62422292.8448202
5.88 -62422292.9664078
5.89 -62422293.473761
5.90 -62422294.2663589
5.91 -62422295.0322883
5.92 -62422295.7577631
5.93 -62422296.2360974
5.94 -62422296.2639464
5.95 -62422296.0168925
5.96 -62422295.5292386
5.97 -62422294.9150394
5.98 -62422294.4239388
5.99 -62422294.1303217
6.00 -62422294.1419072
6.01 -62422294.4741521
6.02 -62422295.0706177
6.03 -62422295.8817311
6.04 -62422296.6688284
6.05 -62422297.2607744
6.06 -62422297.5442909
6.07 -62422297.3880353
6.08 -62422297.0133215
6.09 -62422296.3955645
6.10 -62422295.776619
6.11 -62422295.37118
6.12 -62422295.2218947
6.13 -62422295.3761141
6.14 -62422295.8285411
6.15 -62422296.5211807
6.16 -62422297.2487545
6.17 -62422298.025804
6.18 -62422298.4839281
6.19 -62422298.6153017
6.20 -62422298.3873457
6.22 -62422297.3095208
6.23 -62422296.7849343
6.24 -62422296.4155196
6.25 -62422296.4611529
6.26 -62422296.8340899
6.27 -62422297.449527
6.28 -62422298.2409135
6.29 -62422298.9925871
6.30 -62422299.5481582
6.31 -62422299.8790285
6.32 -62422299.8223894
6.33 -62422299.4870523
6.34 -62422298.9187986
6.35 -62422298.3780368
6.36 -62422297.8889768
6.37 -62422297.678733
6.38 -62422297.7566961
6.39 -62422298.1554125
6.40 -62422298.8351349
6.41 -62422299.6130326
6.42 -62422300.2930948
6.43 -62422300.8050239
6.44 -62422300.9042718
6.45 -62422300.6831398
6.46 -62422300.2798977
6.47 -62422299.7392938
6.48 -62422299.2703208
6.49 -62422298.994516
6.50 -62422299.0137386
6.51 -62422299.2783744
6.52 -62422299.8276797
6.53 -62422300.4898862
6.54 -62422301.2037049
6.55 -62422301.7492237
6.56 -62422302.086574
6.57 -62422301.9418963
6.58 -62422301.550395
6.59 -62422300.9502369
6.60 -62422300.4208629
6.61 -62422299.9807558
6.62 -62422299.8787012
6.63 -62422300.0133205
6.64 -62422300.5041189
6.65 -62422301.2145783
6.66 -62422302.0083264
6.67 -62422302.7175875
6.68 -62422303.1785134
6.69 -62422303.422093
6.70 -62422303.2812624
6.71 -62422302.8203828
6.72 -62422302.3220372
6.73 -62422301.678506
6.74 -62422301.4020941
6.75 -62422301.1908223
6.76 -62422301.5243032
6.77 -62422302.0676543
6.78 -62422302.7508654
6.80 -62422304.077792
6.81 -62422304.4611335
6.82 -62422304.5811582
6.84 -62422304.0546222
6.85 -62422303.5617527
6.86 -62422303.1054336
6.87 -62422302.858629
6.88 -62422302.9133125
6.89 -62422303.1689594
6.90 -62422303.7219513
6.91 -62422304.3268637
6.92 -62422304.9475537
6.93 -62422305.418669
6.94 -62422305.5887549
6.95 -62422305.5211115
6.96 -62422305.2357645
6.97 -62422304.8669477
6.98 -62422304.5296229
7.00 -62422304.3274262
7.02 -62422304.8793545
7.03 -62422305.3997127
7.04 -62422306.0337997
7.05 -62422306.457764
7.07 -62422306.6966407
7.08 -62422306.4590928
7.09 -62422306.1061409
7.10 -62422305.6712543
7.11 -62422305.4829451
7.12 -62422305.4442323
7.13 -62422305.575344
7.14 -62422305.9576778
7.15 -62422306.5059747
7.16 -62422307.1001433
7.17 -62422307.6140995
7.18 -62422307.9737284
7.19 -62422308.047653
7.20 -62422307.9121113
7.21 -62422307.5318814
7.22 -62422307.1567207
7.23 -62422306.8006862
7.24 -62422306.6152894
7.25 -62422306.6351209
7.26 -62422306.963447
7.27 -62422307.4817953
7.28 -62422308.0540656
7.29 -62422308.6017539
7.30 -62422309.0226266
7.31 -62422309.2694822
7.32 -62422309.2407945
7.33 -62422309.009122
7.34 -62422308.5904056
7.35 -62422308.2605
7.36 -62422308.1158979
7.37 -62422308.0122811
7.38 -62422308.2211699
7.39 -62422308.5818969
7.40 -62422309.2008636
7.41 -62422309.9156894
7.42 -62422310.4434471
7.43 -62422310.730079
7.44 -62422310.7439898
7.45 -62422310.5701488
7.46 -62422310.236786
7.47 -62422309.8679261
7.48 -62422309.5207615
7.49 -62422309.3910535
7.50 -62422309.4905645
7.51 -62422309.7508121
7.52 -62422310.2511026
7.53 -62422310.8105518
7.54 -62422311.4062203
7.55 -62422311.8450371
7.56 -62422312.0097117
7.57 -62422311.9346458
7.58 -62422311.6354738
7.59 -62422311.2325145
7.60 -62422310.8463306
7.61 -62422310.6318222
7.63 -62422310.7974195
7.64 -62422311.3400111
7.65 -62422311.9174382
7.66 -62422312.5336675
7.67 -62422313.0070134
7.68 -62422313.3167834
7.69 -62422313.4088708
7.70 -62422313.2102066
7.71 -62422312.7994997
7.72 -62422312.3624312
7.73 -62422312.0665819
7.74 -62422311.9199988
7.75 -62422311.9689359
7.76 -62422312.2878984
7.77 -62422312.8316349
7.78 -62422313.4256868
7.79 -62422314.0593809
7.80 -62422314.4768631
7.81 -62422314.7158054
7.82 -62422314.574755
7.83 -62422314.3845429
7.84 -62422313.9671434
7.85 -62422313.7067163
7.86 -62422313.4690055
7.87 -62422313.4819871
7.88 -62422313.7159119
7.89 -62422314.1241089
7.90 -62422314.7138642
7.91 -62422315.3123636
7.92 -62422315.8033458
7.93 -62422316.1010774
7.94 -62422316.1201462
7.96 -62422315.4383413
7.97 -62422315.0673409
7.98 -62422314.7736127
7.99 -62422314.6551488
8.00 -62422314.7590984
8.01 -62422315.1101997
8.02 -62422315.6750798
8.03 -62422316.3543086
8.04 -62422316.985009
8.05 -62422317.4669191
8.06 -62422317.6456231
8.07 -62422317.5981847
8.08 -62422317.2271542
8.09 -62422316.7318887
8.10 -62422316.3105969
8.11 -62422315.9731721
8.12 -62422315.9437336
8.13 -62422316.1300148
8.14 -62422316.5764824
8.15 -62422317.2149982
8.16 -62422317.9081533
8.17 -62422318.4935212
8.18 -62422318.9066554
8.19 -62422319.1147436
8.20 -62422319.0459718
8.21 -62422318.7659701
8.22 -62422318.4075322
8.23 -62422318.0221777
8.24 -62422317.83897
8.25 -62422317.7670088
8.26 -62422318.0562674
8.28 -62422318.9912149
8.29 -62422319.5654996
8.30 -62422320.0348455
8.31 -62422320.3232226
8.32 -62422320.3623527
8.33 -62422320.0906758
8.34 -62422319.8811714
8.35 -62422319.6650307
8.37 -62422319.4447261
8.38 -62422319.5589021
8.39 -62422319.9275697
8.40 -62422320.3862089
8.41 -62422320.9419392
8.42 -62422321.4215834
8.43 -62422321.7382806
8.44 -62422321.8351709
8.45 -62422321.6965924
8.46 -62422321.4063715
8.47 -62422321.0143135
8.48 -62422320.8190673
8.49 -62422320.7067945
8.50 -62422320.7261983
8.51 -62422321.0327222
8.52 -62422321.3941962
8.53 -62422321.9049802
8.54 -62422322.4219289
8.55 -62422322.8040166
8.56 -62422323.0798449
8.58 -62422322.9694462
8.59 -62422322.6743972
8.60 -62422322.4119972
8.62 -62422322.2164812
8.63 -62422322.3783407
8.64 -62422322.7187538
8.65 -62422323.185968
8.66 -62422323.730783
8.67 -62422324.1925297
8.68 -62422324.5266675
8.69 -62422324.7450085
8.70 -62422324.75695
8.71 -62422324.6092853
8.72 -62422324.4470579
8.73 -62422324.3230827
8.74 -62422324.2105327
8.75 -62422324.2579206
8.76 -62422324.5332264
8.77 -62422324.8455579
8.78 -62422325.2511696
8.79 -62422325.6016442
8.80 -62422325.8927038
8.81 -62422325.9302047
8.82 -62422325.9039567
8.83 -62422325.75586
8.84 -62422325.5978879
8.85 -62422325.4318727
8.86 -62422325.4572506
8.87 -62422325.5452268
8.88 -62422325.819501
8.89 -62422326.1837744
8.90 -62422326.6279226
8.91 -62422327.0836093
8.92 -62422327.4426457
8.93 -62422327.6429986
8.94 -62422327.636718
8.95 -62422327.411406
8.96 -62422327.1723721
8.97 -62422326.8711215
8.98 -62422326.8200065
8.99 -62422326.7751673
9.00 -62422326.9515052
9.01 -62422327.3357734
9.02 -62422327.7390684
9.04 -62422328.6330593
9.05 -62422328.9230021
9.06 -62422329.0231719
9.07 -62422329.0052223
9.08 -62422328.8229835
9.09 -62422328.5611472
9.10 -62422328.439069
9.11 -62422328.3913599
9.13 -62422328.7512397
9.14 -62422329.1414295
9.15 -62422329.6258473
9.16 -62422330.0878572
9.17 -62422330.4231227
9.18 -62422330.6026533
9.19 -62422330.6292473
9.20 -62422330.4863875
9.21 -62422330.3516028
9.22 -62422330.2451228
9.23 -62422330.1060063
9.24 -62422330.1228914
9.25 -62422330.3172515
9.26 -62422330.688684
9.27 -62422331.1756696
9.28 -62422331.5214047
9.29 -62422331.9518401
9.30 -62422332.0793166
9.31 -62422332.1264671
9.32 -62422331.9739464
9.33 -62422331.7480922
9.34 -62422331.5596351
9.35 -62422331.4137432
9.36 -62422331.3689869
9.37 -62422331.5231387
9.38 -62422331.8603454
9.39 -62422332.3417835
9.40 -62422332.8118655
9.41 -62422333.2656526
9.42 -62422333.6363225
9.43 -62422333.8200444
9.44 -62422333.7403973
9.46 -62422333.26655
9.47 -62422333.0184612
9.48 -62422332.9200862
9.49 -62422332.9621544
9.50 -62422333.114328
9.51 -62422333.5330549
9.52 -62422334.0059855
9.53 -62422334.5285749
9.54 -62422334.9628127
9.55 -62422335.2211072
9.56 -62422335.3011258
9.57 -62422335.2425871
9.58 -62422335.1019284
9.61 -62422334.7523485
9.63 -62422335.1702354
9.64 -62422335.6043382
9.65 -62422336.197559
9.66 -62422336.6266129
9.67 -62422336.9587796
9.69 -62422337.0010931
9.70 -62422336.7958185
9.71 -62422336.5716259
9.72 -62422336.3415254
9.73 -62422336.2484791
9.74 -62422336.1908454
9.75 -62422336.4008652
9.76 -62422336.7365182
9.77 -62422337.2397011
9.78 -62422337.7679352
9.79 -62422338.225938
9.80 -62422338.5073765
9.81 -62422338.5960686
9.82 -62422338.5294231
9.83 -62422338.3293638
9.84 -62422338.0684336
9.85 -62422337.9333406
9.86 -62422337.8527388
9.87 -62422337.954204
9.88 -62422338.2323114
9.89 -62422338.5850427
9.90 -62422339.0920447
9.91 -62422339.4746715
9.92 -62422339.9215653
9.93 -62422340.1146839
9.94 -62422340.2554962
9.95 -62422340.1746542
9.96 -62422340.021937
9.97 -62422339.9268557
9.98 -62422339.8454651
9.99 -62422339.8396409
10.00 -62422339.9863832
