0.00        -54436479.4256211  -54436479.4256211  -54436848.1666447 IE: -6.9688496885  FE:  -6.9688968940
0.01        -54436476.4711548  -54436476.4711548  -54436845.2875514 IE: -6.9688493103  FE:  -6.9688965254
0.02        -54436467.7288157  -54436467.7288157  -54436836.4832303 IE: -6.9688481911  FE:  -6.9688953983
0.03        -54436453.2711723  -54436453.2711723  -54436821.8725697 IE: -6.9688463403  FE:  -6.9688935279
0.04        -54436433.9639041  -54436433.9639041  -54436802.4520031 IE: -6.9688438686  FE:  -6.9688910417
0.05         -54436411.987784   -54436411.987784  -54436780.3293698 IE: -6.9688410552  FE:  -6.9688882096
0.06        -54436390.1449992  -54436390.1449992  -54436758.3393895 IE: -6.9688382590  FE:  -6.9688853945
0.07        -54436371.2949438  -54436371.2949438  -54436739.3127452 IE: -6.9688358458  FE:  -6.9688829587
0.08        -54436357.3531576  -54436357.3531576   -54436725.286815 IE: -6.9688340610  FE:  -6.9688811632
0.09        -54436349.1069269  -54436349.1069269  -54436716.9455644 IE: -6.9688330054  FE:  -6.9688800953
0.10        -54436346.0230171  -54436346.0230171  -54436713.8166909 IE: -6.9688326106  FE:  -6.9688796948
0.11        -54436347.0610258  -54436347.0610258  -54436714.8313699 IE: -6.9688327435  FE:  -6.9688798247
0.12        -54436351.0419526  -54436351.0419526   -54436718.832627 IE: -6.9688332531  FE:  -6.9688803369
0.13        -54436356.9793162  -54436356.9793162  -54436724.8644888 IE: -6.9688340132  FE:  -6.9688811091
0.14        -54436364.2697855  -54436364.2697855  -54436732.1989455 IE: -6.9688349465  FE:  -6.9688820480
0.15         -54436372.024385   -54436372.024385  -54436740.0199863 IE: -6.9688359392  FE:  -6.9688830493
0.16        -54436379.0411385  -54436379.0411385   -54436747.075698 IE: -6.9688368375  FE:  -6.9688839525
0.17        -54436383.8117951  -54436383.8117951  -54436751.8210381 IE: -6.9688374482  FE:  -6.9688845600
0.18        -54436385.0206205  -54436385.0206205  -54436753.1083105 IE: -6.9688376030  FE:  -6.9688847248
0.19        -54436382.7125681  -54436382.7125681  -54436750.7734565 IE: -6.9688373075  FE:  -6.9688844259
0.20        -54436377.6242106  -54436377.6242106  -54436745.7153434 IE: -6.9688366561  FE:  -6.9688837784
0.21        -54436371.5105255  -54436371.5105255  -54436739.5607318 IE: -6.9688358734  FE:  -6.9688829905
0.22         -54436366.091825   -54436366.091825  -54436734.0866316 IE: -6.9688351797  FE:  -6.9688822897
0.23        -54436362.4214873  -54436362.4214873  -54436730.3629549 IE: -6.9688347099  FE:  -6.9688818130
0.24        -54436360.6015756  -54436360.6015756  -54436728.5034691 IE: -6.9688344769  FE:  -6.9688815750
0.25         -54436360.199174   -54436360.199174  -54436728.1019335 IE: -6.9688344254  FE:  -6.9688815235
0.26        -54436360.8149799  -54436360.8149799  -54436728.7131916 IE: -6.9688345042  FE:  -6.9688816018
0.27        -54436362.2393735  -54436362.2393735  -54436730.1695952 IE: -6.9688346866  FE:  -6.9688817882
0.28        -54436364.6908768  -54436364.6908768  -54436732.6457762 IE: -6.9688350004  FE:  -6.9688821052
0.29        -54436368.2979459  -54436368.2979459  -54436736.3032691 IE: -6.9688354622  FE:  -6.9688825735
0.30        -54436372.7066549  -54436372.7066549  -54436740.6813747 IE: -6.9688360266  FE:  -6.9688831339
0.31        -54436376.5504293  -54436376.5504293  -54436744.5771461 IE: -6.9688365186  FE:  -6.9688836327
0.32        -54436378.7148957  -54436378.7148957   -54436746.722557 IE: -6.9688367957  FE:  -6.9688839073
0.33        -54436378.3973964  -54436378.3973964  -54436746.4412145 IE: -6.9688367551  FE:  -6.9688838713
0.34        -54436375.8902179  -54436375.8902179  -54436743.9503747 IE: -6.9688364341  FE:  -6.9688835524
0.35        -54436372.0372719  -54436372.0372719  -54436740.0881822 IE: -6.9688359409  FE:  -6.9688830580
0.36        -54436368.0380937  -54436368.0380937  -54436736.0618312 IE: -6.9688354289  FE:  -6.9688825426
0.37        -54436365.2078427  -54436365.2078427  -54436733.1789977 IE: -6.9688350666  FE:  -6.9688821735
0.38        -54436364.0976149  -54436364.0976149  -54436731.9806701 IE: -6.9688349244  FE:  -6.9688820201
0.39        -54436363.9899979  -54436363.9899979  -54436731.9113147 IE: -6.9688349107  FE:  -6.9688820112
0.40        -54436364.1984154  -54436364.1984154  -54436732.1276608 IE: -6.9688349373  FE:  -6.9688820389
0.41        -54436364.5081704  -54436364.5081704  -54436732.4192614 IE: -6.9688349770  FE:  -6.9688820762
0.42        -54436365.3561729  -54436365.3561729    -54436733.29622 IE: -6.9688350856  FE:  -6.9688821885
0.43        -54436367.3302922  -54436367.3302922  -54436735.2830583 IE: -6.9688353383  FE:  -6.9688824429
0.44        -54436370.3007502  -54436370.3007502  -54436738.3182051 IE: -6.9688357186  FE:  -6.9688828314
0.45        -54436373.6393775  -54436373.6393775  -54436741.6263078 IE: -6.9688361460  FE:  -6.9688832549
0.46        -54436376.1081735  -54436376.1081735  -54436744.1179092 IE: -6.9688364620  FE:  -6.9688835739
0.47        -54436376.8375068  -54436376.8375068  -54436744.8801842 IE: -6.9688365554  FE:  -6.9688836715
0.48        -54436375.5479047  -54436375.5479047  -54436743.5928874 IE: -6.9688363903  FE:  -6.9688835067
0.49        -54436372.7234402  -54436372.7234402  -54436740.7874418 IE: -6.9688360287  FE:  -6.9688831475
0.50        -54436369.5211567  -54436369.5211567   -54436737.526373 IE: -6.9688356188  FE:  -6.9688827300
0.51        -54436366.9256205  -54436366.9256205  -54436734.9666493 IE: -6.9688352865  FE:  -6.9688824024
0.52        -54436365.9091696  -54436365.9091696  -54436733.8433497 IE: -6.9688351564  FE:  -6.9688822586
0.53        -54436365.9768154  -54436365.9768154  -54436733.9151124 IE: -6.9688351650  FE:  -6.9688822677
0.54        -54436366.3945612  -54436366.3945612  -54436734.2964234 IE: -6.9688352185  FE:  -6.9688823166
0.55        -54436366.3745804  -54436366.3745804   -54436734.311729 IE: -6.9688352159  FE:  -6.9688823185
0.56        -54436366.3632608  -54436366.3632608  -54436734.2652475 IE: -6.9688352145  FE:  -6.9688823126
0.57        -54436367.2517674  -54436367.2517674  -54436735.1807587 IE: -6.9688353282  FE:  -6.9688824298
0.58        -54436369.7446668  -54436369.7446668    -54436737.64282 IE: -6.9688356474  FE:  -6.9688827450
0.59        -54436373.0470093  -54436373.0470093  -54436740.9237282 IE: -6.9688360701  FE:  -6.9688831650
0.60         -54436375.474369   -54436375.474369  -54436743.3235001 IE: -6.9688363809  FE:  -6.9688834722
0.61        -54436375.7190293  -54436375.7190293  -54436743.6580729 IE: -6.9688364122  FE:  -6.9688835150
0.62        -54436373.9846157  -54436373.9846157  -54436742.0118719 IE: -6.9688361902  FE:  -6.9688833043
0.63        -54436371.3856322  -54436371.3856322   -54436739.467591 IE: -6.9688358574  FE:  -6.9688829786
0.64        -54436369.1012679  -54436369.1012679   -54436737.201732 IE: -6.9688355650  FE:  -6.9688826885
0.65        -54436367.5719936  -54436367.5719936  -54436735.6462636 IE: -6.9688353692  FE:  -6.9688824894
0.66        -54436366.7529563  -54436366.7529563  -54436734.7642634 IE: -6.9688352644  FE:  -6.9688823764
0.67        -54436366.4914245  -54436366.4914245  -54436734.4686809 IE: -6.9688352309  FE:  -6.9688823386
0.68        -54436366.6752145  -54436366.6752145  -54436734.6399666 IE: -6.9688352544  FE:  -6.9688823605
0.69        -54436367.0661303  -54436367.0661303   -54436735.034275 IE: -6.9688353045  FE:  -6.9688824110
0.70         -54436367.348986   -54436367.348986  -54436735.3061935 IE: -6.9688353407  FE:  -6.9688824458
0.71        -54436367.5905445  -54436367.5905445  -54436735.5393846 IE: -6.9688353716  FE:  -6.9688824757
0.72        -54436368.4919624  -54436368.4919624  -54436736.4142752 IE: -6.9688354870  FE:  -6.9688825877
0.73        -54436370.4419076  -54436370.4419076  -54436738.4256125 IE: -6.9688357366  FE:  -6.9688828452
0.74        -54436373.2190752  -54436373.2190752  -54436741.1421928 IE: -6.9688360922  FE:  -6.9688831929
0.75        -54436375.2984033  -54436375.2984033  -54436743.3016011 IE: -6.9688363583  FE:  -6.9688834694
0.76        -54436375.6398735  -54436375.6398735  -54436743.6589121 IE: -6.9688364021  FE:  -6.9688835151
0.77        -54436373.9325142  -54436373.9325142  -54436741.9723002 IE: -6.9688361835  FE:  -6.9688832992
0.78        -54436371.1155568  -54436371.1155568  -54436739.2120088 IE: -6.9688358229  FE:  -6.9688829458
0.79        -54436368.6975301  -54436368.6975301   -54436736.701019 IE: -6.9688355133  FE:  -6.9688826244
0.80        -54436367.2779025  -54436367.2779025  -54436735.3064783 IE: -6.9688353316  FE:  -6.9688824459
0.81        -54436367.2533705  -54436367.2533705   -54436735.209774 IE: -6.9688353284  FE:  -6.9688824335
0.82        -54436367.7995797  -54436367.7995797  -54436735.7636778 IE: -6.9688353984  FE:  -6.9688825044
0.83        -54436368.4219971  -54436368.4219971  -54436736.3402507 IE: -6.9688354780  FE:  -6.9688825782
0.84        -54436368.6051596  -54436368.6051596  -54436736.5465183 IE: -6.9688355015  FE:  -6.9688826046
0.85        -54436368.5179077  -54436368.5179077  -54436736.4573125 IE: -6.9688354903  FE:  -6.9688825932
0.86        -54436368.7665755  -54436368.7665755  -54436736.7105887 IE: -6.9688355222  FE:  -6.9688826256
0.87        -54436370.1209652  -54436370.1209652  -54436738.0896837 IE: -6.9688356955  FE:  -6.9688828022
0.88        -54436372.4525489  -54436372.4525489  -54436740.4186278 IE: -6.9688359940  FE:  -6.9688831003
0.89        -54436374.7838991  -54436374.7838991  -54436742.7499387 IE: -6.9688362925  FE:  -6.9688833988
0.90        -54436375.9336926  -54436375.9336926   -54436743.900314 IE: -6.9688364397  FE:  -6.9688835460
0.91         -54436374.817252   -54436374.817252  -54436742.8757052 IE: -6.9688362967  FE:  -6.9688834149
0.92        -54436372.1596155  -54436372.1596155  -54436740.1891083 IE: -6.9688359565  FE:  -6.9688830709
0.93        -54436369.5424157  -54436369.5424157  -54436737.5640476 IE: -6.9688356215  FE:  -6.9688827349
0.94        -54436367.9617317  -54436367.9617317  -54436735.9883357 IE: -6.9688354191  FE:  -6.9688825332
0.95        -54436367.5946124  -54436367.5946124  -54436735.5894092 IE: -6.9688353721  FE:  -6.9688824821
0.96        -54436368.3347706  -54436368.3347706  -54436736.2631972 IE: -6.9688354669  FE:  -6.9688825683
0.97        -54436369.3469395  -54436369.3469395  -54436737.3337111 IE: -6.9688355964  FE:  -6.9688827054
0.98        -54436369.8695022  -54436369.8695022  -54436737.8037156 IE: -6.9688356633  FE:  -6.9688827656
0.99        -54436369.7120241  -54436369.7120241  -54436737.6341803 IE: -6.9688356432  FE:  -6.9688827438
1.00        -54436369.5153728  -54436369.5153728  -54436737.4652898 IE: -6.9688356180  FE:  -6.9688827222
1.01        -54436370.1193779  -54436370.1193779  -54436738.0675451 IE: -6.9688356953  FE:  -6.9688827993
1.02        -54436371.9251954  -54436371.9251954  -54436739.8862448 IE: -6.9688359265  FE:  -6.9688830322
1.03        -54436374.3813225  -54436374.3813225  -54436742.3055687 IE: -6.9688362409  FE:  -6.9688833419
1.04        -54436376.0147625  -54436376.0147625  -54436743.9270307 IE: -6.9688364501  FE:  -6.9688835494
1.05        -54436375.7651975  -54436375.7651975  -54436743.7446487 IE: -6.9688364181  FE:  -6.9688835261
1.06        -54436373.6579197  -54436373.6579197  -54436741.6750793 IE: -6.9688361483  FE:  -6.9688832612
1.07        -54436370.6844616  -54436370.6844616  -54436738.7056376 IE: -6.9688357677  FE:  -6.9688828810
1.08         -54436368.297536   -54436368.297536   -54436736.355983 IE: -6.9688354621  FE:  -6.9688825802
1.09        -54436367.6085289  -54436367.6085289  -54436735.6217159 IE: -6.9688353739  FE:  -6.9688824862
1.10         -54436368.470842   -54436368.470842  -54436736.4332603 IE: -6.9688354843  FE:  -6.9688825901
1.11        -54436369.9459511  -54436369.9459511  -54436737.8915049 IE: -6.9688356731  FE:  -6.9688827768
1.12        -54436371.1564048  -54436371.1564048  -54436739.0778658 IE: -6.9688358281  FE:  -6.9688829287
1.13        -54436371.1744037  -54436371.1744037  -54436739.1963216 IE: -6.9688358304  FE:  -6.9688829438
1.14        -54436370.7820605  -54436370.7820605  -54436738.7114639 IE: -6.9688357802  FE:  -6.9688828818
1.15         -54436370.674606   -54436370.674606  -54436738.6233302 IE: -6.9688357664  FE:  -6.9688828705
1.16        -54436371.7552923  -54436371.7552923  -54436739.7204421 IE: -6.9688359048  FE:  -6.9688830109
1.17        -54436373.9882803  -54436373.9882803  -54436741.9405657 IE: -6.9688361906  FE:  -6.9688832951
1.18        -54436376.0090461  -54436376.0090461  -54436743.9830501 IE: -6.9688364493  FE:  -6.9688835566
1.19        -54436376.5436275  -54436376.5436275  -54436744.5500802 IE: -6.9688365178  FE:  -6.9688836292
1.20         -54436374.944398   -54436374.944398  -54436742.9671553 IE: -6.9688363130  FE:  -6.9688834266
1.21        -54436371.8564201  -54436371.8564201  -54436739.9285921 IE: -6.9688359177  FE:  -6.9688830376
1.22        -54436368.8494836  -54436368.8494836   -54436736.931142 IE: -6.9688355328  FE:  -6.9688826538
1.23        -54436367.5018237  -54436367.5018237  -54436735.5238535 IE: -6.9688353602  FE:  -6.9688824737
1.24        -54436368.2267815  -54436368.2267815   -54436736.188609 IE: -6.9688354530  FE:  -6.9688825588
1.25        -54436370.2742606  -54436370.2742606  -54436738.1738675 IE: -6.9688357152  FE:  -6.9688828129
1.26        -54436372.1928381  -54436372.1928381  -54436740.1348377 IE: -6.9688359608  FE:  -6.9688830640
1.27         -54436372.986498   -54436372.986498   -54436740.931146 IE: -6.9688360624  FE:  -6.9688831659
1.28        -54436372.5567182  -54436372.5567182  -54436740.5071635 IE: -6.9688360074  FE:  -6.9688831116
1.29        -54436371.8716043  -54436371.8716043  -54436739.8035102 IE: -6.9688359197  FE:  -6.9688830216
1.30        -54436372.0487224  -54436372.0487224  -54436740.0359179 IE: -6.9688359423  FE:  -6.9688830513
1.31        -54436373.7580395  -54436373.7580395  -54436741.7263565 IE: -6.9688361611  FE:  -6.9688832677
1.32        -54436376.0467921  -54436376.0467921  -54436743.9851415 IE: -6.9688364542  FE:  -6.9688835569
1.33        -54436377.2377797  -54436377.2377797  -54436745.2449037 IE: -6.9688366066  FE:  -6.9688837182
1.34        -54436376.3030757  -54436376.3030757  -54436744.3111101 IE: -6.9688364870  FE:  -6.9688835986
1.35        -54436373.2396377  -54436373.2396377  -54436741.2962873 IE: -6.9688360948  FE:  -6.9688832127
1.36        -54436369.5596012  -54436369.5596012  -54436737.6341529 IE: -6.9688356237  FE:  -6.9688827438
1.37         -54436367.192146   -54436367.192146  -54436735.2744609 IE: -6.9688353206  FE:  -6.9688824418
1.38        -54436367.5165783  -54436367.5165783  -54436735.4887966 IE: -6.9688353621  FE:  -6.9688824692
1.39        -54436369.9638899  -54436369.9638899  -54436737.9026763 IE: -6.9688356754  FE:  -6.9688827782
1.40        -54436373.0757029  -54436373.0757029   -54436740.950468 IE: -6.9688360738  FE:  -6.9688831684
1.41        -54436374.9780615  -54436374.9780615   -54436742.909467 IE: -6.9688363173  FE:  -6.9688834192
1.42        -54436374.9780231  -54436374.9780231   -54436742.932765 IE: -6.9688363173  FE:  -6.9688834222
1.43        -54436373.7805503  -54436373.7805503  -54436741.7582507 IE: -6.9688361640  FE:  -6.9688832718
1.44        -54436372.9284126  -54436372.9284126  -54436740.9183041 IE: -6.9688360549  FE:  -6.9688831643
1.45        -54436373.7697769  -54436373.7697769  -54436741.7071704 IE: -6.9688361627  FE:  -6.9688832653
1.46        -54436375.9887302  -54436375.9887302  -54436743.9064518 IE: -6.9688364467  FE:  -6.9688835468
1.47        -54436377.8429261  -54436377.8429261  -54436745.8403051 IE: -6.9688366841  FE:  -6.9688837944
1.48        -54436377.6930565  -54436377.6930565  -54436745.7479467 IE: -6.9688366649  FE:  -6.9688837826
1.49        -54436374.7919921  -54436374.7919921   -54436742.917325 IE: -6.9688362935  FE:  -6.9688834202
1.50        -54436370.3192082  -54436370.3192082  -54436738.4565781 IE: -6.9688357209  FE:  -6.9688828491
1.51        -54436366.4774887  -54436366.4774887   -54436734.732256 IE: -6.9688352291  FE:  -6.9688823723
1.52        -54436366.0016523  -54436366.0016523  -54436733.9837067 IE: -6.9688351682  FE:  -6.9688822765
1.53        -54436368.8157629  -54436368.8157629  -54436736.7091392 IE: -6.9688355284  FE:  -6.9688826254
1.54        -54436373.4296255  -54436373.4296255  -54436741.2568446 IE: -6.9688361191  FE:  -6.9688832076
1.55        -54436377.2614025  -54436377.2614025  -54436745.1411298 IE: -6.9688366096  FE:  -6.9688837049
1.56        -54436378.4861983  -54436378.4861983  -54436746.4020292 IE: -6.9688367664  FE:  -6.9688838663
1.57        -54436377.0514174  -54436377.0514174  -54436745.0114366 IE: -6.9688365828  FE:  -6.9688836883
1.58        -54436374.7817658  -54436374.7817658  -54436742.7764832 IE: -6.9688362922  FE:  -6.9688834022
1.59        -54436374.0512009  -54436374.0512009  -54436742.0261564 IE: -6.9688361987  FE:  -6.9688833061
1.60        -54436375.7220696  -54436375.7220696   -54436743.677295 IE: -6.9688364126  FE:  -6.9688835175
1.61        -54436378.3550446  -54436378.3550446  -54436746.3029336 IE: -6.9688367496  FE:  -6.9688838536
1.62        -54436379.3518713  -54436379.3518713  -54436747.4042656 IE: -6.9688368773  FE:  -6.9688839946
1.63        -54436376.8468721  -54436376.8468721   -54436744.992882 IE: -6.9688365566  FE:  -6.9688836859
1.64         -54436371.258575   -54436371.258575  -54436739.3787153 IE: -6.9688358412  FE:  -6.9688829672
1.65        -54436365.1202446  -54436365.1202446  -54436733.2929724 IE: -6.9688350554  FE:  -6.9688821881
1.66        -54436362.5089837  -54436362.5089837  -54436730.5189521 IE: -6.9688347211  FE:  -6.9688818330
1.67        -54436365.3857167  -54436365.3857167   -54436733.260686 IE: -6.9688350893  FE:  -6.9688821840
1.68        -54436372.6350154  -54436372.6350154  -54436740.3590073 IE: -6.9688360174  FE:  -6.9688830927
1.69        -54436380.4450378  -54436380.4450378  -54436748.1345311 IE: -6.9688370172  FE:  -6.9688840881
1.70        -54436384.6936873  -54436384.6936873   -54436752.535458 IE: -6.9688375611  FE:  -6.9688846515
1.71        -54436383.6803141  -54436383.6803141  -54436751.6615135 IE: -6.9688374314  FE:  -6.9688845396
1.72        -54436379.0205305  -54436379.0205305  -54436747.1221256 IE: -6.9688368348  FE:  -6.9688839585
1.73        -54436374.8872458  -54436374.8872458  -54436742.9733569 IE: -6.9688363057  FE:  -6.9688834274
1.74        -54436374.7246255  -54436374.7246255  -54436742.7841607 IE: -6.9688362849  FE:  -6.9688834031
1.75        -54436378.4192833  -54436378.4192833  -54436746.4200156 IE: -6.9688367579  FE:  -6.9688838686
1.76        -54436381.9541717  -54436381.9541717  -54436750.0743754 IE: -6.9688372104  FE:  -6.9688843364
1.77        -54436380.5728672  -54436380.5728672  -54436748.8427458 IE: -6.9688370336  FE:  -6.9688841787
1.78        -54436371.7782922  -54436371.7782922  -54436740.1668237 IE: -6.9688359077  FE:  -6.9688830681
1.79        -54436358.4872639  -54436358.4872639  -54436726.8385595 IE: -6.9688342062  FE:  -6.9688813618
1.80         -54436348.240167   -54436348.240167  -54436716.3317423 IE: -6.9688328944  FE:  -6.9688800168
1.81        -54436349.4158058  -54436349.4158058  -54436717.1230118 IE: -6.9688330449  FE:  -6.9688801180
1.82        -54436365.1976112  -54436365.1976112  -54436732.5075566 IE: -6.9688350653  FE:  -6.9688820875
1.83        -54436390.5657113  -54436390.5657113  -54436757.6205516 IE: -6.9688383128  FE:  -6.9688853025
1.84        -54436414.0541836  -54436414.0541836  -54436781.5104657 IE: -6.9688413198  FE:  -6.9688883608
1.85        -54436423.5502032  -54436423.5502032  -54436791.4235136 IE: -6.9688425354  FE:  -6.9688896299
1.86        -54436411.6650598  -54436411.6650598  -54436780.2600616 IE: -6.9688410139  FE:  -6.9688882007
1.87        -54436381.7230891  -54436381.7230891  -54436750.7776135 IE: -6.9688371808  FE:  -6.9688844264
1.88        -54436347.1328184  -54436347.1328184   -54436716.287253 IE: -6.9688327526  FE:  -6.9688800111
1.89        -54436325.3553815  -54436325.3553815  -54436693.8795471 IE: -6.9688299647  FE:  -6.9688771425
1.90        -54436325.2496233  -54436325.2496233  -54436693.0878643 IE: -6.9688299512  FE:  -6.9688770411
1.91        -54436346.3540661  -54436346.3540661   -54436713.480858 IE: -6.9688326529  FE:  -6.9688796518
1.92        -54436379.2222207  -54436379.2222207  -54436746.0954563 IE: -6.9688368607  FE:  -6.9688838270
1.93        -54436408.2986119  -54436408.2986119  -54436775.4265425 IE: -6.9688405830  FE:  -6.9688875820
1.94        -54436421.2080185  -54436421.2080185  -54436788.7732817 IE: -6.9688422356  FE:  -6.9688892906
1.95        -54436413.6060244  -54436413.6060244  -54436781.8202071 IE: -6.9688412624  FE:  -6.9688884005
1.96         -54436391.982294   -54436391.982294  -54436760.5304732 IE: -6.9688384942  FE:  -6.9688856750
1.97        -54436368.4101804  -54436368.4101804  -54436737.2316977 IE: -6.9688354765  FE:  -6.9688826923
1.98        -54436353.9663815  -54436353.9663815  -54436722.5026098 IE: -6.9688336275  FE:  -6.9688808067
1.99        -54436352.7378365  -54436352.7378365  -54436720.8866793 IE: -6.9688334702  FE:  -6.9688805999
2.00        -54436361.8838396  -54436361.8838396  -54436729.6859839 IE: -6.9688346410  FE:  -6.9688817263
2.01        -54436373.8630497  -54436373.8630497   -54436741.537435 IE: -6.9688361746  FE:  -6.9688832435
2.02        -54436381.7025018  -54436381.7025018  -54436749.4444567 IE: -6.9688371782  FE:  -6.9688842558
2.03        -54436382.6349317  -54436382.6349317  -54436750.5244557 IE: -6.9688372976  FE:  -6.9688843940
2.04        -54436379.2104026  -54436379.2104026  -54436747.2147728 IE: -6.9688368592  FE:  -6.9688839703
2.05        -54436376.1294849  -54436376.1294849  -54436744.1084101 IE: -6.9688364647  FE:  -6.9688835727
2.06        -54436376.5933501  -54436376.5933501  -54436744.5212471 IE: -6.9688365241  FE:  -6.9688836255
2.07        -54436380.6507848  -54436380.6507848   -54436748.550281 IE: -6.9688370435  FE:  -6.9688841413
2.08        -54436385.2403108  -54436385.2403108  -54436753.1179211 IE: -6.9688376311  FE:  -6.9688847260
2.09        -54436386.5606296  -54436386.5606296  -54436754.5766859 IE: -6.9688378001  FE:  -6.9688849128
2.10         -54436382.988836   -54436382.988836  -54436751.1803901 IE: -6.9688373429  FE:  -6.9688844780
2.11        -54436376.3101301  -54436376.3101301  -54436744.5930048 IE: -6.9688364879  FE:  -6.9688836347
2.12        -54436370.3723503  -54436370.3723503  -54436738.5323961 IE: -6.9688357277  FE:  -6.9688828588
2.13         -54436368.053744   -54436368.053744  -54436736.1434425 IE: -6.9688354309  FE:  -6.9688825530
2.14        -54436370.5643294  -54436370.5643294  -54436738.4329709 IE: -6.9688357523  FE:  -6.9688828461
2.15        -54436375.7685002  -54436375.7685002  -54436743.6048644 IE: -6.9688364185  FE:  -6.9688835082
2.16        -54436380.6743751  -54436380.6743751   -54436748.494128 IE: -6.9688370466  FE:  -6.9688841341
2.17        -54436382.6381299  -54436382.6381299  -54436750.5632372 IE: -6.9688372980  FE:  -6.9688843990
2.18        -54436381.5827961  -54436381.5827961  -54436749.5738069 IE: -6.9688371629  FE:  -6.9688842723
2.19        -54436379.2917362  -54436379.2917362  -54436747.2998247 IE: -6.9688368696  FE:  -6.9688839812
2.20        -54436378.0107874  -54436378.0107874  -54436745.9614205 IE: -6.9688367056  FE:  -6.9688838099
2.21        -54436378.7450789  -54436378.7450789  -54436746.7011311 IE: -6.9688367996  FE:  -6.9688839046
2.22          -54436380.81518    -54436380.81518   -54436748.765798 IE: -6.9688370646  FE:  -6.9688841689
2.23        -54436382.3358792  -54436382.3358792  -54436750.3347091 IE: -6.9688372593  FE:  -6.9688843697
2.24        -54436381.7089279  -54436381.7089279  -54436749.7346997 IE: -6.9688371790  FE:  -6.9688842929
2.25        -54436378.8181211  -54436378.8181211  -54436746.8894462 IE: -6.9688368089  FE:  -6.9688839287
2.26        -54436375.3938505  -54436375.3938505  -54436743.4933454 IE: -6.9688363706  FE:  -6.9688834939
2.27        -54436373.5334423  -54436373.5334423  -54436741.4955531 IE: -6.9688361324  FE:  -6.9688832382
2.28        -54436374.2835458  -54436374.2835458  -54436742.2019101 IE: -6.9688362284  FE:  -6.9688833286
2.29        -54436377.3156367  -54436377.3156367  -54436745.2043643 IE: -6.9688366166  FE:  -6.9688837130
2.30        -54436380.9734773  -54436380.9734773  -54436748.8096859 IE: -6.9688370849  FE:  -6.9688841745
2.31        -54436383.1588499  -54436383.1588499  -54436751.0692762 IE: -6.9688373646  FE:  -6.9688844638
2.32        -54436383.0915826  -54436383.0915826  -54436751.0616614 IE: -6.9688373560  FE:  -6.9688844628
2.33        -54436381.4292366  -54436381.4292366  -54436749.4175299 IE: -6.9688371432  FE:  -6.9688842523
2.34        -54436379.6457875  -54436379.6457875  -54436747.6790226 IE: -6.9688369149  FE:  -6.9688840298
2.35        -54436379.0765953  -54436379.0765953  -54436747.0886741 IE: -6.9688368420  FE:  -6.9688839542
2.36        -54436379.9025485  -54436379.9025485  -54436747.8387667 IE: -6.9688369478  FE:  -6.9688840502
2.37        -54436381.1002986  -54436381.1002986  -54436749.0628363 IE: -6.9688371011  FE:  -6.9688842069
2.38        -54436381.4378464  -54436381.4378464  -54436749.4555179 IE: -6.9688371443  FE:  -6.9688842572
2.39        -54436380.3343003  -54436380.3343003  -54436748.3853038 IE: -6.9688370030  FE:  -6.9688841202
2.40        -54436378.3814394  -54436378.3814394  -54436746.4540126 IE: -6.9688367530  FE:  -6.9688838729
2.41        -54436376.9243314  -54436376.9243314  -54436744.9507469 IE: -6.9688365665  FE:  -6.9688836805
2.42         -54436377.043919   -54436377.043919    -54436744.97837 IE: -6.9688365818  FE:  -6.9688836840
2.43        -54436378.9122706  -54436378.9122706  -54436746.8105305 IE: -6.9688368210  FE:  -6.9688839186
2.44        -54436381.6597937  -54436381.6597937  -54436749.5007289 IE: -6.9688371727  FE:  -6.9688842630
2.45        -54436383.7745229  -54436383.7745229  -54436751.6791281 IE: -6.9688374434  FE:  -6.9688845419
2.46        -54436384.2978817  -54436384.2978817  -54436752.2517629 IE: -6.9688375104  FE:  -6.9688846152
2.47        -54436383.1757066  -54436383.1757066  -54436751.1817051 IE: -6.9688373668  FE:  -6.9688844782
2.48        -54436381.5731523  -54436381.5731523  -54436749.4627722 IE: -6.9688371616  FE:  -6.9688842581
2.49        -54436380.2542177  -54436380.2542177  -54436748.2507171 IE: -6.9688369928  FE:  -6.9688841030
2.50        -54436380.1861948  -54436380.1861948  -54436748.1708802 IE: -6.9688369841  FE:  -6.9688840927
2.51        -54436380.9846395  -54436380.9846395  -54436748.9730324 IE: -6.9688370863  FE:  -6.9688841954
2.52        -54436381.7365678  -54436381.7365678  -54436749.7212749 IE: -6.9688371825  FE:  -6.9688842912
2.53        -54436381.6381235  -54436381.6381235  -54436749.6604234 IE: -6.9688371699  FE:  -6.9688842834
2.54        -54436380.7000193  -54436380.7000193  -54436748.7362599 IE: -6.9688370498  FE:  -6.9688841651
2.55        -54436379.6441229  -54436379.6441229  -54436747.7233002 IE: -6.9688369147  FE:  -6.9688840354
2.56        -54436379.4897237  -54436379.4897237  -54436747.4606197 IE: -6.9688368949  FE:  -6.9688840018
2.57        -54436380.5594855  -54436380.5594855  -54436748.4546827 IE: -6.9688370319  FE:  -6.9688841291
2.58         -54436382.521964   -54436382.521964  -54436750.4171258 IE: -6.9688372831  FE:  -6.9688843803
2.59        -54436384.4483107  -54436384.4483107  -54436752.3580249 IE: -6.9688375297  FE:  -6.9688846288
2.60        -54436385.2985225  -54436385.2985225  -54436753.2285944 IE: -6.9688376385  FE:  -6.9688847402
2.61        -54436384.6670455  -54436384.6670455  -54436752.6843448 IE: -6.9688375577  FE:  -6.9688846705
2.62        -54436383.1926877  -54436383.1926877  -54436751.2169134 IE: -6.9688373690  FE:  -6.9688844827
2.63        -54436381.7931434  -54436381.7931434  -54436749.7955866 IE: -6.9688371898  FE:  -6.9688843007
2.64        -54436381.2260462  -54436381.2260462   -54436749.208133 IE: -6.9688371172  FE:  -6.9688842255
2.65        -54436381.6121505  -54436381.6121505  -54436749.5843207 IE: -6.9688371666  FE:  -6.9688842737
2.66        -54436382.4005207  -54436382.4005207  -54436750.4135182 IE: -6.9688372675  FE:  -6.9688843798
2.67        -54436383.0124815  -54436383.0124815  -54436750.9296361 IE: -6.9688373459  FE:  -6.9688844459
2.68        -54436382.7527103  -54436382.7527103  -54436750.7427588 IE: -6.9688373126  FE:  -6.9688844220
2.69         -54436382.205525   -54436382.205525   -54436750.147917 IE: -6.9688372426  FE:  -6.9688843458
2.70         -54436381.767071   -54436381.767071  -54436749.7697527 IE: -6.9688371864  FE:  -6.9688842974
2.71        -54436382.2838718  -54436382.2838718  -54436750.2029362 IE: -6.9688372526  FE:  -6.9688843529
2.72        -54436383.5518404  -54436383.5518404  -54436751.5045349 IE: -6.9688374149  FE:  -6.9688845195
2.73        -54436385.1923987  -54436385.1923987  -54436753.0888256 IE: -6.9688376250  FE:  -6.9688847223
2.74        -54436386.1496867  -54436386.1496867  -54436754.0791427 IE: -6.9688377475  FE:  -6.9688848491
2.75        -54436385.9355105  -54436385.9355105  -54436753.9648252 IE: -6.9688377201  FE:  -6.9688848345
2.76        -54436384.8378294  -54436384.8378294  -54436752.8678259 IE: -6.9688375796  FE:  -6.9688846940
2.77         -54436383.425896   -54436383.425896  -54436751.4962958 IE: -6.9688373988  FE:  -6.9688845184
2.78        -54436382.6571142  -54436382.6571142  -54436750.6621591 IE: -6.9688373004  FE:  -6.9688844117
2.79        -54436382.7539538  -54436382.7539538  -54436750.7343202 IE: -6.9688373128  FE:  -6.9688844209
2.80        -54436383.5358281  -54436383.5358281  -54436751.4809872 IE: -6.9688374129  FE:  -6.9688845165
2.81        -54436384.2934346  -54436384.2934346  -54436752.3006482 IE: -6.9688375099  FE:  -6.9688846214
2.82        -54436384.6452705  -54436384.6452705  -54436752.6352475 IE: -6.9688375549  FE:  -6.9688846643
2.83        -54436384.4591812  -54436384.4591812  -54436752.4478284 IE: -6.9688375311  FE:  -6.9688846403
2.84        -54436384.0850357  -54436384.0850357   -54436752.061555 IE: -6.9688374832  FE:  -6.9688845908
2.85         -54436384.085625   -54436384.085625  -54436752.0658686 IE: -6.9688374833  FE:  -6.9688845914
2.86        -54436384.8769693  -54436384.8769693  -54436752.7587198 IE: -6.9688375846  FE:  -6.9688846801
2.87        -54436385.9980442  -54436385.9980442  -54436753.9070518 IE: -6.9688377281  FE:  -6.9688848271
2.88        -54436386.9208233  -54436386.9208233  -54436754.8570413 IE: -6.9688378462  FE:  -6.9688849487
2.89        -54436387.0627625  -54436387.0627625  -54436755.0686927 IE: -6.9688378644  FE:  -6.9688849758
2.90        -54436386.3404843  -54436386.3404843  -54436754.3805013 IE: -6.9688377719  FE:  -6.9688848877
2.91        -54436385.2591255  -54436385.2591255  -54436753.2457446 IE: -6.9688376335  FE:  -6.9688847424
2.92        -54436384.3642538  -54436384.3642538  -54436752.3715205 IE: -6.9688375189  FE:  -6.9688846305
2.93        -54436384.2209236  -54436384.2209236   -54436752.232751 IE: -6.9688375006  FE:  -6.9688846127
2.94        -54436384.8657786  -54436384.8657786  -54436752.8517501 IE: -6.9688375831  FE:  -6.9688846920
2.95        -54436385.8188099  -54436385.8188099  -54436753.7962152 IE: -6.9688377051  FE:  -6.9688848129
2.96        -54436386.5695483  -54436386.5695483   -54436754.502367 IE: -6.9688378013  FE:  -6.9688849033
2.97        -54436386.6299449  -54436386.6299449  -54436754.5938799 IE: -6.9688378090  FE:  -6.9688849150
2.98        -54436386.3079316  -54436386.3079316  -54436754.3094986 IE: -6.9688377678  FE:  -6.9688848786
2.99        -54436386.0809873  -54436386.0809873  -54436754.0317634 IE: -6.9688377387  FE:  -6.9688848430
3.00        -54436386.2966773  -54436386.2966773  -54436754.2277707 IE: -6.9688377663  FE:  -6.9688848681
3.01        -54436386.9289469  -54436386.9289469  -54436754.9018846 IE: -6.9688378473  FE:  -6.9688849544
3.02        -54436387.7164894  -54436387.7164894  -54436755.6909429 IE: -6.9688379481  FE:  -6.9688850554
3.03        -54436388.0564725  -54436388.0564725  -54436756.0821426 IE: -6.9688379916  FE:  -6.9688851055
3.04        -54436387.7739968  -54436387.7739968  -54436755.7923671 IE: -6.9688379554  FE:  -6.9688850684
3.05        -54436386.9561198  -54436386.9561198   -54436754.996063 IE: -6.9688378507  FE:  -6.9688849665
3.06        -54436386.1984924  -54436386.1984924  -54436754.2241023 IE: -6.9688377538  FE:  -6.9688848677
3.07        -54436386.0145655  -54436386.0145655  -54436753.9860505 IE: -6.9688377302  FE:  -6.9688848372
3.08        -54436386.5078796  -54436386.5078796  -54436754.4594452 IE: -6.9688377934  FE:  -6.9688848978
3.09        -54436387.4652843  -54436387.4652843  -54436755.4080909 IE: -6.9688379159  FE:  -6.9688850192
3.10        -54436388.3772834  -54436388.3772834  -54436756.3031917 IE: -6.9688380327  FE:  -6.9688851338
3.11        -54436388.7423999  -54436388.7423999  -54436756.6844666 IE: -6.9688380794  FE:  -6.9688851826
3.12         -54436388.539125   -54436388.539125  -54436756.5236922 IE: -6.9688380534  FE:  -6.9688851620
3.13        -54436388.0711551  -54436388.0711551  -54436756.0976368 IE: -6.9688379935  FE:  -6.9688851075
3.14         -54436387.897128   -54436387.897128  -54436755.9010217 IE: -6.9688379712  FE:  -6.9688850823
3.15         -54436388.136995   -54436388.136995  -54436756.1317622 IE: -6.9688380019  FE:  -6.9688851119
3.16        -54436388.7255645  -54436388.7255645  -54436756.6739113 IE: -6.9688380773  FE:  -6.9688851813
3.17        -54436389.2173308  -54436389.2173308  -54436757.1352882 IE: -6.9688381402  FE:  -6.9688852403
3.18        -54436389.1858396  -54436389.1858396  -54436757.1614976 IE: -6.9688381362  FE:  -6.9688852437
3.19        -54436388.6676684  -54436388.6676684  -54436756.7028703 IE: -6.9688380699  FE:  -6.9688851850
3.20        -54436388.1477355  -54436388.1477355  -54436756.1497436 IE: -6.9688380033  FE:  -6.9688851142
3.21        -54436387.9071831  -54436387.9071831  -54436755.9146562 IE: -6.9688379725  FE:  -6.9688850841
3.22        -54436388.2804671  -54436388.2804671  -54436756.2529098 IE: -6.9688380203  FE:  -6.9688851274
3.23        -54436389.1551379  -54436389.1551379  -54436757.1213115 IE: -6.9688381323  FE:  -6.9688852386
3.24        -54436390.1262072  -54436390.1262072   -54436758.055748 IE: -6.9688382566  FE:  -6.9688853582
3.25        -54436390.6570434  -54436390.6570434  -54436758.6502935 IE: -6.9688383245  FE:  -6.9688854343
3.26        -54436390.6826282  -54436390.6826282   -54436758.622175 IE: -6.9688383278  FE:  -6.9688854307
3.27        -54436390.1946594  -54436390.1946594  -54436758.1854275 IE: -6.9688382653  FE:  -6.9688853748
3.28        -54436389.7464645  -54436389.7464645  -54436757.7315217 IE: -6.9688382080  FE:  -6.9688853167
3.29        -54436389.6925361  -54436389.6925361  -54436757.6090085 IE: -6.9688382011  FE:  -6.9688853010
3.30        -54436389.9119657  -54436389.9119657  -54436757.8915821 IE: -6.9688382291  FE:  -6.9688853372
3.31        -54436390.3472648  -54436390.3472648  -54436758.3418894 IE: -6.9688382849  FE:  -6.9688853948
3.32        -54436390.6668354  -54436390.6668354  -54436758.5964993 IE: -6.9688383258  FE:  -6.9688854274
3.33        -54436390.5019347  -54436390.5019347  -54436758.4929761 IE: -6.9688383047  FE:  -6.9688854141
3.34        -54436390.1403229  -54436390.1403229  -54436758.1875462 IE: -6.9688382584  FE:  -6.9688853750
3.35        -54436389.9529786  -54436389.9529786  -54436757.9652148 IE: -6.9688382344  FE:  -6.9688853466
3.36        -54436390.1651752  -54436390.1651752  -54436758.1690468 IE: -6.9688382616  FE:  -6.9688853727
3.37        -54436390.8925322  -54436390.8925322  -54436758.8477544 IE: -6.9688383547  FE:  -6.9688854596
3.38        -54436391.8210107  -54436391.8210107   -54436759.750223 IE: -6.9688384735  FE:  -6.9688855751
3.39        -54436392.4427908  -54436392.4427908  -54436760.4358182 IE: -6.9688385531  FE:  -6.9688856629
3.40        -54436392.5931331  -54436392.5931331  -54436760.5807855 IE: -6.9688385724  FE:  -6.9688856814
3.41        -54436392.1756569  -54436392.1756569  -54436760.2356628 IE: -6.9688385189  FE:  -6.9688856372
3.42         -54436391.665879   -54436391.665879  -54436759.6726864 IE: -6.9688384537  FE:  -6.9688855652
3.43        -54436391.3592052  -54436391.3592052  -54436759.3334067 IE: -6.9688384144  FE:  -6.9688855217
3.44        -54436391.4538301  -54436391.4538301  -54436759.3990994 IE: -6.9688384265  FE:  -6.9688855302
3.45        -54436391.8168784  -54436391.8168784  -54436759.7679528 IE: -6.9688384730  FE:  -6.9688855774
3.46        -54436392.2321291  -54436392.2321291  -54436760.2038538 IE: -6.9688385262  FE:  -6.9688856332
3.47        -54436392.3817855  -54436392.3817855  -54436760.3612987 IE: -6.9688385453  FE:  -6.9688856533
3.48         -54436392.266187   -54436392.266187  -54436760.2867993 IE: -6.9688385305  FE:  -6.9688856438
3.49        -54436392.1997484  -54436392.1997484  -54436760.1355266 IE: -6.9688385220  FE:  -6.9688856244
3.50         -54436392.228797   -54436392.228797  -54436760.1965046 IE: -6.9688385257  FE:  -6.9688856322
3.51        -54436392.7310046  -54436392.7310046  -54436760.6647542 IE: -6.9688385900  FE:  -6.9688856922
3.52        -54436393.4504192  -54436393.4504192  -54436761.3937585 IE: -6.9688386821  FE:  -6.9688857855
3.53         -54436394.126065   -54436394.126065  -54436762.0948338 IE: -6.9688387686  FE:  -6.9688858753
3.54        -54436394.4160763  -54436394.4160763  -54436762.3742902 IE: -6.9688388058  FE:  -6.9688859110
3.55        -54436394.1683748  -54436394.1683748  -54436762.1692017 IE: -6.9688387740  FE:  -6.9688858848
3.56        -54436393.6749596  -54436393.6749596  -54436761.6705263 IE: -6.9688387109  FE:  -6.9688858209
3.57        -54436393.2667201  -54436393.2667201  -54436761.2353895 IE: -6.9688386586  FE:  -6.9688857652
3.58        -54436393.1579129  -54436393.1579129  -54436761.1586649 IE: -6.9688386447  FE:  -6.9688857554
3.59        -54436393.5149914  -54436393.5149914  -54436761.4706593 IE: -6.9688386904  FE:  -6.9688857953
3.60        -54436393.9771017  -54436393.9771017  -54436761.9761915 IE: -6.9688387496  FE:  -6.9688858601
3.61         -54436394.410373   -54436394.410373  -54436762.3856649 IE: -6.9688388050  FE:  -6.9688859125
3.62        -54436394.5064483  -54436394.5064483  -54436762.5075169 IE: -6.9688388173  FE:  -6.9688859281
3.63        -54436394.4953753  -54436394.4953753  -54436762.4192629 IE: -6.9688388159  FE:  -6.9688859168
3.64        -54436394.3839628  -54436394.3839628  -54436762.3524296 IE: -6.9688388016  FE:  -6.9688859082
3.65        -54436394.5703837  -54436394.5703837  -54436762.5614919 IE: -6.9688388255  FE:  -6.9688859350
3.66         -54436395.111351   -54436395.111351  -54436763.0567839 IE: -6.9688388948  FE:  -6.9688859984
3.67         -54436395.738001   -54436395.738001  -54436763.6451438 IE: -6.9688389750  FE:  -6.9688860737
3.68        -54436396.0413177  -54436396.0413177  -54436764.0154556 IE: -6.9688390138  FE:  -6.9688861211
3.69        -54436396.0401454  -54436396.0401454  -54436763.9895015 IE: -6.9688390137  FE:  -6.9688861178
3.70        -54436395.6475202  -54436395.6475202  -54436763.6565281 IE: -6.9688389634  FE:  -6.9688860752
3.71        -54436395.2149497  -54436395.2149497  -54436763.2476194 IE: -6.9688389080  FE:  -6.9688860228
3.72         -54436395.139198   -54436395.139198  -54436763.1102001 IE: -6.9688388983  FE:  -6.9688860052
3.73         -54436395.415489   -54436395.415489  -54436763.3817688 IE: -6.9688389337  FE:  -6.9688860400
3.74        -54436396.0180374  -54436396.0180374  -54436763.9169461 IE: -6.9688390108  FE:  -6.9688861085
3.75        -54436396.5378987  -54436396.5378987  -54436764.4915188 IE: -6.9688390774  FE:  -6.9688861821
3.76        -54436396.8231784  -54436396.8231784  -54436764.7923977 IE: -6.9688391139  FE:  -6.9688862206
3.77        -54436396.8067287  -54436396.8067287  -54436764.7784539 IE: -6.9688391118  FE:  -6.9688862188
3.78        -54436396.6611532  -54436396.6611532  -54436764.6351691 IE: -6.9688390932  FE:  -6.9688862005
3.79        -54436396.6867008  -54436396.6867008  -54436764.5981133 IE: -6.9688390964  FE:  -6.9688861957
3.80        -54436396.8858976  -54436396.8858976  -54436764.8312745 IE: -6.9688391219  FE:  -6.9688862256
3.81        -54436397.2960261  -54436397.2960261  -54436765.2536707 IE: -6.9688391744  FE:  -6.9688862796
3.82         -54436397.566921   -54436397.566921  -54436765.6253677 IE: -6.9688392091  FE:  -6.9688863272
3.83        -54436397.7682845  -54436397.7682845  -54436765.7728404 IE: -6.9688392349  FE:  -6.9688863461
3.84        -54436397.5904689  -54436397.5904689  -54436765.5992956 IE: -6.9688392121  FE:  -6.9688863239
3.85        -54436397.2896274  -54436397.2896274  -54436765.3262695 IE: -6.9688391736  FE:  -6.9688862889
3.86        -54436397.2470961  -54436397.2470961  -54436765.2285974 IE: -6.9688391682  FE:  -6.9688862764
3.87        -54436397.4710995  -54436397.4710995  -54436765.4396004 IE: -6.9688391968  FE:  -6.9688863034
3.88        -54436398.0263636  -54436398.0263636  -54436765.9949907 IE: -6.9688392679  FE:  -6.9688863745
3.89        -54436398.6345292  -54436398.6345292  -54436766.6129119 IE: -6.9688393458  FE:  -6.9688864536
3.90        -54436399.1166359  -54436399.1166359  -54436767.0610426 IE: -6.9688394075  FE:  -6.9688865110
3.91        -54436399.1941107  -54436399.1941107  -54436767.1524249 IE: -6.9688394174  FE:  -6.9688865227
3.92        -54436398.9687892  -54436398.9687892  -54436766.9817974 IE: -6.9688393886  FE:  -6.9688865009
3.93        -54436398.8292776  -54436398.8292776   -54436766.780545 IE: -6.9688393707  FE:  -6.9688864751
3.94        -54436398.8028038  -54436398.8028038  -54436766.7505962 IE: -6.9688393673  FE:  -6.9688864713
3.95        -54436399.0412786  -54436399.0412786  -54436766.9960763 IE: -6.9688393979  FE:  -6.9688865027
3.96        -54436399.4078956  -54436399.4078956  -54436767.3569836 IE: -6.9688394448  FE:  -6.9688865489
3.97        -54436399.6325543  -54436399.6325543  -54436767.6172496 IE: -6.9688394736  FE:  -6.9688865822
3.98        -54436399.6749524  -54436399.6749524  -54436767.6239411 IE: -6.9688394790  FE:  -6.9688865831
3.99        -54436399.5064257  -54436399.5064257  -54436767.5203172 IE: -6.9688394574  FE:  -6.9688865698
4.00        -54436399.4410786  -54436399.4410786  -54436767.4680029 IE: -6.9688394490  FE:  -6.9688865631
4.01        -54436399.6344267  -54436399.6344267  -54436767.6178781 IE: -6.9688394738  FE:  -6.9688865823
4.02        -54436400.1305774  -54436400.1305774  -54436768.0898033 IE: -6.9688395373  FE:  -6.9688866427
4.03        -54436400.7725917  -54436400.7725917   -54436768.705234 IE: -6.9688396195  FE:  -6.9688867215
4.04         -54436401.311108   -54436401.311108  -54436769.2009041 IE: -6.9688396884  FE:  -6.9688867850
4.05        -54436401.4463602  -54436401.4463602  -54436769.4114485 IE: -6.9688397058  FE:  -6.9688868119
4.06        -54436401.3349046  -54436401.3349046   -54436769.278089 IE: -6.9688396915  FE:  -6.9688867948
4.07        -54436401.0311601  -54436401.0311601  -54436769.0210615 IE: -6.9688396526  FE:  -6.9688867619
4.08        -54436400.8666002  -54436400.8666002  -54436768.8510163 IE: -6.9688396315  FE:  -6.9688867402
4.09        -54436400.9453712  -54436400.9453712  -54436768.9332502 IE: -6.9688396416  FE:  -6.9688867507
4.10        -54436401.2633678  -54436401.2633678  -54436769.2425785 IE: -6.9688396823  FE:  -6.9688867903
4.11        -54436401.6179681  -54436401.6179681  -54436769.5883535 IE: -6.9688397277  FE:  -6.9688868346
4.12        -54436401.8341589  -54436401.8341589  -54436769.8055605 IE: -6.9688397554  FE:  -6.9688868624
4.13        -54436401.8886207  -54436401.8886207  -54436769.8663201 IE: -6.9688397624  FE:  -6.9688868701
4.14        -54436401.8913504  -54436401.8913504  -54436769.8158336 IE: -6.9688397627  FE:  -6.9688868637
4.15        -54436401.9435456  -54436401.9435456  -54436769.8962175 IE: -6.9688397694  FE:  -6.9688868740
4.16        -54436402.2995411  -54436402.2995411  -54436770.2323058 IE: -6.9688398150  FE:  -6.9688869170
4.17        -54436402.8101658  -54436402.8101658  -54436770.7403694 IE: -6.9688398803  FE:  -6.9688869820
4.18        -54436403.3655889  -54436403.3655889  -54436771.2686133 IE: -6.9688399514  FE:  -6.9688870497
4.19         -54436403.558882   -54436403.558882   -54436771.530882 IE: -6.9688399762  FE:  -6.9688870832
4.20        -54436403.5588299  -54436403.5588299  -54436771.5101233 IE: -6.9688399762  FE:  -6.9688870806
4.21        -54436403.2964841  -54436403.2964841  -54436771.2900099 IE: -6.9688399426  FE:  -6.9688870524
4.22        -54436403.0239935  -54436403.0239935  -54436771.0595535 IE: -6.9688399077  FE:  -6.9688870229
4.23        -54436403.1417412  -54436403.1417412  -54436771.1129367 IE: -6.9688399228  FE:  -6.9688870297
4.24         -54436403.405758   -54436403.405758  -54436771.3271788 IE: -6.9688399566  FE:  -6.9688870572
4.25        -54436403.8044992  -54436403.8044992   -54436771.763312 IE: -6.9688400076  FE:  -6.9688871130
4.26        -54436404.1426867  -54436404.1426867  -54436772.1175961 IE: -6.9688400509  FE:  -6.9688871583
4.27        -54436404.3648773  -54436404.3648773  -54436772.3064397 IE: -6.9688400794  FE:  -6.9688871825
4.28        -54436404.3206234  -54436404.3206234  -54436772.3252027 IE: -6.9688400737  FE:  -6.9688871849
4.29        -54436404.3583048  -54436404.3583048  -54436772.3252901 IE: -6.9688400785  FE:  -6.9688871849
4.30        -54436404.5179472  -54436404.5179472  -54436772.4897637 IE: -6.9688400990  FE:  -6.9688872060
4.31        -54436404.8710732  -54436404.8710732  -54436772.8076382 IE: -6.9688401442  FE:  -6.9688872467
4.32        -54436405.2786715  -54436405.2786715  -54436773.2595447 IE: -6.9688401964  FE:  -6.9688873045
4.33        -54436405.6178179  -54436405.6178179  -54436773.5563944 IE: -6.9688402398  FE:  -6.9688873425
4.34        -54436405.6707142  -54436405.6707142  -54436773.6636703 IE: -6.9688402465  FE:  -6.9688873563
4.35        -54436405.5523501  -54436405.5523501  -54436773.5254335 IE: -6.9688402314  FE:  -6.9688873386
4.36        -54436405.3600927  -54436405.3600927  -54436773.3830614 IE: -6.9688402068  FE:  -6.9688873203
4.37        -54436405.4230933  -54436405.4230933  -54436773.3596611 IE: -6.9688402148  FE:  -6.9688873174
4.38        -54436405.6396914  -54436405.6396914  -54436773.6141011 IE: -6.9688402426  FE:  -6.9688873499
4.39        -54436406.1159292  -54436406.1159292  -54436774.0790253 IE: -6.9688403035  FE:  -6.9688874094
4.40        -54436406.5619119  -54436406.5619119  -54436774.5524708 IE: -6.9688403606  FE:  -6.9688874701
4.41         -54436406.862947   -54436406.862947  -54436774.8456044 IE: -6.9688403992  FE:  -6.9688875076
4.42        -54436406.9401526  -54436406.9401526  -54436774.8933481 IE: -6.9688404091  FE:  -6.9688875137
4.43        -54436406.8844429  -54436406.8844429  -54436774.8500904 IE: -6.9688404019  FE:  -6.9688875082
4.44        -54436406.8578019  -54436406.8578019  -54436774.8402974 IE: -6.9688403985  FE:  -6.9688875069
4.45        -54436407.0034843  -54436407.0034843  -54436774.9963035 IE: -6.9688404172  FE:  -6.9688875269
4.46        -54436407.3143537  -54436407.3143537  -54436775.3063274 IE: -6.9688404570  FE:  -6.9688875666
4.47        -54436407.7767925  -54436407.7767925  -54436775.6327382 IE: -6.9688405162  FE:  -6.9688876083
4.48         -54436407.810339   -54436407.810339  -54436775.7902572 IE: -6.9688405205  FE:  -6.9688876285
4.49        -54436407.8541792  -54436407.8541792  -54436775.8041106 IE: -6.9688405261  FE:  -6.9688876303
4.50         -54436407.734736   -54436407.734736  -54436775.7516157 IE: -6.9688405108  FE:  -6.9688876236
4.51        -54436407.8391718  -54436407.8391718  -54436775.7797256 IE: -6.9688405241  FE:  -6.9688876272
4.52        -54436408.0191791  -54436408.0191791  -54436775.9909584 IE: -6.9688405472  FE:  -6.9688876542
4.53         -54436408.444369   -54436408.444369  -54436776.4452683 IE: -6.9688406016  FE:  -6.9688877124
4.54        -54436409.0586815  -54436409.0586815  -54436776.9660131 IE: -6.9688406803  FE:  -6.9688877790
4.55        -54436409.3939406  -54436409.3939406  -54436777.3647511 IE: -6.9688407232  FE:  -6.9688878301
4.56         -54436409.498732   -54436409.498732  -54436777.4705957 IE: -6.9688407366  FE:  -6.9688878436
4.57        -54436409.4112179  -54436409.4112179  -54436777.4220951 IE: -6.9688407254  FE:  -6.9688878374
4.58        -54436409.3029728  -54436409.3029728  -54436777.2919906 IE: -6.9688407115  FE:  -6.9688878208
4.59        -54436409.3272085  -54436409.3272085  -54436777.2903439 IE: -6.9688407146  FE:  -6.9688878206
4.60        -54436409.4915753  -54436409.4915753  -54436777.4599935 IE: -6.9688407357  FE:  -6.9688878423
4.61        -54436409.8570005  -54436409.8570005  -54436777.7705952 IE: -6.9688407825  FE:  -6.9688878820
4.62        -54436410.0625811  -54436410.0625811  -54436778.0570657 IE: -6.9688408088  FE:  -6.9688879187
4.63        -54436410.2413296  -54436410.2413296  -54436778.2251193 IE: -6.9688408317  FE:  -6.9688879402
4.64        -54436410.3121692  -54436410.3121692  -54436778.2420014 IE: -6.9688408407  FE:  -6.9688879424
4.65        -54436410.3325846  -54436410.3325846   -54436778.296538 IE: -6.9688408433  FE:  -6.9688879494
4.66         -54436410.531963   -54436410.531963  -54436778.4910574 IE: -6.9688408689  FE:  -6.9688879743
4.67         -54436410.879276   -54436410.879276  -54436778.8344412 IE: -6.9688409133  FE:  -6.9688880182
4.68         -54436411.416858   -54436411.416858  -54436779.3119464 IE: -6.9688409822  FE:  -6.9688880794
4.69        -54436411.7998089  -54436411.7998089  -54436779.7317902 IE: -6.9688410312  FE:  -6.9688881331
4.70        -54436411.8910613  -54436411.8910613  -54436779.9131278 IE: -6.9688410429  FE:  -6.9688881563
4.71        -54436411.9175207  -54436411.9175207  -54436779.9313682 IE: -6.9688410463  FE:  -6.9688881587
4.72        -54436411.8597973  -54436411.8597973  -54436779.7888159 IE: -6.9688410389  FE:  -6.9688881404
4.73        -54436411.7346687  -54436411.7346687  -54436779.7202281 IE: -6.9688410228  FE:  -6.9688881316
4.74        -54436411.8535156  -54436411.8535156  -54436779.8507729 IE: -6.9688410381  FE:  -6.9688881483
4.75        -54436412.1991864  -54436412.1991864  -54436780.1466804 IE: -6.9688410823  FE:  -6.9688881862
4.76        -54436412.5161097  -54436412.5161097  -54436780.5069247 IE: -6.9688411229  FE:  -6.9688882323
4.77        -54436412.8099464  -54436412.8099464  -54436780.7729239 IE: -6.9688411605  FE:  -6.9688882664
4.78        -54436412.9932994  -54436412.9932994  -54436780.9331962 IE: -6.9688411840  FE:  -6.9688882869
4.79        -54436413.0762362  -54436413.0762362  -54436780.9885706 IE: -6.9688411946  FE:  -6.9688882940
4.80        -54436413.0927004  -54436413.0927004  -54436781.0637848 IE: -6.9688411967  FE:  -6.9688883036
4.81        -54436413.3512423  -54436413.3512423  -54436781.3037969 IE: -6.9688412298  FE:  -6.9688883343
4.82        -54436413.7759239  -54436413.7759239  -54436781.6689137 IE: -6.9688412842  FE:  -6.9688883811
4.83          -54436414.11767    -54436414.11767  -54436782.0521773 IE: -6.9688413279  FE:  -6.9688884302
4.84        -54436414.3293247  -54436414.3293247  -54436782.3228388 IE: -6.9688413550  FE:  -6.9688884648
4.85        -54436414.3811765  -54436414.3811765  -54436782.3715864 IE: -6.9688413616  FE:  -6.9688884710
4.86        -54436414.3194576  -54436414.3194576  -54436782.2923762 IE: -6.9688413537  FE:  -6.9688884609
4.87        -54436414.2567499  -54436414.2567499  -54436782.2560072 IE: -6.9688413457  FE:  -6.9688884562
4.88        -54436414.4360026  -54436414.4360026  -54436782.3719954 IE: -6.9688413687  FE:  -6.9688884711
4.89        -54436414.7128333  -54436414.7128333   -54436782.666122 IE: -6.9688414041  FE:  -6.9688885087
4.90        -54436415.1333765  -54436415.1333765  -54436783.0777511 IE: -6.9688414579  FE:  -6.9688885614
4.91        -54436415.5292178  -54436415.5292178  -54436783.4557761 IE: -6.9688415086  FE:  -6.9688886098
4.92        -54436415.7143308  -54436415.7143308  -54436783.7028079 IE: -6.9688415323  FE:  -6.9688886415
4.93        -54436415.7946878  -54436415.7946878  -54436783.7590925 IE: -6.9688415426  FE:  -6.9688886487
4.94        -54436415.8420025  -54436415.8420025  -54436783.7416217 IE: -6.9688415487  FE:  -6.9688886464
4.95        -54436415.9115142  -54436415.9115142  -54436783.8442854 IE: -6.9688415576  FE:  -6.9688886596
4.96        -54436416.1156817  -54436416.1156817  -54436784.0649779 IE: -6.9688415837  FE:  -6.9688886878
4.97        -54436416.4406893  -54436416.4406893  -54436784.3600905 IE: -6.9688416253  FE:  -6.9688887256
4.98        -54436416.7542235  -54436416.7542235  -54436784.6437778 IE: -6.9688416654  FE:  -6.9688887619
4.99        -54436416.8353834  -54436416.8353834  -54436784.8166454 IE: -6.9688416758  FE:  -6.9688887841
5.00        -54436416.9282626  -54436416.9282626  -54436784.8580276 IE: -6.9688416877  FE:  -6.9688887894
