0.00        -17985492.0297085  -17985492.0297085   -17985585.817355 IE: -6.9646395078  FE:  -6.9646758259
0.01        -17985492.8664228  -17985492.8664228  -17985586.6233866 IE: -6.9646398319  FE:  -6.9646761380
0.02        -17985495.2014889  -17985495.2014889  -17985588.9812071 IE: -6.9646407361  FE:  -6.9646770510
0.03        -17985498.8909309  -17985498.8909309  -17985592.7095276 IE: -6.9646421648  FE:  -6.9646784948
0.04        -17985503.7018033  -17985503.7018033   -17985597.556484 IE: -6.9646440277  FE:  -6.9646803717
0.05        -17985509.2944243  -17985509.2944243  -17985603.2300563 IE: -6.9646461934  FE:  -6.9646825687
0.06        -17985515.4887416  -17985515.4887416  -17985609.4305122 IE: -6.9646485920  FE:  -6.9646849697
0.07        -17985521.8702237  -17985521.8702237  -17985615.8819755 IE: -6.9646510632  FE:  -6.9646874680
0.08        -17985528.3168723  -17985528.3168723  -17985622.3536984 IE: -6.9646535596  FE:  -6.9646899741
0.09        -17985534.5859693  -17985534.5859693    -17985628.70282 IE: -6.9646559872  FE:  -6.9646924327
0.10        -17985540.6629841  -17985540.6629841  -17985634.8202523 IE: -6.9646583404  FE:  -6.9646948016
0.11        -17985546.4583042  -17985546.4583042  -17985640.6488136 IE: -6.9646605846  FE:  -6.9646970586
0.12        -17985551.9023744  -17985551.9023744  -17985646.1462343 IE: -6.9646626927  FE:  -6.9646991874
0.13        -17985556.9553144  -17985556.9553144  -17985651.2479965 IE: -6.9646646494  FE:  -6.9647011630
0.14        -17985561.5428333  -17985561.5428333  -17985655.8483084 IE: -6.9646664259  FE:  -6.9647029444
0.15        -17985565.4194656  -17985565.4194656  -17985659.7653091 IE: -6.9646679270  FE:  -6.9647044612
0.16        -17985568.4536647  -17985568.4536647  -17985662.8154579 IE: -6.9646691020  FE:  -6.9647056423
0.17        -17985570.4860163  -17985570.4860163  -17985664.8387543 IE: -6.9646698890  FE:  -6.9647064258
0.18        -17985571.3312037  -17985571.3312037  -17985665.7176248 IE: -6.9646702163  FE:  -6.9647067662
0.19        -17985571.0701983  -17985571.0701983  -17985665.4421102 IE: -6.9646701152  FE:  -6.9647066595
0.20        -17985569.7091709  -17985569.7091709  -17985664.0890259 IE: -6.9646695882  FE:  -6.9647061355
0.21        -17985567.4215781  -17985567.4215781  -17985661.8315189 IE: -6.9646687023  FE:  -6.9647052613
0.22        -17985564.5440096  -17985564.5440096  -17985658.9278558 IE: -6.9646675880  FE:  -6.9647041369
0.23        -17985561.2913443  -17985561.2913443  -17985655.6752425 IE: -6.9646663285  FE:  -6.9647028774
0.24        -17985558.1059597  -17985558.1059597  -17985652.4213317 IE: -6.9646650950  FE:  -6.9647016173
0.25        -17985555.1508969  -17985555.1508969  -17985649.4835756 IE: -6.9646639507  FE:  -6.9647004797
0.26        -17985552.7763696  -17985552.7763696  -17985647.0980302 IE: -6.9646630312  FE:  -6.9646995560
0.27        -17985551.0850595  -17985551.0850595   -17985645.366169 IE: -6.9646623762  FE:  -6.9646988853
0.28        -17985549.9786519  -17985549.9786519  -17985644.2665839 IE: -6.9646619478  FE:  -6.9646984595
0.29        -17985549.4656898  -17985549.4656898  -17985643.6881615 IE: -6.9646617492  FE:  -6.9646982355
0.30        -17985549.2832075  -17985549.2832075  -17985643.5182331 IE: -6.9646616785  FE:  -6.9646981697
0.31        -17985549.4056066  -17985549.4056066  -17985643.6337667 IE: -6.9646617259  FE:  -6.9646982145
0.32        -17985549.7365341  -17985549.7365341   -17985643.952962 IE: -6.9646618540  FE:  -6.9646983381
0.33        -17985550.1937027  -17985550.1937027  -17985644.4234038 IE: -6.9646620311  FE:  -6.9646985203
0.34        -17985550.8101401  -17985550.8101401  -17985645.0527808 IE: -6.9646622698  FE:  -6.9646987640
0.35        -17985551.6145802  -17985551.6145802  -17985645.8706491 IE: -6.9646625813  FE:  -6.9646990807
0.36        -17985552.6409401  -17985552.6409401  -17985646.9186752 IE: -6.9646629787  FE:  -6.9646994865
0.37        -17985553.9376826  -17985553.9376826  -17985648.2385239 IE: -6.9646634809  FE:  -6.9646999976
0.38        -17985555.5502651  -17985555.5502651  -17985649.8467251 IE: -6.9646641053  FE:  -6.9647006204
0.39        -17985557.3742704  -17985557.3742704  -17985651.6757822 IE: -6.9646648117  FE:  -6.9647013286
0.40        -17985559.2624617  -17985559.2624617  -17985653.5969222 IE: -6.9646655428  FE:  -6.9647020726
0.41        -17985561.1000358  -17985561.1000358  -17985655.4057203 IE: -6.9646662544  FE:  -6.9647027730
0.42        -17985562.5683609  -17985562.5683609  -17985656.8907937 IE: -6.9646668230  FE:  -6.9647033481
0.43        -17985563.5284074  -17985563.5284074  -17985657.8512542 IE: -6.9646671948  FE:  -6.9647037200
0.44        -17985563.7795398  -17985563.7795398  -17985658.1506089 IE: -6.9646672920  FE:  -6.9647038359
0.45        -17985563.3819975  -17985563.3819975  -17985657.7391815 IE: -6.9646671381  FE:  -6.9647036766
0.46        -17985562.3419099  -17985562.3419099  -17985656.6905409 IE: -6.9646667353  FE:  -6.9647032705
0.47        -17985560.7879391  -17985560.7879391  -17985655.1511773 IE: -6.9646661335  FE:  -6.9647026744
0.48        -17985558.9629528  -17985558.9629528  -17985653.3131239 IE: -6.9646654268  FE:  -6.9647019627
0.49        -17985557.0208213  -17985557.0208213  -17985651.3828712 IE: -6.9646646748  FE:  -6.9647012152
0.50        -17985555.2631038  -17985555.2631038  -17985649.5967857 IE: -6.9646639941  FE:  -6.9647005236
0.51        -17985553.8215772  -17985553.8215772  -17985648.1698511 IE: -6.9646634359  FE:  -6.9646999710
0.52        -17985552.9744867  -17985552.9744867  -17985647.2615754 IE: -6.9646631079  FE:  -6.9646996193
0.53         -17985552.593293   -17985552.593293  -17985646.8847441 IE: -6.9646629603  FE:  -6.9646994734
0.54        -17985552.6946553  -17985552.6946553  -17985646.9600684 IE: -6.9646629995  FE:  -6.9646995025
0.55         -17985553.070008   -17985553.070008  -17985647.3290538 IE: -6.9646631449  FE:  -6.9646996454
0.56        -17985553.4923899  -17985553.4923899  -17985647.7652613 IE: -6.9646633084  FE:  -6.9646998143
0.57         -17985553.823779   -17985553.823779  -17985648.0722096 IE: -6.9646634368  FE:  -6.9646999332
0.58        -17985553.8205704  -17985553.8205704  -17985648.1079415 IE: -6.9646634355  FE:  -6.9646999470
0.59        -17985553.6518192  -17985553.6518192  -17985647.9125727 IE: -6.9646633702  FE:  -6.9646998714
0.60        -17985553.3753423  -17985553.3753423    -17985647.62713 IE: -6.9646632631  FE:  -6.9646997609
0.61        -17985553.1974068  -17985553.1974068  -17985647.4551059 IE: -6.9646631942  FE:  -6.9646996942
0.62        -17985553.3965275  -17985553.3965275  -17985647.6501398 IE: -6.9646632713  FE:  -6.9646997698
0.63        -17985554.1143896  -17985554.1143896  -17985648.3717963 IE: -6.9646635493  FE:  -6.9647000492
0.64        -17985555.3695497  -17985555.3695497  -17985649.6418745 IE: -6.9646640353  FE:  -6.9647005410
0.65        -17985557.0768391  -17985557.0768391  -17985651.3436282 IE: -6.9646646965  FE:  -6.9647012000
0.66        -17985558.9284533  -17985558.9284533  -17985653.1963795 IE: -6.9646654135  FE:  -6.9647019175
0.67        -17985560.5734097  -17985560.5734097  -17985654.8629428 IE: -6.9646660505  FE:  -6.9647025628
0.68        -17985561.7328956  -17985561.7328956  -17985656.0395123 IE: -6.9646664995  FE:  -6.9647030184
0.69        -17985562.2071568  -17985562.2071568  -17985656.5243792 IE: -6.9646666831  FE:  -6.9647032062
0.70         -17985561.916447   -17985561.916447  -17985656.2449403 IE: -6.9646665705  FE:  -6.9647030980
0.71         -17985560.951825   -17985560.951825  -17985655.2838087 IE: -6.9646661970  FE:  -6.9647027258
0.72        -17985559.5614071  -17985559.5614071  -17985653.8672495 IE: -6.9646656586  FE:  -6.9647021773
0.73        -17985557.8869026  -17985557.8869026  -17985652.2374029 IE: -6.9646650102  FE:  -6.9647015461
0.74        -17985556.3110152  -17985556.3110152  -17985650.6566135 IE: -6.9646643999  FE:  -6.9647009340
0.75        -17985554.9556193  -17985554.9556193  -17985649.3081409 IE: -6.9646638751  FE:  -6.9647004118
0.76        -17985554.0021982  -17985554.0021982  -17985648.3338786 IE: -6.9646635059  FE:  -6.9647000345
0.77        -17985553.4808298  -17985553.4808298  -17985647.7941044 IE: -6.9646633040  FE:  -6.9646998255
0.78        -17985553.3701427  -17985553.3701427  -17985647.6562938 IE: -6.9646632611  FE:  -6.9646997721
0.79        -17985553.5763772  -17985553.5763772  -17985647.8276555 IE: -6.9646633410  FE:  -6.9646998385
0.80        -17985553.8806351  -17985553.8806351  -17985648.1663741 IE: -6.9646634588  FE:  -6.9646999697
0.81        -17985554.3249218  -17985554.3249218  -17985648.5727857 IE: -6.9646636308  FE:  -6.9647001270
0.82        -17985554.6522115  -17985554.6522115  -17985648.9138887 IE: -6.9646637576  FE:  -6.9647002591
0.83        -17985554.8903815  -17985554.8903815   -17985649.130592 IE: -6.9646638498  FE:  -6.9647003430
0.84        -17985554.9361632  -17985554.9361632  -17985649.1955471 IE: -6.9646638675  FE:  -6.9647003682
0.85        -17985554.8898471  -17985554.8898471  -17985649.1534993 IE: -6.9646638496  FE:  -6.9647003519
0.86        -17985554.8235896  -17985554.8235896  -17985649.0909997 IE: -6.9646638239  FE:  -6.9647003277
0.87        -17985554.9413138  -17985554.9413138  -17985649.2160429 IE: -6.9646638695  FE:  -6.9647003761
0.88         -17985555.443053   -17985555.443053  -17985649.6939025 IE: -6.9646640638  FE:  -6.9647005612
0.89         -17985556.302256   -17985556.302256  -17985650.5862708 IE: -6.9646643965  FE:  -6.9647009067
0.90        -17985557.5392542  -17985557.5392542  -17985651.8035651 IE: -6.9646648755  FE:  -6.9647013781
0.91        -17985558.8749383  -17985558.8749383  -17985653.1489619 IE: -6.9646653928  FE:  -6.9647018991
0.92        -17985560.1414791  -17985560.1414791  -17985654.4228772 IE: -6.9646658832  FE:  -6.9647023924
0.93        -17985561.1807124  -17985561.1807124  -17985655.4137395 IE: -6.9646662856  FE:  -6.9647027761
0.94        -17985561.6698192  -17985561.6698192  -17985655.9583035 IE: -6.9646664750  FE:  -6.9647029870
0.95         -17985561.623567   -17985561.623567  -17985655.9285696 IE: -6.9646664571  FE:  -6.9647029755
0.96        -17985560.9078244  -17985560.9078244  -17985655.2414934 IE: -6.9646661800  FE:  -6.9647027094
0.97        -17985559.5847118  -17985559.5847118  -17985653.9644603 IE: -6.9646656676  FE:  -6.9647022149
0.98        -17985557.9642491  -17985557.9642491  -17985652.3297302 IE: -6.9646650401  FE:  -6.9647015819
0.99        -17985556.2883116  -17985556.2883116  -17985650.6453295 IE: -6.9646643911  FE:  -6.9647009296
1.00        -17985554.8209726  -17985554.8209726  -17985649.1971361 IE: -6.9646638229  FE:  -6.9647003688
1.01        -17985553.8550697  -17985553.8550697  -17985648.2007969 IE: -6.9646634489  FE:  -6.9646999830
1.02        -17985553.3850042  -17985553.3850042  -17985647.7245104 IE: -6.9646632669  FE:  -6.9646997986
1.03        -17985553.4663973  -17985553.4663973  -17985647.7563312 IE: -6.9646632984  FE:  -6.9646998109
1.04        -17985553.9152837  -17985553.9152837  -17985648.1803815 IE: -6.9646634722  FE:  -6.9646999751
1.05        -17985554.6023079  -17985554.6023079  -17985648.8511444 IE: -6.9646637382  FE:  -6.9647002348
1.06        -17985555.3441474  -17985555.3441474  -17985649.5779918 IE: -6.9646640255  FE:  -6.9647005163
1.07        -17985555.9126449  -17985555.9126449  -17985650.1664627 IE: -6.9646642457  FE:  -6.9647007442
1.08        -17985556.2064944  -17985556.2064944  -17985650.4710534 IE: -6.9646643594  FE:  -6.9647008621
1.09        -17985556.1914862  -17985556.1914862  -17985650.4819928 IE: -6.9646643536  FE:  -6.9647008664
1.10        -17985556.0301518  -17985556.0301518  -17985650.3033541 IE: -6.9646642912  FE:  -6.9647007972
1.11        -17985555.8030588  -17985555.8030588   -17985650.076567 IE: -6.9646642032  FE:  -6.9647007094
1.12        -17985555.6819004  -17985555.6819004  -17985649.9453665 IE: -6.9646641563  FE:  -6.9647006586
1.13        -17985555.8129789  -17985555.8129789  -17985650.1025585 IE: -6.9646642071  FE:  -6.9647007194
1.14        -17985556.4417541  -17985556.4417541  -17985650.6999151 IE: -6.9646644505  FE:  -6.9647009507
1.15        -17985557.5016159  -17985557.5016159  -17985651.7687097 IE: -6.9646648610  FE:  -6.9647013646
1.16        -17985558.8577016  -17985558.8577016  -17985653.1359119 IE: -6.9646653861  FE:  -6.9647018941
1.17        -17985560.2968935  -17985560.2968935  -17985654.5538782 IE: -6.9646659434  FE:  -6.9647024431
1.18        -17985561.4554349  -17985561.4554349  -17985655.7290021 IE: -6.9646663920  FE:  -6.9647028982
1.19        -17985562.1378759  -17985562.1378759  -17985656.4210944 IE: -6.9646666563  FE:  -6.9647031662
1.20        -17985562.1040902  -17985562.1040902  -17985656.4115401 IE: -6.9646666432  FE:  -6.9647031625
1.21        -17985561.3120934  -17985561.3120934  -17985655.6554201 IE: -6.9646663365  FE:  -6.9647028697
1.22        -17985559.9320756  -17985559.9320756  -17985654.2509189 IE: -6.9646658021  FE:  -6.9647023258
1.23        -17985558.0704022  -17985558.0704022  -17985652.4249634 IE: -6.9646650812  FE:  -6.9647016188
1.24        -17985556.0528044  -17985556.0528044  -17985650.4573207 IE: -6.9646642999  FE:  -6.9647008568
1.25        -17985554.3380456  -17985554.3380456  -17985648.7139394 IE: -6.9646636359  FE:  -6.9647001817
1.26        -17985553.0618305  -17985553.0618305  -17985647.4846183 IE: -6.9646631417  FE:  -6.9646997057
1.27        -17985552.5923798  -17985552.5923798  -17985646.9552224 IE: -6.9646629599  FE:  -6.9646995007
1.28        -17985552.8313896  -17985552.8313896  -17985647.1324438 IE: -6.9646630525  FE:  -6.9646995693
1.29        -17985553.5889434  -17985553.5889434  -17985647.8964556 IE: -6.9646633458  FE:  -6.9646998651
1.30        -17985554.7718561  -17985554.7718561  -17985649.0334105 IE: -6.9646638039  FE:  -6.9647003054
1.31        -17985556.0178409  -17985556.0178409   -17985650.254491 IE: -6.9646642864  FE:  -6.9647007783
1.32        -17985557.0533031  -17985557.0533031  -17985651.3045959 IE: -6.9646646874  FE:  -6.9647011849
1.33        -17985557.6857296  -17985557.6857296  -17985651.9484869 IE: -6.9646649323  FE:  -6.9647014342
1.34        -17985557.8320799  -17985557.8320799  -17985652.1036746 IE: -6.9646649889  FE:  -6.9647014943
1.35        -17985557.5794746  -17985557.5794746  -17985651.8494839 IE: -6.9646648911  FE:  -6.9647013959
1.36        -17985557.0724807  -17985557.0724807   -17985651.362291 IE: -6.9646646948  FE:  -6.9647012072
1.37        -17985556.6150005  -17985556.6150005  -17985650.9033336 IE: -6.9646645176  FE:  -6.9647010295
1.38        -17985556.4853175  -17985556.4853175  -17985650.7581522 IE: -6.9646644674  FE:  -6.9647009733
1.39        -17985556.8336709  -17985556.8336709  -17985651.1232155 IE: -6.9646646023  FE:  -6.9647011147
1.40        -17985557.8601959  -17985557.8601959    -17985652.09936 IE: -6.9646649998  FE:  -6.9647014927
1.41        -17985559.3348106  -17985559.3348106  -17985653.5525593 IE: -6.9646655708  FE:  -6.9647020554
1.42         -17985560.973057   -17985560.973057  -17985655.1897912 IE: -6.9646662052  FE:  -6.9647026894
1.43        -17985562.4100524  -17985562.4100524  -17985656.6684009 IE: -6.9646667617  FE:  -6.9647032620
1.44        -17985563.3177498  -17985563.3177498  -17985657.6024354 IE: -6.9646671132  FE:  -6.9647036237
1.45        -17985563.3901963  -17985563.3901963  -17985657.7128515 IE: -6.9646671412  FE:  -6.9647036664
1.46        -17985562.4508212  -17985562.4508212  -17985656.8419698 IE: -6.9646667775  FE:  -6.9647033292
1.47         -17985560.593549   -17985560.593549  -17985655.0375996 IE: -6.9646660583  FE:  -6.9647026305
1.48        -17985558.0990789  -17985558.0990789  -17985652.5506581 IE: -6.9646650923  FE:  -6.9647016674
1.49        -17985555.3255616  -17985555.3255616   -17985649.787043 IE: -6.9646640183  FE:  -6.9647005973
1.50        -17985552.7686146  -17985552.7686146  -17985647.2365022 IE: -6.9646630282  FE:  -6.9646996096
1.51        -17985550.8741075  -17985550.8741075  -17985645.3686017 IE: -6.9646622945  FE:  -6.9646988863
1.52        -17985550.1636808  -17985550.1636808  -17985644.5506854 IE: -6.9646620194  FE:  -6.9646985695
1.53        -17985550.6177121  -17985550.6177121  -17985644.8973992 IE: -6.9646621953  FE:  -6.9646987038
1.54          -17985552.01144    -17985552.01144  -17985646.2727262 IE: -6.9646627350  FE:  -6.9646992364
1.55        -17985554.1426025  -17985554.1426025  -17985648.3638543 IE: -6.9646635602  FE:  -6.9647000461
1.56        -17985556.5383505  -17985556.5383505  -17985650.7285508 IE: -6.9646644880  FE:  -6.9647009618
1.57        -17985558.7182357  -17985558.7182357  -17985652.8752109 IE: -6.9646653321  FE:  -6.9647017931
1.58        -17985560.1665491  -17985560.1665491  -17985654.3843843 IE: -6.9646658929  FE:  -6.9647023775
1.59        -17985560.7880852  -17985560.7880852  -17985655.0215191 IE: -6.9646661336  FE:  -6.9647026242
1.60        -17985560.5120808  -17985560.5120808  -17985654.7628224 IE: -6.9646660267  FE:  -6.9647025241
1.61        -17985559.6091488  -17985559.6091488  -17985653.8547509 IE: -6.9646656771  FE:  -6.9647021724
1.62        -17985558.4113725  -17985558.4113725  -17985652.7181753 IE: -6.9646652133  FE:  -6.9647017323
1.63        -17985557.5657054  -17985557.5657054  -17985651.8524295 IE: -6.9646648858  FE:  -6.9647013970
1.64        -17985557.4873505  -17985557.4873505  -17985651.7463674 IE: -6.9646648554  FE:  -6.9647013560
1.65        -17985558.4254685  -17985558.4254685  -17985652.6710824 IE: -6.9646652187  FE:  -6.9647017141
1.66        -17985560.3920496  -17985560.3920496  -17985654.6100607 IE: -6.9646659802  FE:  -6.9647024649
1.67        -17985562.9664135  -17985562.9664135  -17985657.1722566 IE: -6.9646669771  FE:  -6.9647034571
1.68         -17985565.563666   -17985565.563666  -17985659.7731983 IE: -6.9646679829  FE:  -6.9647044643
1.69         -17985567.467977   -17985567.467977  -17985661.7162412 IE: -6.9646687203  FE:  -6.9647052167
1.70         -17985567.932859   -17985567.932859  -17985662.3186948 IE: -6.9646689003  FE:  -6.9647054500
1.71        -17985566.5946252  -17985566.5946252  -17985661.0296344 IE: -6.9646683821  FE:  -6.9647049508
1.72        -17985563.0702929  -17985563.0702929  -17985657.6421468 IE: -6.9646670174  FE:  -6.9647036390
1.73        -17985557.7813153  -17985557.7813153  -17985652.4249207 IE: -6.9646649693  FE:  -6.9647016187
1.74        -17985551.3371118  -17985551.3371118   -17985646.028886 IE: -6.9646624738  FE:  -6.9646991420
1.75        -17985544.8731119  -17985544.8731119   -17985639.471856 IE: -6.9646599707  FE:  -6.9646966028
1.76        -17985539.4090057  -17985539.4090057  -17985633.9781363 IE: -6.9646578548  FE:  -6.9646944755
1.77         -17985536.302694   -17985536.302694  -17985630.7651718 IE: -6.9646566520  FE:  -6.9646932313
1.78        -17985536.4366648  -17985536.4366648  -17985630.7236722 IE: -6.9646567038  FE:  -6.9646932152
1.79        -17985540.0797166  -17985540.0797166  -17985634.1751595 IE: -6.9646581146  FE:  -6.9646945518
1.80        -17985546.9131539  -17985546.9131539  -17985640.8327707 IE: -6.9646607607  FE:  -6.9646971298
1.81        -17985556.0986773  -17985556.0986773  -17985649.8831819 IE: -6.9646643177  FE:  -6.9647006345
1.82        -17985566.3623536  -17985566.3623536  -17985660.1058038 IE: -6.9646682922  FE:  -6.9647045931
1.83        -17985576.2098334  -17985576.2098334  -17985669.9031544 IE: -6.9646721055  FE:  -6.9647083869
1.84          -17985583.71911    -17985583.71911  -17985677.6569922 IE: -6.9646750133  FE:  -6.9647113895
1.85        -17985587.9583978  -17985587.9583978  -17985682.0072596 IE: -6.9646766549  FE:  -6.9647130741
1.86        -17985587.9306045  -17985587.9306045  -17985682.1734595 IE: -6.9646766442  FE:  -6.9647131385
1.87        -17985583.4246068  -17985583.4246068  -17985677.9550019 IE: -6.9646748993  FE:  -6.9647115049
1.88        -17985574.9974179  -17985574.9974179  -17985669.7419942 IE: -6.9646716360  FE:  -6.9647083245
1.89        -17985563.9667508  -17985563.9667508  -17985658.7770012 IE: -6.9646673645  FE:  -6.9647040785
1.90        -17985552.0196329  -17985552.0196329  -17985646.9608193 IE: -6.9646627381  FE:  -6.9646995028
1.91        -17985541.3218264  -17985541.3218264  -17985636.3050551 IE: -6.9646585956  FE:  -6.9646953765
1.92         -17985533.623186   -17985533.623186  -17985628.4913583 IE: -6.9646556144  FE:  -6.9646923508
1.93        -17985529.8381915  -17985529.8381915  -17985624.4952717 IE: -6.9646541487  FE:  -6.9646908034
1.94        -17985530.1870646  -17985530.1870646   -17985624.624235 IE: -6.9646542838  FE:  -6.9646908533
1.95        -17985534.5121233  -17985534.5121233  -17985628.6763595 IE: -6.9646559586  FE:  -6.9646924224
1.96        -17985541.9957956  -17985541.9957956  -17985635.9438028 IE: -6.9646588565  FE:  -6.9646952366
1.97        -17985551.4211008  -17985551.4211008  -17985645.1989135 IE: -6.9646625064  FE:  -6.9646988206
1.98        -17985561.1899861  -17985561.1899861  -17985654.8858439 IE: -6.9646662892  FE:  -6.9647025717
1.99         -17985569.795024   -17985569.795024  -17985663.4972143 IE: -6.9646696214  FE:  -6.9647059063
2.00        -17985575.9452448  -17985575.9452448  -17985669.8347671 IE: -6.9646720030  FE:  -6.9647083605
2.01        -17985579.0715317  -17985579.0715317  -17985673.0814714 IE: -6.9646732136  FE:  -6.9647096177
2.02        -17985578.8049574  -17985578.8049574  -17985673.0261039 IE: -6.9646731104  FE:  -6.9647095963
2.03        -17985575.6798818  -17985575.6798818    -17985670.05237 IE: -6.9646719003  FE:  -6.9647084447
2.04        -17985570.5336395  -17985570.5336395  -17985665.0705033 IE: -6.9646699074  FE:  -6.9647065156
2.05        -17985564.6072993  -17985564.6072993  -17985659.2198042 IE: -6.9646676125  FE:  -6.9647042500
2.06        -17985558.8771441  -17985558.8771441  -17985653.5471932 IE: -6.9646653936  FE:  -6.9647020533
2.07        -17985554.3531603  -17985554.3531603  -17985648.9617519 IE: -6.9646636418  FE:  -6.9647002777
2.08        -17985551.5149641  -17985551.5149641  -17985646.0162464 IE: -6.9646625427  FE:  -6.9646991371
2.09        -17985550.4323712  -17985550.4323712  -17985644.9126614 IE: -6.9646621235  FE:  -6.9646987097
2.10        -17985551.0994099  -17985551.0994099  -17985645.4699686 IE: -6.9646623818  FE:  -6.9646989255
2.11         -17985552.882433   -17985552.882433   -17985647.194775 IE: -6.9646630722  FE:  -6.9646995934
2.12        -17985555.1839729  -17985555.1839729  -17985649.4624911 IE: -6.9646639635  FE:  -6.9647004716
2.13        -17985557.3699769  -17985557.3699769  -17985651.6241209 IE: -6.9646648100  FE:  -6.9647013086
2.14        -17985558.9428857  -17985558.9428857  -17985653.1739947 IE: -6.9646654191  FE:  -6.9647019088
2.15        -17985559.5347055  -17985559.5347055  -17985653.8290672 IE: -6.9646656482  FE:  -6.9647021625
2.16        -17985559.2757457  -17985559.2757457  -17985653.6084022 IE: -6.9646655480  FE:  -6.9647020770
2.17        -17985558.4294695  -17985558.4294695  -17985652.7752057 IE: -6.9646652203  FE:  -6.9647017544
2.18        -17985557.3845044  -17985557.3845044  -17985651.7450652 IE: -6.9646648156  FE:  -6.9647013555
2.19        -17985556.6083299  -17985556.6083299  -17985650.9237124 IE: -6.9646645151  FE:  -6.9647010374
2.20        -17985556.3946146  -17985556.3946146  -17985650.6701568 IE: -6.9646644323  FE:  -6.9647009392
2.21        -17985556.9314865  -17985556.9314865  -17985651.1841869 IE: -6.9646646402  FE:  -6.9647011383
2.22         -17985558.244244   -17985558.244244  -17985652.4475029 IE: -6.9646651485  FE:  -6.9647016275
2.23        -17985560.1083086  -17985560.1083086  -17985654.2900956 IE: -6.9646658704  FE:  -6.9647023410
2.24        -17985562.1351614  -17985562.1351614  -17985656.3223998 IE: -6.9646666552  FE:  -6.9647031280
2.25        -17985563.9522061  -17985563.9522061  -17985658.1361012 IE: -6.9646673589  FE:  -6.9647038303
2.26        -17985565.0999614  -17985565.0999614  -17985659.3569105 IE: -6.9646678033  FE:  -6.9647043031
2.27        -17985565.4122826  -17985565.4122826  -17985659.6874832 IE: -6.9646679243  FE:  -6.9647044311
2.28        -17985564.7282822  -17985564.7282822  -17985659.0780963 IE: -6.9646676594  FE:  -6.9647041951
2.29        -17985563.2027852  -17985563.2027852  -17985657.6448585 IE: -6.9646670687  FE:  -6.9647036401
2.30        -17985561.2994567  -17985561.2994567  -17985655.7167869 IE: -6.9646663316  FE:  -6.9647028935
2.31        -17985559.1741865  -17985559.1741865  -17985653.6510624 IE: -6.9646655086  FE:  -6.9647020935
2.32        -17985557.3581456  -17985557.3581456  -17985651.8136577 IE: -6.9646648054  FE:  -6.9647013820
2.33        -17985556.0910618  -17985556.0910618  -17985650.5160473 IE: -6.9646643147  FE:  -6.9647008795
2.34        -17985555.5305726  -17985555.5305726  -17985649.9370074 IE: -6.9646640977  FE:  -6.9647006553
2.35         -17985555.750836   -17985555.750836  -17985650.0969399 IE: -6.9646641830  FE:  -6.9647007173
2.36        -17985556.5571123  -17985556.5571123  -17985650.8643097 IE: -6.9646644952  FE:  -6.9647010144
2.37        -17985557.7249462  -17985557.7249462  -17985652.0025365 IE: -6.9646649474  FE:  -6.9647014552
2.38        -17985558.9450907  -17985558.9450907  -17985653.2085376 IE: -6.9646654199  FE:  -6.9647019222
2.39        -17985560.0031155  -17985560.0031155  -17985654.2250998 IE: -6.9646658296  FE:  -6.9647023158
2.40        -17985560.5824261  -17985560.5824261  -17985654.8484822 IE: -6.9646660540  FE:  -6.9647025572
2.41        -17985560.7014932  -17985560.7014932  -17985655.0051002 IE: -6.9646661001  FE:  -6.9647026179
2.42         -17985560.430026   -17985560.430026  -17985654.7444035 IE: -6.9646659950  FE:  -6.9647025169
2.43        -17985559.9445153  -17985559.9445153  -17985654.2690642 IE: -6.9646658069  FE:  -6.9647023329
2.44        -17985559.4451704  -17985559.4451704  -17985653.7629138 IE: -6.9646656136  FE:  -6.9647021369
2.45          -17985559.12549    -17985559.12549  -17985653.4410354 IE: -6.9646654898  FE:  -6.9647020122
2.46        -17985559.1855848  -17985559.1855848  -17985653.4648566 IE: -6.9646655131  FE:  -6.9647020214
2.47        -17985559.6109412  -17985559.6109412  -17985653.8766999 IE: -6.9646656778  FE:  -6.9647021809
2.48        -17985560.4019856  -17985560.4019856  -17985654.6303878 IE: -6.9646659841  FE:  -6.9647024728
2.49        -17985561.3058667  -17985561.3058667   -17985655.558554 IE: -6.9646663341  FE:  -6.9647028322
2.50        -17985562.1927422  -17985562.1927422  -17985656.4600508 IE: -6.9646666775  FE:  -6.9647031813
2.51        -17985562.8392279  -17985562.8392279   -17985657.130297 IE: -6.9646669279  FE:  -6.9647034408
2.52        -17985563.0496325  -17985563.0496325  -17985657.3740418 IE: -6.9646670094  FE:  -6.9647035352
2.53        -17985562.7439104  -17985562.7439104  -17985657.1228836 IE: -6.9646668910  FE:  -6.9647034380
2.54        -17985562.0249605  -17985562.0249605  -17985656.4080706 IE: -6.9646666126  FE:  -6.9647031612
2.55        -17985560.9474197  -17985560.9474197  -17985655.3913052 IE: -6.9646661953  FE:  -6.9647027674
2.56        -17985559.8435729  -17985559.8435729  -17985654.2547321 IE: -6.9646657679  FE:  -6.9647023273
2.57        -17985558.8112838  -17985558.8112838  -17985653.2173255 IE: -6.9646653681  FE:  -6.9647019256
2.58        -17985558.0500022  -17985558.0500022  -17985652.4702068 IE: -6.9646650733  FE:  -6.9647016363
2.59        -17985557.7694577  -17985557.7694577  -17985652.1411599 IE: -6.9646649647  FE:  -6.9647015089
2.60        -17985557.9492244  -17985557.9492244  -17985652.2696398 IE: -6.9646650343  FE:  -6.9647015586
2.61        -17985558.4810611  -17985558.4810611  -17985652.8154005 IE: -6.9646652402  FE:  -6.9647017699
2.62        -17985559.3293494  -17985559.3293494   -17985653.627741 IE: -6.9646655687  FE:  -6.9647020845
2.63        -17985560.2747083  -17985560.2747083  -17985654.5304929 IE: -6.9646659348  FE:  -6.9647024341
2.64        -17985561.0541296  -17985561.0541296  -17985655.3327901 IE: -6.9646662366  FE:  -6.9647027448
2.65        -17985561.5989513  -17985561.5989513   -17985655.888747 IE: -6.9646664476  FE:  -6.9647029601
2.66        -17985561.8075098  -17985561.8075098  -17985656.1222286 IE: -6.9646665284  FE:  -6.9647030505
2.67        -17985561.7218536  -17985561.7218536  -17985656.0301302 IE: -6.9646664952  FE:  -6.9647030148
2.68        -17985561.3864568  -17985561.3864568  -17985655.7116711 IE: -6.9646663653  FE:  -6.9647028915
2.69        -17985561.0005555  -17985561.0005555  -17985655.3073968 IE: -6.9646662159  FE:  -6.9647027349
2.70         -17985560.618862   -17985560.618862  -17985654.9553352 IE: -6.9646660681  FE:  -6.9647025986
2.71        -17985560.4603667  -17985560.4603667  -17985654.7740288 IE: -6.9646660067  FE:  -6.9647025284
2.72         -17985560.563068   -17985560.563068  -17985654.8389785 IE: -6.9646660465  FE:  -6.9647025535
2.73        -17985560.8824248  -17985560.8824248  -17985655.1469704 IE: -6.9646661701  FE:  -6.9647026728
2.74        -17985561.2898308  -17985561.2898308  -17985655.6043451 IE: -6.9646663279  FE:  -6.9647028499
2.75        -17985561.8151447  -17985561.8151447  -17985656.1213387 IE: -6.9646665313  FE:  -6.9647030501
2.76         -17985562.245723   -17985562.245723  -17985656.5412863 IE: -6.9646666981  FE:  -6.9647032127
2.77        -17985562.4740899  -17985562.4740899  -17985656.7493012 IE: -6.9646667865  FE:  -6.9647032933
2.78        -17985562.2933008  -17985562.2933008  -17985656.6702485 IE: -6.9646667165  FE:  -6.9647032627
2.79         -17985561.938488   -17985561.938488  -17985656.2978648 IE: -6.9646665791  FE:  -6.9647031185
2.80        -17985561.3315513  -17985561.3315513  -17985655.7129144 IE: -6.9646663441  FE:  -6.9647028920
2.81        -17985560.6187933  -17985560.6187933  -17985655.0379321 IE: -6.9646660680  FE:  -6.9647026306
2.82        -17985560.0048199  -17985560.0048199  -17985654.4076305 IE: -6.9646658303  FE:  -6.9647023865
2.83        -17985559.6180341  -17985559.6180341  -17985653.9823819 IE: -6.9646656805  FE:  -6.9647022218
2.84        -17985559.4567612  -17985559.4567612  -17985653.8139193 IE: -6.9646656181  FE:  -6.9647021566
2.85        -17985559.5775845  -17985559.5775845  -17985653.9610953 IE: -6.9646656649  FE:  -6.9647022136
2.86        -17985560.0471787  -17985560.0471787  -17985654.4011208 IE: -6.9646658467  FE:  -6.9647023840
2.87        -17985560.7611339  -17985560.7611339  -17985655.0580569 IE: -6.9646661232  FE:  -6.9647026384
2.88        -17985561.4836644  -17985561.4836644  -17985655.7771681 IE: -6.9646664030  FE:  -6.9647029168
2.89        -17985562.1660896  -17985562.1660896  -17985656.4551859 IE: -6.9646666672  FE:  -6.9647031794
2.90        -17985562.6522556  -17985562.6522556  -17985656.9498883 IE: -6.9646668555  FE:  -6.9647033710
2.91        -17985562.8971627  -17985562.8971627  -17985657.1779385 IE: -6.9646669503  FE:  -6.9647034593
2.92        -17985562.8570752  -17985562.8570752  -17985657.1489517 IE: -6.9646669348  FE:  -6.9647034481
2.93        -17985562.5644291  -17985562.5644291  -17985656.9019591 IE: -6.9646668215  FE:  -6.9647033524
2.94        -17985562.1821705  -17985562.1821705  -17985656.5217827 IE: -6.9646666734  FE:  -6.9647032052
2.95        -17985561.7764234  -17985561.7764234  -17985656.1567761 IE: -6.9646665163  FE:  -6.9647030638
2.96        -17985561.5247429  -17985561.5247429  -17985655.8593866 IE: -6.9646664189  FE:  -6.9647029487
2.97        -17985561.3756712  -17985561.3756712  -17985655.7269768 IE: -6.9646663611  FE:  -6.9647028974
2.98        -17985561.4594754  -17985561.4594754  -17985655.8102437 IE: -6.9646663936  FE:  -6.9647029297
2.99        -17985561.7058554  -17985561.7058554  -17985656.0137465 IE: -6.9646664890  FE:  -6.9647030085
3.00        -17985562.0129791  -17985562.0129791  -17985656.3249496 IE: -6.9646666079  FE:  -6.9647031290
3.01        -17985562.2776598  -17985562.2776598  -17985656.6148142 IE: -6.9646667104  FE:  -6.9647032412
3.02        -17985562.4805651  -17985562.4805651  -17985656.8183004 IE: -6.9646667890  FE:  -6.9647033200
3.03        -17985562.4782718  -17985562.4782718  -17985656.8377213 IE: -6.9646667881  FE:  -6.9647033275
3.04        -17985562.3199174  -17985562.3199174  -17985656.6844439 IE: -6.9646667268  FE:  -6.9647032682
3.05        -17985562.0143473  -17985562.0143473  -17985656.3716181 IE: -6.9646666085  FE:  -6.9647031470
3.06         -17985561.598166   -17985561.598166  -17985655.9822857 IE: -6.9646664473  FE:  -6.9647029963
3.07        -17985561.2313411  -17985561.2313411  -17985655.6287609 IE: -6.9646663052  FE:  -6.9647028594
3.08        -17985561.0199476  -17985561.0199476  -17985655.3757224 IE: -6.9646662234  FE:  -6.9647027614
3.09        -17985560.9612019  -17985560.9612019  -17985655.3120472 IE: -6.9646662006  FE:  -6.9647027367
3.10        -17985561.1545588  -17985561.1545588   -17985655.472542 IE: -6.9646662755  FE:  -6.9647027989
3.11          -17985561.53174    -17985561.53174  -17985655.8477485 IE: -6.9646664216  FE:  -6.9647029442
3.12        -17985562.0802132  -17985562.0802132  -17985656.3896767 IE: -6.9646666340  FE:  -6.9647031540
3.13        -17985562.6811214  -17985562.6811214  -17985656.9810997 IE: -6.9646668667  FE:  -6.9647033831
3.14        -17985563.2518815  -17985563.2518815  -17985657.5501756 IE: -6.9646670877  FE:  -6.9647036034
3.15        -17985563.6438602  -17985563.6438602  -17985657.9655644 IE: -6.9646672395  FE:  -6.9647037643
3.16        -17985563.8806975  -17985563.8806975  -17985658.1802936 IE: -6.9646673312  FE:  -6.9647038474
3.17        -17985563.8641443  -17985563.8641443  -17985658.1626284 IE: -6.9646673248  FE:  -6.9647038406
3.18        -17985563.6109467  -17985563.6109467  -17985657.9575213 IE: -6.9646672267  FE:  -6.9647037612
3.19        -17985563.2271657  -17985563.2271657  -17985657.6031779 IE: -6.9646670781  FE:  -6.9647036239
3.20        -17985562.8516929  -17985562.8516929  -17985657.2124632 IE: -6.9646669327  FE:  -6.9647034726
3.21        -17985562.5049383  -17985562.5049383  -17985656.8865344 IE: -6.9646667984  FE:  -6.9647033464
3.22        -17985562.2850997  -17985562.2850997  -17985656.6693308 IE: -6.9646667133  FE:  -6.9647032623
3.23        -17985562.2525854  -17985562.2525854  -17985656.6120417 IE: -6.9646667007  FE:  -6.9647032401
3.24        -17985562.3415264  -17985562.3415264  -17985656.6944543 IE: -6.9646667352  FE:  -6.9647032721
3.25        -17985562.5365605  -17985562.5365605  -17985656.8868355 IE: -6.9646668107  FE:  -6.9647033466
3.26        -17985562.7985684  -17985562.7985684  -17985657.1265722 IE: -6.9646669121  FE:  -6.9647034394
3.27        -17985562.9171005  -17985562.9171005  -17985657.3338664 IE: -6.9646669580  FE:  -6.9647035197
3.28        -17985563.1057159  -17985563.1057159  -17985657.4424928 IE: -6.9646670311  FE:  -6.9647035617
3.29        -17985563.0976837  -17985563.0976837    -17985657.43224 IE: -6.9646670280  FE:  -6.9647035578
3.30        -17985562.9309324  -17985562.9309324  -17985657.3029575 IE: -6.9646669634  FE:  -6.9647035077
3.31        -17985562.7247214  -17985562.7247214  -17985657.1094078 IE: -6.9646668835  FE:  -6.9647034327
3.32        -17985562.5913461  -17985562.5913461  -17985656.9203554 IE: -6.9646668319  FE:  -6.9647033595
3.33        -17985562.4805775  -17985562.4805775  -17985656.7858661 IE: -6.9646667890  FE:  -6.9647033075
3.34        -17985562.4120952  -17985562.4120952  -17985656.7731704 IE: -6.9646667625  FE:  -6.9647033025
3.35        -17985562.5658875  -17985562.5658875  -17985656.9063312 IE: -6.9646668220  FE:  -6.9647033541
3.36        -17985562.8855477  -17985562.8855477  -17985657.2056013 IE: -6.9646669458  FE:  -6.9647034700
3.37        -17985563.2930907  -17985563.2930907  -17985657.6287038 IE: -6.9646671036  FE:  -6.9647036338
3.38        -17985563.7971338  -17985563.7971338  -17985658.1098291 IE: -6.9646672988  FE:  -6.9647038201
3.39        -17985564.2477874  -17985564.2477874  -17985658.5639961 IE: -6.9646674733  FE:  -6.9647039960
3.40        -17985564.5832507  -17985564.5832507  -17985658.8994571 IE: -6.9646676032  FE:  -6.9647041259
3.41         -17985564.796914   -17985564.796914  -17985659.0948156 IE: -6.9646676860  FE:  -6.9647042016
3.42        -17985564.7338616  -17985564.7338616   -17985659.078735 IE: -6.9646676616  FE:  -6.9647041953
3.43        -17985564.5513051  -17985564.5513051  -17985658.8935186 IE: -6.9646675909  FE:  -6.9647041236
3.44        -17985564.2301067  -17985564.2301067  -17985658.5939749 IE: -6.9646674665  FE:  -6.9647040076
3.45        -17985563.8396796  -17985563.8396796  -17985658.2370108 IE: -6.9646673153  FE:  -6.9647038694
3.46        -17985563.5308336  -17985563.5308336   -17985657.917824 IE: -6.9646671957  FE:  -6.9647037458
3.47        -17985563.2855479  -17985563.2855479  -17985657.6710061 IE: -6.9646671007  FE:  -6.9647036502
3.48        -17985563.2094838  -17985563.2094838   -17985657.581221 IE: -6.9646670713  FE:  -6.9647036154
3.49        -17985563.2865069  -17985563.2865069   -17985657.612252 IE: -6.9646671011  FE:  -6.9647036275
3.50        -17985563.3857136  -17985563.3857136  -17985657.7623741 IE: -6.9646671395  FE:  -6.9647036856
3.51        -17985563.6659936  -17985563.6659936  -17985657.9892053 IE: -6.9646672480  FE:  -6.9647037734
3.52        -17985563.8489541  -17985563.8489541   -17985658.210872 IE: -6.9646673189  FE:  -6.9647038593
3.53        -17985564.0499455  -17985564.0499455  -17985658.3991975 IE: -6.9646673967  FE:  -6.9647039322
3.54          -17985564.15457    -17985564.15457  -17985658.4861759 IE: -6.9646674372  FE:  -6.9647039659
3.55        -17985564.1378609  -17985564.1378609  -17985658.4887533 IE: -6.9646674308  FE:  -6.9647039669
3.56         -17985564.082304   -17985564.082304  -17985658.4183293 IE: -6.9646674092  FE:  -6.9647039396
3.57         -17985563.973444   -17985563.973444  -17985658.3098536 IE: -6.9646673671  FE:  -6.9647038976
3.58        -17985563.8557466  -17985563.8557466  -17985658.2166727 IE: -6.9646673215  FE:  -6.9647038615
3.59        -17985563.8812206  -17985563.8812206  -17985658.1951471 IE: -6.9646673314  FE:  -6.9647038532
3.60        -17985563.9166797  -17985563.9166797  -17985658.2881944 IE: -6.9646673451  FE:  -6.9647038892
3.61         -17985564.170071   -17985564.170071   -17985658.499156 IE: -6.9646674432  FE:  -6.9647039709
3.62        -17985564.4603376  -17985564.4603376  -17985658.7941381 IE: -6.9646675556  FE:  -6.9647040851
3.63        -17985564.8707784  -17985564.8707784  -17985659.1564876 IE: -6.9646677146  FE:  -6.9647042254
3.64        -17985565.1771052  -17985565.1771052  -17985659.5077212 IE: -6.9646678332  FE:  -6.9647043615
3.65        -17985565.4256342  -17985565.4256342  -17985659.7852389 IE: -6.9646679294  FE:  -6.9647044689
3.66        -17985565.6039666  -17985565.6039666  -17985659.9251495 IE: -6.9646679985  FE:  -6.9647045231
3.67        -17985565.5802741  -17985565.5802741  -17985659.9273725 IE: -6.9646679893  FE:  -6.9647045240
3.68        -17985565.3988214  -17985565.3988214  -17985659.7812167 IE: -6.9646679190  FE:  -6.9647044674
3.69        -17985565.1340181  -17985565.1340181  -17985659.5443573 IE: -6.9646678165  FE:  -6.9647043756
3.70        -17985564.8515921  -17985564.8515921  -17985659.2574215 IE: -6.9646677071  FE:  -6.9647042645
3.71         -17985564.576958   -17985564.576958  -17985658.9730392 IE: -6.9646676008  FE:  -6.9647041544
3.72        -17985564.3952056  -17985564.3952056  -17985658.7811225 IE: -6.9646675304  FE:  -6.9647040801
3.73         -17985564.315106   -17985564.315106  -17985658.6961975 IE: -6.9646674994  FE:  -6.9647040472
3.74        -17985564.3899832  -17985564.3899832  -17985658.7302423 IE: -6.9646675284  FE:  -6.9647040604
3.75        -17985564.5538516  -17985564.5538516  -17985658.9014671 IE: -6.9646675918  FE:  -6.9647041267
3.76        -17985564.7760216  -17985564.7760216  -17985659.1282122 IE: -6.9646676779  FE:  -6.9647042145
3.77        -17985565.0336207  -17985565.0336207  -17985659.3897886 IE: -6.9646677776  FE:  -6.9647043158
3.78        -17985565.2794764  -17985565.2794764  -17985659.6284435 IE: -6.9646678728  FE:  -6.9647044082
3.79        -17985565.5060808  -17985565.5060808  -17985659.7852488 IE: -6.9646679606  FE:  -6.9647044689
3.80        -17985565.4719685  -17985565.4719685   -17985659.863081 IE: -6.9646679474  FE:  -6.9647044991
3.81        -17985565.4796176  -17985565.4796176  -17985659.8440628 IE: -6.9646679503  FE:  -6.9647044917
3.82        -17985565.4202638  -17985565.4202638  -17985659.7643769 IE: -6.9646679274  FE:  -6.9647044608
3.83        -17985565.2959895  -17985565.2959895  -17985659.6861354 IE: -6.9646678792  FE:  -6.9647044305
3.84        -17985565.2702737  -17985565.2702737   -17985659.622231 IE: -6.9646678693  FE:  -6.9647044058
3.85        -17985565.2662811  -17985565.2662811   -17985659.634142 IE: -6.9646678677  FE:  -6.9647044104
3.86        -17985565.4167825  -17985565.4167825   -17985659.745014 IE: -6.9646679260  FE:  -6.9647044533
3.87        -17985565.5611026  -17985565.5611026  -17985659.9392884 IE: -6.9646679819  FE:  -6.9647045286
3.88        -17985565.8359302  -17985565.8359302  -17985660.1760653 IE: -6.9646680883  FE:  -6.9647046203
3.89        -17985566.0750657  -17985566.0750657  -17985660.4226889 IE: -6.9646681809  FE:  -6.9647047158
3.90        -17985566.2875582  -17985566.2875582  -17985660.6290928 IE: -6.9646682632  FE:  -6.9647047957
3.91        -17985566.4139875  -17985566.4139875  -17985660.7623675 IE: -6.9646683122  FE:  -6.9647048473
3.92          -17985566.40202    -17985566.40202  -17985660.7809742 IE: -6.9646683075  FE:  -6.9647048545
3.93        -17985566.3369699  -17985566.3369699  -17985660.6985278 IE: -6.9646682823  FE:  -6.9647048226
3.94        -17985566.1224462  -17985566.1224462  -17985660.5178549 IE: -6.9646681993  FE:  -6.9647047526
3.95        -17985565.9369646  -17985565.9369646  -17985660.3054161 IE: -6.9646681274  FE:  -6.9647046703
3.96        -17985565.7233777  -17985565.7233777   -17985660.123817 IE: -6.9646680447  FE:  -6.9647046000
3.97        -17985565.6231688  -17985565.6231688  -17985659.9983155 IE: -6.9646680059  FE:  -6.9647045514
3.98        -17985565.6050006  -17985565.6050006  -17985659.9575815 IE: -6.9646679989  FE:  -6.9647045357
3.99        -17985565.6394691  -17985565.6394691  -17985660.0401322 IE: -6.9646680122  FE:  -6.9647045676
4.00        -17985565.8408155  -17985565.8408155  -17985660.2069313 IE: -6.9646680902  FE:  -6.9647046322
4.01        -17985566.1021061  -17985566.1021061  -17985660.4673905 IE: -6.9646681914  FE:  -6.9647047331
4.02        -17985566.4099015  -17985566.4099015  -17985660.7602488 IE: -6.9646683106  FE:  -6.9647048465
4.03        -17985566.6773419  -17985566.6773419  -17985661.0198092 IE: -6.9646684141  FE:  -6.9647049470
4.04        -17985566.8859823  -17985566.8859823  -17985661.2078206 IE: -6.9646684949  FE:  -6.9647050198
4.05        -17985566.9667966  -17985566.9667966  -17985661.3220875 IE: -6.9646685262  FE:  -6.9647050640
4.06        -17985566.9690248  -17985566.9690248  -17985661.3307415 IE: -6.9646685271  FE:  -6.9647050674
4.07        -17985566.8805515  -17985566.8805515  -17985661.2625839 IE: -6.9646684928  FE:  -6.9647050410
4.08        -17985566.7742411  -17985566.7742411  -17985661.1521545 IE: -6.9646684517  FE:  -6.9647049982
4.09        -17985566.6640456  -17985566.6640456  -17985661.0439851 IE: -6.9646684090  FE:  -6.9647049564
4.10        -17985566.6229841  -17985566.6229841  -17985660.9825733 IE: -6.9646683931  FE:  -6.9647049326
4.11        -17985566.6274977  -17985566.6274977  -17985660.9952317 IE: -6.9646683948  FE:  -6.9647049375
4.12        -17985566.7163249  -17985566.7163249  -17985661.0907113 IE: -6.9646684292  FE:  -6.9647049744
4.13        -17985566.8508899  -17985566.8508899  -17985661.2372847 IE: -6.9646684813  FE:  -6.9647050312
4.14         -17985567.038798   -17985567.038798  -17985661.3854708 IE: -6.9646685541  FE:  -6.9647050886
4.15        -17985567.1999615  -17985567.1999615  -17985661.5537173 IE: -6.9646686165  FE:  -6.9647051537
4.16        -17985567.3071689  -17985567.3071689  -17985661.6826911 IE: -6.9646686580  FE:  -6.9647052037
4.17         -17985567.363123   -17985567.363123  -17985661.7193067 IE: -6.9646686797  FE:  -6.9647052179
4.18        -17985567.3212859  -17985567.3212859  -17985661.6884199 IE: -6.9646686635  FE:  -6.9647052059
4.19        -17985567.1879749  -17985567.1879749  -17985661.5956502 IE: -6.9646686119  FE:  -6.9647051700
4.20        -17985567.1109218  -17985567.1109218  -17985661.4889072 IE: -6.9646685820  FE:  -6.9647051286
4.21        -17985566.9932572  -17985566.9932572  -17985661.4051957 IE: -6.9646685365  FE:  -6.9647050962
4.22        -17985566.9177909  -17985566.9177909  -17985661.3267417 IE: -6.9646685072  FE:  -6.9647050658
4.23        -17985566.9834131  -17985566.9834131  -17985661.3388195 IE: -6.9646685327  FE:  -6.9647050705
4.24        -17985567.1118841  -17985567.1118841  -17985661.4437863 IE: -6.9646685824  FE:  -6.9647051112
4.25        -17985567.3036208  -17985567.3036208  -17985661.6486892 IE: -6.9646686567  FE:  -6.9647051905
4.26        -17985567.5416523  -17985567.5416523  -17985661.9060575 IE: -6.9646687488  FE:  -6.9647052902
4.27        -17985567.8013043  -17985567.8013043   -17985662.180414 IE: -6.9646688494  FE:  -6.9647053964
4.28        -17985568.0704486  -17985568.0704486  -17985662.4552228 IE: -6.9646689536  FE:  -6.9647055028
4.29        -17985568.3106388  -17985568.3106388  -17985662.6733381 IE: -6.9646690466  FE:  -6.9647055873
4.30        -17985568.3909726  -17985568.3909726  -17985662.7756855 IE: -6.9646690777  FE:  -6.9647056269
4.31        -17985568.3934744  -17985568.3934744    -17985662.77486 IE: -6.9646690787  FE:  -6.9647056266
4.32        -17985568.3113008  -17985568.3113008  -17985662.7141156 IE: -6.9646690469  FE:  -6.9647056031
4.33        -17985568.1934626  -17985568.1934626  -17985662.5854342 IE: -6.9646690012  FE:  -6.9647055533
4.34        -17985568.0529074  -17985568.0529074  -17985662.4610731 IE: -6.9646689468  FE:  -6.9647055051
4.35        -17985567.9419358  -17985567.9419358  -17985662.3366772 IE: -6.9646689038  FE:  -6.9647054569
4.36        -17985567.8666507  -17985567.8666507  -17985662.2972462 IE: -6.9646688747  FE:  -6.9647054417
4.37        -17985567.9066051  -17985567.9066051  -17985662.3068409 IE: -6.9646688902  FE:  -6.9647054454
4.38        -17985567.9899264  -17985567.9899264  -17985662.3817372 IE: -6.9646689224  FE:  -6.9647054744
4.39        -17985568.1329437  -17985568.1329437  -17985662.5180024 IE: -6.9646689778  FE:  -6.9647055271
4.40        -17985568.2514611  -17985568.2514611   -17985662.664332 IE: -6.9646690237  FE:  -6.9647055838
4.41        -17985568.4074162  -17985568.4074162  -17985662.7917673 IE: -6.9646690841  FE:  -6.9647056332
4.42        -17985568.5010449  -17985568.5010449  -17985662.8693672 IE: -6.9646691203  FE:  -6.9647056632
4.43        -17985568.5264562  -17985568.5264562  -17985662.9178251 IE: -6.9646691302  FE:  -6.9647056820
4.44        -17985568.4777237  -17985568.4777237  -17985662.9101973 IE: -6.9646691113  FE:  -6.9647056790
4.45        -17985568.4610837  -17985568.4610837  -17985662.8653145 IE: -6.9646691049  FE:  -6.9647056616
4.46        -17985568.4327759  -17985568.4327759  -17985662.8321267 IE: -6.9646690939  FE:  -6.9647056488
4.47        -17985568.3872467  -17985568.3872467  -17985662.8212942 IE: -6.9646690763  FE:  -6.9647056446
4.48        -17985568.4659455  -17985568.4659455  -17985662.8347667 IE: -6.9646691068  FE:  -6.9647056498
4.49        -17985568.5546727  -17985568.5546727  -17985662.9314325 IE: -6.9646691411  FE:  -6.9647056872
4.50        -17985568.7376383  -17985568.7376383  -17985663.1111719 IE: -6.9646692120  FE:  -6.9647057568
4.51         -17985569.023889   -17985569.023889  -17985663.3514161 IE: -6.9646693228  FE:  -6.9647058499
4.52        -17985569.2272385  -17985569.2272385  -17985663.5960442 IE: -6.9646694016  FE:  -6.9647059446
4.53        -17985569.4865922  -17985569.4865922   -17985663.838444 IE: -6.9646695020  FE:  -6.9647060385
4.54        -17985569.6882793  -17985569.6882793  -17985664.0271029 IE: -6.9646695801  FE:  -6.9647061115
4.55        -17985569.7536128  -17985569.7536128  -17985664.1378546 IE: -6.9646696054  FE:  -6.9647061544
4.56        -17985569.7361137  -17985569.7361137  -17985664.1344227 IE: -6.9646695986  FE:  -6.9647061531
4.57        -17985569.6626629  -17985569.6626629  -17985664.0841685 IE: -6.9646695702  FE:  -6.9647061336
4.58        -17985569.5703343  -17985569.5703343  -17985663.9717289 IE: -6.9646695344  FE:  -6.9647060901
4.59        -17985569.4267852  -17985569.4267852  -17985663.8349345 IE: -6.9646694788  FE:  -6.9647060371
4.60        -17985569.2790714  -17985569.2790714  -17985663.7104786 IE: -6.9646694216  FE:  -6.9647059889
4.61        -17985569.2465834  -17985569.2465834  -17985663.6275967 IE: -6.9646694090  FE:  -6.9647059568
4.62        -17985569.2180625  -17985569.2180625  -17985663.6353981 IE: -6.9646693980  FE:  -6.9647059598
4.63        -17985569.2946117  -17985569.2946117   -17985663.710708 IE: -6.9646694276  FE:  -6.9647059890
4.64        -17985569.4424827  -17985569.4424827  -17985663.8190535 IE: -6.9646694849  FE:  -6.9647060310
4.65        -17985569.5776578  -17985569.5776578  -17985663.9836506 IE: -6.9646695372  FE:  -6.9647060947
4.66        -17985569.7591256  -17985569.7591256  -17985664.1540972 IE: -6.9646696075  FE:  -6.9647061607
4.67        -17985569.8902569  -17985569.8902569   -17985664.271674 IE: -6.9646696583  FE:  -6.9647062062
4.68        -17985569.9873337  -17985569.9873337  -17985664.3721421 IE: -6.9646696959  FE:  -6.9647062451
4.69        -17985570.0144236  -17985570.0144236  -17985664.4089592 IE: -6.9646697064  FE:  -6.9647062594
4.70        -17985570.0949669  -17985570.0949669  -17985664.4248214 IE: -6.9646697376  FE:  -6.9647062655
4.71        -17985569.9955268  -17985569.9955268  -17985664.3994756 IE: -6.9646696991  FE:  -6.9647062557
4.72        -17985570.0279782  -17985570.0279782  -17985664.3864038 IE: -6.9646697116  FE:  -6.9647062507
4.73        -17985570.0189113  -17985570.0189113  -17985664.4034008 IE: -6.9646697081  FE:  -6.9647062572
4.74        -17985570.0714855  -17985570.0714855  -17985664.4755695 IE: -6.9646697285  FE:  -6.9647062852
4.75        -17985570.2118857  -17985570.2118857  -17985664.6027323 IE: -6.9646697828  FE:  -6.9647063344
4.76        -17985570.3908865  -17985570.3908865  -17985664.7663069 IE: -6.9646698522  FE:  -6.9647063978
4.77        -17985570.5721146  -17985570.5721146  -17985664.9573904 IE: -6.9646699223  FE:  -6.9647064718
4.78         -17985570.774659   -17985570.774659  -17985665.1518423 IE: -6.9646700008  FE:  -6.9647065471
4.79        -17985570.9352646  -17985570.9352646  -17985665.3102747 IE: -6.9646700630  FE:  -6.9647066084
4.80        -17985571.0005424  -17985571.0005424  -17985665.4027962 IE: -6.9646700882  FE:  -6.9647066442
4.81        -17985571.0372568  -17985571.0372568  -17985665.4317908 IE: -6.9646701025  FE:  -6.9647066555
4.82        -17985570.9700146  -17985570.9700146   -17985665.394502 IE: -6.9646700764  FE:  -6.9647066410
4.83        -17985570.9040138  -17985570.9040138  -17985665.3215143 IE: -6.9646700509  FE:  -6.9647066128
4.84        -17985570.7534921  -17985570.7534921  -17985665.2080199 IE: -6.9646699926  FE:  -6.9647065688
4.85        -17985570.7042367  -17985570.7042367  -17985665.1389991 IE: -6.9646699735  FE:  -6.9647065421
4.86        -17985570.6600742  -17985570.6600742  -17985665.0768149 IE: -6.9646699564  FE:  -6.9647065180
4.87        -17985570.6789156  -17985570.6789156  -17985665.0937609 IE: -6.9646699637  FE:  -6.9647065246
4.88        -17985570.7864117  -17985570.7864117  -17985665.1910509 IE: -6.9646700053  FE:  -6.9647065622
4.89        -17985570.9355067  -17985570.9355067  -17985665.3344896 IE: -6.9646700631  FE:  -6.9647066178
4.90        -17985571.1322445  -17985571.1322445   -17985665.509633 IE: -6.9646701392  FE:  -6.9647066856
4.91         -17985571.318565   -17985571.318565  -17985665.6984388 IE: -6.9646702114  FE:  -6.9647067587
4.92        -17985571.4882831  -17985571.4882831  -17985665.8842146 IE: -6.9646702771  FE:  -6.9647068307
4.93        -17985571.5914912  -17985571.5914912  -17985666.0164193 IE: -6.9646703171  FE:  -6.9647068819
4.94        -17985571.7069639  -17985571.7069639  -17985666.0786218 IE: -6.9646703618  FE:  -6.9647069059
4.95        -17985571.7138597  -17985571.7138597  -17985666.1102918 IE: -6.9646703645  FE:  -6.9647069182
4.96        -17985571.6705056  -17985571.6705056  -17985666.0814091 IE: -6.9646703477  FE:  -6.9647069070
4.97        -17985571.6219638  -17985571.6219638  -17985666.0415238 IE: -6.9646703289  FE:  -6.9647068916
4.98        -17985571.6493864  -17985571.6493864  -17985666.0158517 IE: -6.9646703395  FE:  -6.9647068816
4.99        -17985571.6263003  -17985571.6263003  -17985666.0335019 IE: -6.9646703306  FE:  -6.9647068885
5.00        -17985571.6790157  -17985571.6790157  -17985666.0888084 IE: -6.9646703510  FE:  -6.9647069099
