0.00        -1353409.24037604  -1353409.24037604  -1353432.25568442 IE: -6.9121671512  FE:  -6.9122846956
0.01        -1353409.30602627  -1353409.30602627  -1353432.25780489 IE: -6.9121674865  FE:  -6.9122847064
0.02        -1353409.30317621  -1353409.30317621   -1353432.2594056 IE: -6.9121674720  FE:  -6.9122847146
0.03        -1353409.30986505  -1353409.30986505  -1353432.26091309 IE: -6.9121675061  FE:  -6.9122847223
0.04        -1353409.30610202  -1353409.30610202  -1353432.26174529 IE: -6.9121674869  FE:  -6.9122847266
0.05        -1353409.30466008  -1353409.30466008  -1353432.26035511 IE: -6.9121674795  FE:  -6.9122847195
0.06        -1353409.30915978  -1353409.30915978  -1353432.25666685 IE: -6.9121675025  FE:  -6.9122847006
0.07        -1353409.32725235  -1353409.32725235  -1353432.24777618 IE: -6.9121675949  FE:  -6.9122846552
0.08         -1353409.2758055   -1353409.2758055  -1353432.23185987 IE: -6.9121673322  FE:  -6.9122845739
0.09        -1353409.27433639  -1353409.27433639  -1353432.20925374 IE: -6.9121673247  FE:  -6.9122844585
0.10         -1353409.2542267   -1353409.2542267  -1353432.17604303 IE: -6.9121672220  FE:  -6.9122842889
0.11        -1353409.20845484  -1353409.20845484   -1353432.1297827 IE: -6.9121669882  FE:  -6.9122840526
0.12        -1353409.14842157  -1353409.14842157  -1353432.06930863 IE: -6.9121666816  FE:  -6.9122837437
0.13        -1353409.04864151  -1353409.04864151  -1353431.99125121 IE: -6.9121661720  FE:  -6.9122833451
0.14        -1353408.97024461  -1353408.97024461   -1353431.8964407 IE: -6.9121657716  FE:  -6.9122828609
0.15        -1353408.83310414  -1353408.83310414  -1353431.78105023 IE: -6.9121650712  FE:  -6.9122822715
0.16        -1353408.71437287  -1353408.71437287  -1353431.64413077 IE: -6.9121644648  FE:  -6.9122815723
0.17        -1353408.57120911  -1353408.57120911  -1353431.48561141 IE: -6.9121637336  FE:  -6.9122807627
0.18        -1353408.37521634  -1353408.37521634  -1353431.29973448 IE: -6.9121627327  FE:  -6.9122798134
0.19         -1353408.1694992   -1353408.1694992   -1353431.0892499 IE: -6.9121616820  FE:  -6.9122787384
0.20        -1353407.92594009  -1353407.92594009  -1353430.85268876 IE: -6.9121604381  FE:  -6.9122775302
0.21        -1353407.66119431  -1353407.66119431  -1353430.58660941 IE: -6.9121590860  FE:  -6.9122761713
0.22        -1353407.38144574  -1353407.38144574  -1353430.29511928 IE: -6.9121576572  FE:  -6.9122746826
0.23        -1353407.05335656  -1353407.05335656  -1353429.97304867 IE: -6.9121559816  FE:  -6.9122730377
0.24        -1353406.71145921  -1353406.71145921  -1353429.62414245 IE: -6.9121542355  FE:  -6.9122712557
0.25        -1353406.32174148  -1353406.32174148  -1353429.24631754 IE: -6.9121522451  FE:  -6.9122693261
0.26        -1353405.92165066  -1353405.92165066  -1353428.84176676 IE: -6.9121502017  FE:  -6.9122672600
0.27        -1353405.49617812  -1353405.49617812  -1353428.41137239 IE: -6.9121480288  FE:  -6.9122650618
0.28        -1353405.04647478  -1353405.04647478  -1353427.95576448 IE: -6.9121457320  FE:  -6.9122627349
0.29         -1353404.5209221   -1353404.5209221  -1353427.47692968 IE: -6.9121430479  FE:  -6.9122602894
0.30        -1353404.06668682  -1353404.06668682  -1353426.97434422 IE: -6.9121407280  FE:  -6.9122577226
0.31        -1353403.53277591  -1353403.53277591  -1353426.45192526 IE: -6.9121380012  FE:  -6.9122550545
0.32        -1353403.01896792  -1353403.01896792  -1353425.91420787 IE: -6.9121353771  FE:  -6.9122523083
0.33        -1353402.45514442  -1353402.45514442  -1353425.36049973 IE: -6.9121324975  FE:  -6.9122494803
0.34        -1353401.86844337  -1353401.86844337  -1353424.79298218 IE: -6.9121295011  FE:  -6.9122465819
0.35        -1353401.30311009  -1353401.30311009  -1353424.21648146 IE: -6.9121266138  FE:  -6.9122436376
0.36        -1353400.72677277  -1353400.72677277  -1353423.63315197 IE: -6.9121236703  FE:  -6.9122406584
0.37        -1353400.13206332  -1353400.13206332  -1353423.04381509 IE: -6.9121206330  FE:  -6.9122376485
0.38        -1353399.56505833  -1353399.56505833  -1353422.45444027 IE: -6.9121177372  FE:  -6.9122346384
0.39        -1353398.94978939  -1353398.94978939  -1353421.86422244 IE: -6.9121145949  FE:  -6.9122316241
0.40        -1353398.37805473  -1353398.37805473  -1353421.28126007 IE: -6.9121116749  FE:  -6.9122286467
0.41        -1353397.79476876  -1353397.79476876  -1353420.70362181 IE: -6.9121086959  FE:  -6.9122256966
0.42         -1353397.2169875   -1353397.2169875  -1353420.13755337 IE: -6.9121057451  FE:  -6.9122228056
0.43        -1353396.67240308  -1353396.67240308  -1353419.58499717 IE: -6.9121029637  FE:  -6.9122199835
0.44        -1353396.13844767  -1353396.13844767  -1353419.05028183 IE: -6.9121002367  FE:  -6.9122172526
0.45        -1353395.62075954  -1353395.62075954  -1353418.53431091 IE: -6.9120975928  FE:  -6.9122146174
0.46        -1353395.14227397  -1353395.14227397  -1353418.04326998 IE: -6.9120951490  FE:  -6.9122121096
0.47        -1353394.67484162  -1353394.67484162  -1353417.57868531 IE: -6.9120927617  FE:  -6.9122097369
0.48        -1353394.24689686  -1353394.24689686  -1353417.14345816 IE: -6.9120905761  FE:  -6.9122075140
0.49        -1353393.84297497  -1353393.84297497  -1353416.73805783 IE: -6.9120885132  FE:  -6.9122054436
0.50        -1353393.47422646  -1353393.47422646  -1353416.36622763 IE: -6.9120866299  FE:  -6.9122035446
0.51        -1353393.13377203  -1353393.13377203  -1353416.02879019 IE: -6.9120848911  FE:  -6.9122018212
0.52        -1353392.86636567  -1353392.86636567  -1353415.72886032 IE: -6.9120835254  FE:  -6.9122002894
0.53        -1353392.59433203  -1353392.59433203  -1353415.46353303 IE: -6.9120821361  FE:  -6.9121989343
0.54        -1353392.36454601  -1353392.36454601  -1353415.23486423 IE: -6.9120809625  FE:  -6.9121977664
0.55        -1353392.18627813  -1353392.18627813  -1353415.04494747 IE: -6.9120800521  FE:  -6.9121967965
0.56        -1353392.03235797  -1353392.03235797  -1353414.88968227 IE: -6.9120792660  FE:  -6.9121960035
0.57        -1353391.92508619  -1353391.92508619  -1353414.77165732 IE: -6.9120787181  FE:  -6.9121954007
0.58        -1353391.84372673  -1353391.84372673   -1353414.6859255 IE: -6.9120783026  FE:  -6.9121949629
0.59        -1353391.79296438  -1353391.79296438  -1353414.63294026 IE: -6.9120780433  FE:  -6.9121946923
0.60        -1353391.78019224  -1353391.78019224  -1353414.61177983 IE: -6.9120779781  FE:  -6.9121945842
0.61         -1353391.7906363   -1353391.7906363  -1353414.61750872 IE: -6.9120780315  FE:  -6.9121946135
0.62        -1353391.82565786  -1353391.82565786  -1353414.65142012 IE: -6.9120782103  FE:  -6.9121947866
0.63        -1353391.89138285  -1353391.89138285  -1353414.70746533 IE: -6.9120785460  FE:  -6.9121950729
0.64        -1353391.97420137  -1353391.97420137  -1353414.78319546 IE: -6.9120789690  FE:  -6.9121954597
0.65        -1353392.06631897  -1353392.06631897  -1353414.87813227 IE: -6.9120794394  FE:  -6.9121959445
0.66        -1353392.17737083  -1353392.17737083  -1353414.98879662 IE: -6.9120800066  FE:  -6.9121965097
0.67        -1353392.31024092  -1353392.31024092  -1353415.11185141 IE: -6.9120806852  FE:  -6.9121971382
0.68        -1353392.44130799  -1353392.44130799  -1353415.24366656 IE: -6.9120813546  FE:  -6.9121978114
0.69        -1353392.59061467  -1353392.59061467  -1353415.38339658 IE: -6.9120821171  FE:  -6.9121985250
0.70        -1353392.73427687  -1353392.73427687  -1353415.52736931 IE: -6.9120828508  FE:  -6.9121992603
0.71        -1353392.88180971  -1353392.88180971  -1353415.67149673 IE: -6.9120836043  FE:  -6.9121999964
0.72        -1353393.02005371  -1353393.02005371  -1353415.81554155 IE: -6.9120843104  FE:  -6.9122007321
0.73        -1353393.17596235  -1353393.17596235  -1353415.95519429 IE: -6.9120851066  FE:  -6.9122014453
0.74        -1353393.31100623  -1353393.31100623  -1353416.08921546 IE: -6.9120857963  FE:  -6.9122021298
0.75        -1353393.42272309  -1353393.42272309  -1353416.21445671 IE: -6.9120863669  FE:  -6.9122027694
0.76        -1353393.52507945  -1353393.52507945  -1353416.33168057 IE: -6.9120868896  FE:  -6.9122033681
0.77        -1353393.63915418  -1353393.63915418  -1353416.43815764 IE: -6.9120874723  FE:  -6.9122039119
0.78        -1353393.73278555  -1353393.73278555  -1353416.52980175 IE: -6.9120879504  FE:  -6.9122043800
0.79        -1353393.79751394  -1353393.79751394  -1353416.60998576 IE: -6.9120882810  FE:  -6.9122047895
0.80        -1353393.88389933  -1353393.88389933  -1353416.67616046 IE: -6.9120887222  FE:  -6.9122051275
0.81        -1353393.93376042  -1353393.93376042  -1353416.73205933 IE: -6.9120889769  FE:  -6.9122054129
0.82        -1353393.97700425  -1353393.97700425  -1353416.77384266 IE: -6.9120891977  FE:  -6.9122056263
0.83        -1353394.00429295  -1353394.00429295   -1353416.8033693 IE: -6.9120893371  FE:  -6.9122057771
0.84        -1353394.02561594  -1353394.02561594  -1353416.82176913 IE: -6.9120894460  FE:  -6.9122058711
0.85        -1353394.02614151  -1353394.02614151  -1353416.83319154 IE: -6.9120894487  FE:  -6.9122059294
0.86        -1353394.02648199  -1353394.02648199  -1353416.83080245 IE: -6.9120894504  FE:  -6.9122059172
0.87        -1353394.03090533  -1353394.03090533  -1353416.82137675 IE: -6.9120894730  FE:  -6.9122058691
0.88        -1353394.00785939  -1353394.00785939  -1353416.81223541 IE: -6.9120893553  FE:  -6.9122058224
0.89        -1353393.99517369  -1353393.99517369  -1353416.79804477 IE: -6.9120892905  FE:  -6.9122057499
0.90        -1353393.97357232  -1353393.97357232  -1353416.78363434 IE: -6.9120891802  FE:  -6.9122056763
0.91        -1353393.97901234  -1353393.97901234  -1353416.77198321 IE: -6.9120892080  FE:  -6.9122056168
0.92        -1353393.95626034  -1353393.95626034  -1353416.76747261 IE: -6.9120890918  FE:  -6.9122055938
0.93        -1353393.98058401  -1353393.98058401  -1353416.76992154 IE: -6.9120892160  FE:  -6.9122056063
0.94        -1353393.97945256  -1353393.97945256  -1353416.78434643 IE: -6.9120892102  FE:  -6.9122056800
0.95        -1353393.99490614  -1353393.99490614  -1353416.81502207 IE: -6.9120892892  FE:  -6.9122058367
0.96        -1353394.03870901  -1353394.03870901  -1353416.86269488 IE: -6.9120895129  FE:  -6.9122060801
0.97        -1353394.12270998  -1353394.12270998   -1353416.9315097 IE: -6.9120899419  FE:  -6.9122064316
0.98        -1353394.20898539  -1353394.20898539  -1353417.02334693 IE: -6.9120903825  FE:  -6.9122069006
0.99        -1353394.33418331  -1353394.33418331  -1353417.13920801 IE: -6.9120910219  FE:  -6.9122074923
1.00        -1353394.46233458  -1353394.46233458  -1353417.28134898 IE: -6.9120916764  FE:  -6.9122082183
1.01        -1353394.63920376  -1353394.63920376  -1353417.45107853 IE: -6.9120925797  FE:  -6.9122090851
1.02        -1353394.83880259  -1353394.83880259  -1353417.64797283 IE: -6.9120935991  FE:  -6.9122100907
1.03        -1353395.07219703  -1353395.07219703  -1353417.87290845 IE: -6.9120947911  FE:  -6.9122112395
1.04        -1353395.31662229  -1353395.31662229   -1353418.1220121 IE: -6.9120960395  FE:  -6.9122125117
1.05         -1353395.5997606   -1353395.5997606  -1353418.39830036 IE: -6.9120974855  FE:  -6.9122139228
1.06        -1353395.89169363  -1353395.89169363  -1353418.69620552 IE: -6.9120989765  FE:  -6.9122154443
1.07        -1353396.20612821  -1353396.20612821  -1353419.01500719 IE: -6.9121005824  FE:  -6.9122170725
1.08        -1353396.54991353  -1353396.54991353   -1353419.3532962 IE: -6.9121023382  FE:  -6.9122188002
1.09         -1353396.9035503   -1353396.9035503  -1353419.70428777 IE: -6.9121041443  FE:  -6.9122205928
1.10        -1353397.27142571  -1353397.27142571   -1353420.0664943 IE: -6.9121060231  FE:  -6.9122224427
1.11        -1353397.63739582  -1353397.63739582  -1353420.43473987 IE: -6.9121078922  FE:  -6.9122243234
1.12        -1353398.00571304  -1353398.00571304  -1353420.80844103 IE: -6.9121097733  FE:  -6.9122262319
1.13        -1353398.39499588  -1353398.39499588  -1353421.18045737 IE: -6.9121117614  FE:  -6.9122281319
1.14        -1353398.74732776  -1353398.74732776  -1353421.54650515 IE: -6.9121135608  FE:  -6.9122300014
1.15        -1353399.10270045  -1353399.10270045  -1353421.90404536 IE: -6.9121153758  FE:  -6.9122318274
1.16        -1353399.44026585  -1353399.44026585   -1353422.2455803 IE: -6.9121170998  FE:  -6.9122335717
1.17        -1353399.76153539  -1353399.76153539  -1353422.57149627 IE: -6.9121187406  FE:  -6.9122352363
1.18        -1353400.07089458  -1353400.07089458  -1353422.87270326 IE: -6.9121203206  FE:  -6.9122367746
1.19        -1353400.33590925  -1353400.33590925  -1353423.15027182 IE: -6.9121216741  FE:  -6.9122381922
1.20        -1353400.60592189  -1353400.60592189   -1353423.3925853 IE: -6.9121230531  FE:  -6.9122394298
1.21        -1353400.78867658  -1353400.78867658  -1353423.60040919 IE: -6.9121239865  FE:  -6.9122404912
1.22        -1353400.95529394  -1353400.95529394  -1353423.76825725 IE: -6.9121248374  FE:  -6.9122413484
1.23        -1353401.05155493  -1353401.05155493  -1353423.89593139 IE: -6.9121253291  FE:  -6.9122420005
1.24        -1353401.14462309  -1353401.14462309  -1353423.97650883 IE: -6.9121258044  FE:  -6.9122424120
1.25        -1353401.17388538  -1353401.17388538  -1353424.01091874 IE: -6.9121259538  FE:  -6.9122425877
1.26        -1353401.14138857  -1353401.14138857  -1353423.99230321 IE: -6.9121257879  FE:  -6.9122424926
1.27        -1353401.07149343  -1353401.07149343  -1353423.92616861 IE: -6.9121254309  FE:  -6.9122421549
1.28        -1353400.95134234  -1353400.95134234  -1353423.80744059 IE: -6.9121248172  FE:  -6.9122415485
1.29        -1353400.76709903  -1353400.76709903   -1353423.6366367 IE: -6.9121238763  FE:  -6.9122406762
1.30        -1353400.52081461  -1353400.52081461  -1353423.40738795 IE: -6.9121226184  FE:  -6.9122395054
1.31        -1353400.23668678  -1353400.23668678  -1353423.13074684 IE: -6.9121211673  FE:  -6.9122380925
1.32        -1353399.89655027  -1353399.89655027  -1353422.80376612 IE: -6.9121194302  FE:  -6.9122364225
1.33        -1353399.51719901  -1353399.51719901   -1353422.4294778 IE: -6.9121174928  FE:  -6.9122345109
1.34        -1353399.08327975  -1353399.08327975  -1353422.00931003 IE: -6.9121152766  FE:  -6.9122323651
1.35         -1353398.6141405   -1353398.6141405  -1353421.54425541 IE: -6.9121128806  FE:  -6.9122299899
1.36         -1353398.1041141   -1353398.1041141  -1353421.04100769 IE: -6.9121102758  FE:  -6.9122274197
1.37        -1353397.54339421  -1353397.54339421  -1353420.50216381 IE: -6.9121074121  FE:  -6.9122246677
1.38        -1353396.98560743  -1353396.98560743  -1353419.93537729 IE: -6.9121045633  FE:  -6.9122217730
1.39        -1353396.36262899  -1353396.36262899  -1353419.33920015 IE: -6.9121013817  FE:  -6.9122187282
1.40        -1353395.78311283  -1353395.78311283  -1353418.72572601 IE: -6.9120984219  FE:  -6.9122155950
1.41        -1353395.13975411  -1353395.13975411  -1353418.09848886 IE: -6.9120951362  FE:  -6.9122123916
1.42        -1353394.48786673  -1353394.48786673  -1353417.46020012 IE: -6.9120918068  FE:  -6.9122091317
1.43        -1353393.84603471  -1353393.84603471  -1353416.82136839 IE: -6.9120885288  FE:  -6.9122058691
1.44        -1353393.17780496  -1353393.17780496  -1353416.18467109 IE: -6.9120851160  FE:  -6.9122026173
1.45        -1353392.58514471  -1353392.58514471  -1353415.56007896 IE: -6.9120820892  FE:  -6.9121994274
1.46        -1353391.99966184  -1353391.99966184  -1353414.95303749 IE: -6.9120790990  FE:  -6.9121963271
1.47        -1353391.38559598  -1353391.38559598  -1353414.37117932 IE: -6.9120759628  FE:  -6.9121933554
1.48        -1353390.84113666  -1353390.84113666  -1353413.81737985 IE: -6.9120731821  FE:  -6.9121905270
1.49        -1353390.31253611  -1353390.31253611  -1353413.30435281 IE: -6.9120704825  FE:  -6.9121879069
1.50        -1353389.85805962  -1353389.85805962   -1353412.8328531 IE: -6.9120681613  FE:  -6.9121854988
1.51        -1353389.46330059  -1353389.46330059  -1353412.40799439 IE: -6.9120661452  FE:  -6.9121833290
1.52        -1353389.08588384  -1353389.08588384  -1353412.03565302 IE: -6.9120642177  FE:  -6.9121814273
1.53        -1353388.80821135  -1353388.80821135   -1353411.7225077 IE: -6.9120627995  FE:  -6.9121798280
1.54        -1353388.53108052  -1353388.53108052   -1353411.4666504 IE: -6.9120613842  FE:  -6.9121785213
1.55        -1353388.35853659  -1353388.35853659  -1353411.27516038 IE: -6.9120605029  FE:  -6.9121775433
1.56        -1353388.26084071  -1353388.26084071  -1353411.14900237 IE: -6.9120600040  FE:  -6.9121768990
1.57         -1353388.2098961   -1353388.2098961  -1353411.08969869 IE: -6.9120597438  FE:  -6.9121765961
1.58        -1353388.22459761  -1353388.22459761  -1353411.09841255 IE: -6.9120598189  FE:  -6.9121766406
1.59        -1353388.32693848  -1353388.32693848  -1353411.17516244 IE: -6.9120603416  FE:  -6.9121770326
1.60          -1353388.503598    -1353388.503598  -1353411.31948589 IE: -6.9120612438  FE:  -6.9121777697
1.61        -1353388.71606857  -1353388.71606857  -1353411.52984539 IE: -6.9120623289  FE:  -6.9121788441
1.62        -1353389.00286882  -1353389.00286882  -1353411.80497539 IE: -6.9120637937  FE:  -6.9121802492
1.63        -1353389.35680656  -1353389.35680656   -1353412.1424698 IE: -6.9120656013  FE:  -6.9121819729
1.64        -1353389.77341398  -1353389.77341398  -1353412.53997506 IE: -6.9120677290  FE:  -6.9121840030
1.65        -1353390.24370677  -1353390.24370677  -1353412.99364876 IE: -6.9120701309  FE:  -6.9121863200
1.66        -1353390.76401525  -1353390.76401525  -1353413.50034974 IE: -6.9120727883  FE:  -6.9121889079
1.67        -1353391.33638964  -1353391.33638964  -1353414.05552389 IE: -6.9120757115  FE:  -6.9121917433
1.68        -1353391.94516472  -1353391.94516472  -1353414.65451525 IE: -6.9120788207  FE:  -6.9121948025
1.69        -1353392.59792387  -1353392.59792387  -1353415.29144448 IE: -6.9120821545  FE:  -6.9121980554
1.70        -1353393.25714688  -1353393.25714688  -1353415.96210769 IE: -6.9120855213  FE:  -6.9122014806
1.71        -1353393.95987914  -1353393.95987914  -1353416.65885644 IE: -6.9120891103  FE:  -6.9122050391
1.72        -1353394.70946469  -1353394.70946469  -1353417.37513951 IE: -6.9120929386  FE:  -6.9122086973
1.73        -1353395.43969084  -1353395.43969084  -1353418.10372976 IE: -6.9120966680  FE:  -6.9122124184
1.74        -1353396.18979396  -1353396.18979396  -1353418.83681931 IE: -6.9121004989  FE:  -6.9122161624
1.75        -1353396.87611422  -1353396.87611422  -1353419.56660349 IE: -6.9121040041  FE:  -6.9122198896
1.76        -1353397.61685847  -1353397.61685847  -1353420.28769664 IE: -6.9121077873  FE:  -6.9122235724
1.77        -1353398.32219153  -1353398.32219153  -1353420.98883461 IE: -6.9121113896  FE:  -6.9122271533
1.78        -1353398.99251686  -1353398.99251686  -1353421.66509379 IE: -6.9121148131  FE:  -6.9122306071
1.79        -1353399.63587301  -1353399.63587301  -1353422.30776495 IE: -6.9121180989  FE:  -6.9122338893
1.80        -1353400.23736751  -1353400.23736751  -1353422.91172922 IE: -6.9121211708  FE:  -6.9122369739
1.81        -1353400.77931716  -1353400.77931716   -1353423.4737564 IE: -6.9121239387  FE:  -6.9122398443
1.82        -1353401.26452251  -1353401.26452251  -1353423.98770915 IE: -6.9121264167  FE:  -6.9122424692
1.83        -1353401.75067651  -1353401.75067651  -1353424.43916595 IE: -6.9121288996  FE:  -6.9122447749
1.84        -1353402.11123751  -1353402.11123751  -1353424.84461453 IE: -6.9121307411  FE:  -6.9122468456
1.85        -1353402.45814328  -1353402.45814328  -1353425.18122058 IE: -6.9121325128  FE:  -6.9122485647
1.86        -1353402.72625668  -1353402.72625668  -1353425.45632154 IE: -6.9121338821  FE:  -6.9122499697
1.87        -1353402.92148858  -1353402.92148858       -1353425.666 IE: -6.9121348792  FE:  -6.9122510406
1.88         -1353403.0466666   -1353403.0466666  -1353425.80345848 IE: -6.9121355185  FE:  -6.9122517426
1.89        -1353403.09435903  -1353403.09435903  -1353425.87423735 IE: -6.9121357621  FE:  -6.9122521041
1.90        -1353403.08083809  -1353403.08083809  -1353425.87594697 IE: -6.9121356931  FE:  -6.9122521128
1.91        -1353403.00838819  -1353403.00838819  -1353425.80475373 IE: -6.9121353230  FE:  -6.9122517492
1.92        -1353402.85339232  -1353402.85339232  -1353425.66810351 IE: -6.9121345314  FE:  -6.9122510513
1.93         -1353402.6304438   -1353402.6304438  -1353425.46298806 IE: -6.9121333928  FE:  -6.9122500038
1.94        -1353402.35200789  -1353402.35200789  -1353425.19002998 IE: -6.9121319708  FE:  -6.9122486097
1.95        -1353401.98931973  -1353401.98931973  -1353424.85328068 IE: -6.9121301184  FE:  -6.9122468899
1.96        -1353401.57296544  -1353401.57296544  -1353424.45579442 IE: -6.9121279920  FE:  -6.9122448598
1.97        -1353401.09814226  -1353401.09814226   -1353424.0001995 IE: -6.9121255670  FE:  -6.9122425330
1.98        -1353400.57320016  -1353400.57320016  -1353423.49298482 IE: -6.9121228860  FE:  -6.9122399425
1.99         -1353400.0110395   -1353400.0110395  -1353422.94109073 IE: -6.9121200149  FE:  -6.9122371239
2.00        -1353399.41662053  -1353399.41662053  -1353422.35337109 IE: -6.9121169791  FE:  -6.9122341223
2.01        -1353398.76677237  -1353398.76677237  -1353421.72951095 IE: -6.9121136602  FE:  -6.9122309361
2.02        -1353398.10911143  -1353398.10911143  -1353421.08394524 IE: -6.9121103013  FE:  -6.9122276390
2.03        -1353397.41971404  -1353397.41971404  -1353420.42086874 IE: -6.9121067804  FE:  -6.9122242525
2.04        -1353396.75230916  -1353396.75230916  -1353419.75160238 IE: -6.9121033718  FE:  -6.9122208344
2.05        -1353396.09355141  -1353396.09355141  -1353419.08245382 IE: -6.9121000074  FE:  -6.9122174169
2.06        -1353395.41458531  -1353395.41458531  -1353418.41545807 IE: -6.9120965398  FE:  -6.9122140104
2.07        -1353394.75781622  -1353394.75781622  -1353417.76479838 IE: -6.9120931855  FE:  -6.9122106874
2.08        -1353394.13888674  -1353394.13888674  -1353417.13675821 IE: -6.9120900245  FE:  -6.9122074798
2.09        -1353393.50800937  -1353393.50800937  -1353416.53611184 IE: -6.9120868025  FE:  -6.9122044122
2.10        -1353392.96574324  -1353392.96574324  -1353415.96385246 IE: -6.9120840330  FE:  -6.9122014895
2.11        -1353392.41179463  -1353392.41179463   -1353415.4361185 IE: -6.9120812038  FE:  -6.9121987943
2.12        -1353391.97620061  -1353391.97620061  -1353414.94969039 IE: -6.9120789792  FE:  -6.9121963100
2.13        -1353391.49357601  -1353391.49357601  -1353414.50504288 IE: -6.9120765143  FE:  -6.9121940391
2.14        -1353391.13989083  -1353391.13989083  -1353414.11294797 IE: -6.9120747079  FE:  -6.9121920365
2.15        -1353390.77264385  -1353390.77264385  -1353413.77014057 IE: -6.9120728323  FE:  -6.9121902858
2.16        -1353390.50407838  -1353390.50407838  -1353413.48470989 IE: -6.9120714607  FE:  -6.9121888280
2.17        -1353390.27595981  -1353390.27595981  -1353413.25076818 IE: -6.9120702957  FE:  -6.9121876332
2.18        -1353390.10669038  -1353390.10669038  -1353413.07160616 IE: -6.9120694312  FE:  -6.9121867182
2.19        -1353390.02348638  -1353390.02348638  -1353412.95140755 IE: -6.9120690062  FE:  -6.9121861043
2.20        -1353389.95807442  -1353389.95807442  -1353412.88418593 IE: -6.9120686721  FE:  -6.9121857610
2.21        -1353389.96180537  -1353389.96180537  -1353412.87311285 IE: -6.9120686912  FE:  -6.9121857044
2.22        -1353390.00072984  -1353390.00072984  -1353412.91525582 IE: -6.9120688900  FE:  -6.9121859197
2.23        -1353390.13193482  -1353390.13193482  -1353413.01105644 IE: -6.9120695601  FE:  -6.9121864089
2.24        -1353390.30307021  -1353390.30307021  -1353413.15762717 IE: -6.9120704341  FE:  -6.9121871575
2.25        -1353390.51597461  -1353390.51597461  -1353413.35271055 IE: -6.9120715215  FE:  -6.9121881538
2.26        -1353390.76408987  -1353390.76408987   -1353413.5928682 IE: -6.9120727886  FE:  -6.9121893804
2.27        -1353391.06526076  -1353391.06526076  -1353413.87513309 IE: -6.9120743268  FE:  -6.9121908220
2.28        -1353391.38933156  -1353391.38933156  -1353414.19605453 IE: -6.9120759819  FE:  -6.9121924610
2.29        -1353391.75979108  -1353391.75979108  -1353414.55045542 IE: -6.9120778739  FE:  -6.9121942710
2.30        -1353392.16075861  -1353392.16075861  -1353414.93500108 IE: -6.9120799218  FE:  -6.9121962350
2.31        -1353392.57433656  -1353392.57433656  -1353415.34477374 IE: -6.9120820340  FE:  -6.9121983278
2.32        -1353393.01729136  -1353393.01729136  -1353415.77429806 IE: -6.9120842963  FE:  -6.9122005214
2.33         -1353393.4668259   -1353393.4668259  -1353416.21952168 IE: -6.9120865921  FE:  -6.9122027953
2.34        -1353393.92808658  -1353393.92808658  -1353416.67341972 IE: -6.9120889479  FE:  -6.9122051135
2.35        -1353394.41063543  -1353394.41063543  -1353417.13470645 IE: -6.9120914124  FE:  -6.9122074694
2.36         -1353394.8572886   -1353394.8572886  -1353417.59317064 IE: -6.9120936935  FE:  -6.9122098108
2.37        -1353395.31020366  -1353395.31020366  -1353418.04726483 IE: -6.9120960067  FE:  -6.9122121300
2.38        -1353395.77403759  -1353395.77403759  -1353418.49292788 IE: -6.9120983756  FE:  -6.9122144061
2.39        -1353396.20256887  -1353396.20256887  -1353418.92388991 IE: -6.9121005642  FE:  -6.9122166071
2.40        -1353396.61595533  -1353396.61595533  -1353419.34120081 IE: -6.9121026754  FE:  -6.9122187384
2.41        -1353397.01270093  -1353397.01270093  -1353419.73576867 IE: -6.9121047017  FE:  -6.9122207536
2.42        -1353397.37515678  -1353397.37515678  -1353420.10443473 IE: -6.9121065529  FE:  -6.9122226364
2.43        -1353397.69106428  -1353397.69106428  -1353420.44855191 IE: -6.9121081663  FE:  -6.9122243939
2.44        -1353398.00736751  -1353398.00736751  -1353420.75546094 IE: -6.9121097817  FE:  -6.9122259614
2.45        -1353398.29749709  -1353398.29749709   -1353421.0305629 IE: -6.9121112635  FE:  -6.9122273664
2.46        -1353398.51933226  -1353398.51933226  -1353421.27380742 IE: -6.9121123964  FE:  -6.9122286087
2.47        -1353398.72952726  -1353398.72952726  -1353421.48075131 IE: -6.9121134699  FE:  -6.9122296656
2.48        -1353398.86957528  -1353398.86957528  -1353421.65224239 IE: -6.9121141852  FE:  -6.9122305414
2.49        -1353399.00791157  -1353399.00791157  -1353421.78161396 IE: -6.9121148917  FE:  -6.9122312022
2.50        -1353399.09348125  -1353399.09348125  -1353421.87442173 IE: -6.9121153287  FE:  -6.9122316761
2.51        -1353399.12945216  -1353399.12945216  -1353421.92817943 IE: -6.9121155124  FE:  -6.9122319507
2.52        -1353399.14536133  -1353399.14536133  -1353421.94309862 IE: -6.9121155937  FE:  -6.9122320269
2.53        -1353399.12497781  -1353399.12497781  -1353421.92496843 IE: -6.9121154896  FE:  -6.9122319343
2.54        -1353399.05931631  -1353399.05931631  -1353421.87156317 IE: -6.9121151542  FE:  -6.9122316616
2.55        -1353398.96759641  -1353398.96759641  -1353421.79367564 IE: -6.9121146858  FE:  -6.9122312638
2.56        -1353398.84639068  -1353398.84639068  -1353421.68158605 IE: -6.9121140668  FE:  -6.9122306913
2.57        -1353398.70266621  -1353398.70266621  -1353421.54634005 IE: -6.9121133328  FE:  -6.9122300006
2.58        -1353398.52628247  -1353398.52628247  -1353421.38660247 IE: -6.9121124319  FE:  -6.9122291847
2.59        -1353398.34713764  -1353398.34713764  -1353421.20214309 IE: -6.9121115170  FE:  -6.9122282427
2.60        -1353398.15331618  -1353398.15331618  -1353421.00112537 IE: -6.9121105271  FE:  -6.9122272160
2.61        -1353397.92898879  -1353397.92898879  -1353420.79286293 IE: -6.9121093814  FE:  -6.9122261524
2.62        -1353397.70699273  -1353397.70699273  -1353420.57101484 IE: -6.9121082476  FE:  -6.9122250194
2.63        -1353397.46901886  -1353397.46901886  -1353420.34561549 IE: -6.9121070322  FE:  -6.9122238682
2.64        -1353397.23217929  -1353397.23217929  -1353420.11125437 IE: -6.9121058226  FE:  -6.9122226713
2.65        -1353396.98776118  -1353396.98776118  -1353419.88044261 IE: -6.9121045743  FE:  -6.9122214924
2.66         -1353396.7543032   -1353396.7543032  -1353419.64889428 IE: -6.9121033820  FE:  -6.9122203099
2.67        -1353396.53192091  -1353396.53192091  -1353419.42223742 IE: -6.9121022463  FE:  -6.9122191523
2.68        -1353396.30517829  -1353396.30517829  -1353419.20492655 IE: -6.9121010882  FE:  -6.9122180424
2.69        -1353396.09727238  -1353396.09727238  -1353418.99478902 IE: -6.9121000264  FE:  -6.9122169692
2.70        -1353395.89076663  -1353395.89076663   -1353418.7937412 IE: -6.9120989717  FE:  -6.9122159424
2.71        -1353395.73123555  -1353395.73123555   -1353418.6094429 IE: -6.9120981570  FE:  -6.9122150012
2.72        -1353395.54332834  -1353395.54332834  -1353418.44215581 IE: -6.9120971973  FE:  -6.9122141468
2.73        -1353395.41293191  -1353395.41293191   -1353418.2938816 IE: -6.9120965313  FE:  -6.9122133895
2.74        -1353395.27924443  -1353395.27924443  -1353418.15456465 IE: -6.9120958486  FE:  -6.9122126780
2.75        -1353395.13812409  -1353395.13812409  -1353418.03427826 IE: -6.9120951278  FE:  -6.9122120637
2.76        -1353395.04998367  -1353395.04998367  -1353417.93752219 IE: -6.9120946777  FE:  -6.9122115695
2.77        -1353394.98395972  -1353394.98395972  -1353417.85333442 IE: -6.9120943405  FE:  -6.9122111395
2.78        -1353394.91676348  -1353394.91676348  -1353417.79339422 IE: -6.9120939973  FE:  -6.9122108334
2.79        -1353394.88052153  -1353394.88052153  -1353417.75124234 IE: -6.9120938122  FE:  -6.9122106181
2.80        -1353394.86131754  -1353394.86131754  -1353417.72464372 IE: -6.9120937141  FE:  -6.9122104823
2.81        -1353394.84594019  -1353394.84594019  -1353417.71355457 IE: -6.9120936356  FE:  -6.9122104257
2.82        -1353394.87699561  -1353394.87699561  -1353417.72179003 IE: -6.9120937942  FE:  -6.9122104677
2.83        -1353394.87893261  -1353394.87893261  -1353417.74613013 IE: -6.9120938041  FE:  -6.9122105920
2.84        -1353394.91698968  -1353394.91698968  -1353417.77997648 IE: -6.9120939984  FE:  -6.9122107649
2.85        -1353394.98027803  -1353394.98027803    -1353417.828481 IE: -6.9120943217  FE:  -6.9122110126
2.86        -1353395.03725745  -1353395.03725745  -1353417.88344997 IE: -6.9120946127  FE:  -6.9122112934
2.87        -1353395.10874021  -1353395.10874021  -1353417.94861391 IE: -6.9120949778  FE:  -6.9122116262
2.88        -1353395.18451419  -1353395.18451419  -1353418.02164415 IE: -6.9120953648  FE:  -6.9122119991
2.89        -1353395.28994794  -1353395.28994794  -1353418.09570748 IE: -6.9120959032  FE:  -6.9122123774
2.90         -1353395.3364514   -1353395.3364514  -1353418.17591159 IE: -6.9120961407  FE:  -6.9122127870
2.91        -1353395.42407985  -1353395.42407985  -1353418.25790736 IE: -6.9120965883  FE:  -6.9122132058
2.92        -1353395.52493487  -1353395.52493487  -1353418.33205201 IE: -6.9120971034  FE:  -6.9122135845
2.93        -1353395.55758504  -1353395.55758504  -1353418.41122877 IE: -6.9120972701  FE:  -6.9122139888
2.94        -1353395.64662291  -1353395.64662291   -1353418.4837697 IE: -6.9120977248  FE:  -6.9122143593
2.95        -1353395.70552221  -1353395.70552221  -1353418.55122819 IE: -6.9120980257  FE:  -6.9122147038
2.96        -1353395.77497798  -1353395.77497798  -1353418.61221218 IE: -6.9120983804  FE:  -6.9122150153
2.97         -1353395.8131797   -1353395.8131797  -1353418.66527432 IE: -6.9120985755  FE:  -6.9122152863
2.98        -1353395.86843927  -1353395.86843927  -1353418.71282558 IE: -6.9120988577  FE:  -6.9122155292
2.99        -1353395.90961684  -1353395.90961684  -1353418.74587251 IE: -6.9120990680  FE:  -6.9122156979
3.00        -1353395.92690459  -1353395.92690459  -1353418.77348288 IE: -6.9120991563  FE:  -6.9122158390
3.01        -1353395.94178344  -1353395.94178344  -1353418.78672551 IE: -6.9120992323  FE:  -6.9122159066
3.02        -1353395.94812047  -1353395.94812047  -1353418.79122953 IE: -6.9120992647  FE:  -6.9122159296
3.03        -1353395.93252348  -1353395.93252348  -1353418.78246377 IE: -6.9120991850  FE:  -6.9122158848
3.04        -1353395.92061679  -1353395.92061679  -1353418.76849117 IE: -6.9120991242  FE:  -6.9122158135
3.05        -1353395.88927375  -1353395.88927375  -1353418.74127946 IE: -6.9120989641  FE:  -6.9122156745
3.06        -1353395.86582933  -1353395.86582933  -1353418.70715964 IE: -6.9120988444  FE:  -6.9122155002
3.07        -1353395.80942015  -1353395.80942015  -1353418.66764505 IE: -6.9120985563  FE:  -6.9122152984
3.08        -1353395.76596903  -1353395.76596903  -1353418.62128327 IE: -6.9120983344  FE:  -6.9122150616
3.09        -1353395.70215079  -1353395.70215079  -1353418.57057847 IE: -6.9120980084  FE:  -6.9122148027
3.10        -1353395.64639157  -1353395.64639157    -1353418.518061 IE: -6.9120977237  FE:  -6.9122145345
3.11        -1353395.59891714  -1353395.59891714  -1353418.45571607 IE: -6.9120974812  FE:  -6.9122142160
3.12        -1353395.52816275  -1353395.52816275  -1353418.39916053 IE: -6.9120971198  FE:  -6.9122139272
3.13        -1353395.46740277  -1353395.46740277  -1353418.33831771 IE: -6.9120968095  FE:  -6.9122136165
3.14        -1353395.41645184  -1353395.41645184  -1353418.28421507 IE: -6.9120965493  FE:  -6.9122133402
3.15         -1353395.3482951   -1353395.3482951  -1353418.22140015 IE: -6.9120962012  FE:  -6.9122130193
3.16        -1353395.27939606  -1353395.27939606  -1353418.16351032 IE: -6.9120958493  FE:  -6.9122127237
3.17        -1353395.25685504  -1353395.25685504  -1353418.11328054 IE: -6.9120957342  FE:  -6.9122124672
3.18         -1353395.2109002   -1353395.2109002  -1353418.06923834 IE: -6.9120954995  FE:  -6.9122122422
3.19        -1353395.16214571  -1353395.16214571  -1353418.02994522 IE: -6.9120952505  FE:  -6.9122120415
3.20        -1353395.13871856  -1353395.13871856  -1353417.99550261 IE: -6.9120951309  FE:  -6.9122118656
3.21         -1353395.1014186   -1353395.1014186  -1353417.97437721 IE: -6.9120949404  FE:  -6.9122117577
3.22        -1353395.10332489  -1353395.10332489  -1353417.95676178 IE: -6.9120949501  FE:  -6.9122116678
3.23        -1353395.10517175  -1353395.10517175  -1353417.95364316 IE: -6.9120949595  FE:  -6.9122116518
3.24        -1353395.10781929  -1353395.10781929  -1353417.95641656 IE: -6.9120949731  FE:  -6.9122116660
3.25         -1353395.1273097   -1353395.1273097  -1353417.97022907 IE: -6.9120950726  FE:  -6.9122117366
3.26        -1353395.14747023  -1353395.14747023  -1353417.99580823 IE: -6.9120951756  FE:  -6.9122118672
3.27        -1353395.21815212  -1353395.21815212  -1353418.03076442 IE: -6.9120955366  FE:  -6.9122120457
3.28        -1353395.24682466  -1353395.24682466  -1353418.07571752 IE: -6.9120956830  FE:  -6.9122122753
3.29        -1353395.31238937  -1353395.31238937  -1353418.13243181 IE: -6.9120960178  FE:  -6.9122125650
3.30        -1353395.37092121  -1353395.37092121   -1353418.1942164 IE: -6.9120963168  FE:  -6.9122128805
3.31        -1353395.44581539  -1353395.44581539  -1353418.26666043 IE: -6.9120966993  FE:  -6.9122132505
3.32        -1353395.54278297  -1353395.54278297  -1353418.34780748 IE: -6.9120971945  FE:  -6.9122136649
3.33        -1353395.63374182  -1353395.63374182  -1353418.43570968 IE: -6.9120976591  FE:  -6.9122141139
3.34        -1353395.71633851  -1353395.71633851  -1353418.53155727 IE: -6.9120980809  FE:  -6.9122146034
3.35        -1353395.82714314  -1353395.82714314  -1353418.63158064 IE: -6.9120986468  FE:  -6.9122151142
3.36        -1353395.92390169  -1353395.92390169  -1353418.73575545 IE: -6.9120991410  FE:  -6.9122156463
3.37        -1353396.03662125  -1353396.03662125  -1353418.84165331 IE: -6.9120997167  FE:  -6.9122161871
3.38        -1353396.14724572  -1353396.14724572  -1353418.94919408 IE: -6.9121002816  FE:  -6.9122167364
3.39         -1353396.2628487   -1353396.2628487  -1353419.05775839 IE: -6.9121008721  FE:  -6.9122172908
3.40         -1353396.3545811   -1353396.3545811  -1353419.16614653 IE: -6.9121013406  FE:  -6.9122178444
3.41        -1353396.45208832  -1353396.45208832  -1353419.27325973 IE: -6.9121018385  FE:  -6.9122183914
3.42        -1353396.55784552  -1353396.55784552  -1353419.37369225 IE: -6.9121023787  FE:  -6.9122189044
3.43         -1353396.6677814   -1353396.6677814  -1353419.47078894 IE: -6.9121029401  FE:  -6.9122194003
3.44        -1353396.76165326  -1353396.76165326  -1353419.56220307 IE: -6.9121034196  FE:  -6.9122198671
3.45        -1353396.83857236  -1353396.83857236  -1353419.64506652 IE: -6.9121038124  FE:  -6.9122202903
3.46        -1353396.91537105  -1353396.91537105  -1353419.72283723 IE: -6.9121042046  FE:  -6.9122206875
3.47        -1353396.96838394  -1353396.96838394  -1353419.78554737 IE: -6.9121044754  FE:  -6.9122210078
3.48        -1353397.02807248  -1353397.02807248  -1353419.84670089 IE: -6.9121047802  FE:  -6.9122213201
3.49        -1353397.06877429  -1353397.06877429  -1353419.89549064 IE: -6.9121049881  FE:  -6.9122215693
3.50        -1353397.09415864  -1353397.09415864  -1353419.93045177 IE: -6.9121051177  FE:  -6.9122217479
3.51        -1353397.13764622  -1353397.13764622  -1353419.95687168 IE: -6.9121053398  FE:  -6.9122218828
3.52        -1353397.12747385  -1353397.12747385  -1353419.96509633 IE: -6.9121052879  FE:  -6.9122219248
3.53        -1353397.13544866  -1353397.13544866  -1353419.96892305 IE: -6.9121053286  FE:  -6.9122219443
3.54        -1353397.10848987  -1353397.10848987  -1353419.95970204 IE: -6.9121051909  FE:  -6.9122218972
3.55        -1353397.09651268  -1353397.09651268  -1353419.94069244 IE: -6.9121051298  FE:  -6.9122218002
3.56         -1353397.0622472   -1353397.0622472  -1353419.91342732 IE: -6.9121049548  FE:  -6.9122216609
3.57        -1353397.02408906  -1353397.02408906  -1353419.87272514 IE: -6.9121047599  FE:  -6.9122214530
3.58        -1353396.96558056  -1353396.96558056  -1353419.82209393 IE: -6.9121044611  FE:  -6.9122211944
3.59          -1353396.910675    -1353396.910675  -1353419.76773046 IE: -6.9121041806  FE:  -6.9122209168
3.60           -1353396.83067     -1353396.83067  -1353419.70382234 IE: -6.9121037720  FE:  -6.9122205904
3.61        -1353396.76316766  -1353396.76316766  -1353419.63513299 IE: -6.9121034273  FE:  -6.9122202396
3.62        -1353396.68323767  -1353396.68323767  -1353419.56315762 IE: -6.9121030191  FE:  -6.9122198720
3.63        -1353396.59868954  -1353396.59868954  -1353419.47900821 IE: -6.9121025873  FE:  -6.9122194422
3.64        -1353396.52661924  -1353396.52661924  -1353419.40235452 IE: -6.9121022192  FE:  -6.9122190507
3.65        -1353396.39606858  -1353396.39606858  -1353419.31606841 IE: -6.9121015524  FE:  -6.9122186101
3.66        -1353396.35147187  -1353396.35147187  -1353419.23132402 IE: -6.9121013247  FE:  -6.9122181773
3.67        -1353396.27434372  -1353396.27434372  -1353419.15006621 IE: -6.9121009308  FE:  -6.9122177622
3.68        -1353396.16767702  -1353396.16767702   -1353419.0656767 IE: -6.9121003860  FE:  -6.9122173313
3.69        -1353396.08260645  -1353396.08260645  -1353418.98184322 IE: -6.9120999515  FE:  -6.9122169031
3.70        -1353396.02993681  -1353396.02993681  -1353418.90675991 IE: -6.9120996825  FE:  -6.9122165196
3.71        -1353395.94162447  -1353395.94162447   -1353418.8305882 IE: -6.9120992315  FE:  -6.9122161306
3.72        -1353395.88459165  -1353395.88459165  -1353418.75781375 IE: -6.9120989402  FE:  -6.9122157589
3.73        -1353395.81387865  -1353395.81387865  -1353418.69299384 IE: -6.9120985791  FE:  -6.9122154279
3.74        -1353395.75471105  -1353395.75471105  -1353418.63456747 IE: -6.9120982769  FE:  -6.9122151295
3.75        -1353395.70389408  -1353395.70389408  -1353418.58731072 IE: -6.9120980173  FE:  -6.9122148881
3.76        -1353395.65410485  -1353395.65410485  -1353418.53607236 IE: -6.9120977631  FE:  -6.9122146264
3.77        -1353395.62676468  -1353395.62676468  -1353418.49548387 IE: -6.9120976234  FE:  -6.9122144191
3.78        -1353395.59207478  -1353395.59207478  -1353418.46835552 IE: -6.9120974463  FE:  -6.9122142806
3.79        -1353395.58914278  -1353395.58914278  -1353418.44288899 IE: -6.9120974313  FE:  -6.9122141505
3.80        -1353395.56604836  -1353395.56604836  -1353418.42603969 IE: -6.9120973133  FE:  -6.9122140645
3.81        -1353395.56067883  -1353395.56067883  -1353418.41845477 IE: -6.9120972859  FE:  -6.9122140257
3.82        -1353395.56159024  -1353395.56159024  -1353418.41438797 IE: -6.9120972906  FE:  -6.9122140050
3.83        -1353395.55420231  -1353395.55420231  -1353418.42226623 IE: -6.9120972528  FE:  -6.9122140452
3.84        -1353395.56789751  -1353395.56789751  -1353418.43426834 IE: -6.9120973228  FE:  -6.9122141065
3.85        -1353395.59025833  -1353395.59025833  -1353418.45307142 IE: -6.9120974370  FE:  -6.9122142025
3.86        -1353395.62659759  -1353395.62659759  -1353418.48100557 IE: -6.9120976226  FE:  -6.9122143452
3.87        -1353395.64000002  -1353395.64000002  -1353418.50780984 IE: -6.9120976910  FE:  -6.9122144821
3.88        -1353395.69012881  -1353395.69012881  -1353418.54038448 IE: -6.9120979470  FE:  -6.9122146485
3.89         -1353395.7013443   -1353395.7013443  -1353418.57806404 IE: -6.9120980043  FE:  -6.9122148409
3.90         -1353395.7724727   -1353395.7724727  -1353418.61574888 IE: -6.9120983676  FE:  -6.9122150334
3.91        -1353395.81542839  -1353395.81542839  -1353418.65681679 IE: -6.9120985870  FE:  -6.9122152431
3.92        -1353395.86099864  -1353395.86099864  -1353418.69822618 IE: -6.9120988197  FE:  -6.9122154546
3.93        -1353395.90326398  -1353395.90326398  -1353418.74220485 IE: -6.9120990356  FE:  -6.9122156792
3.94        -1353395.93907111  -1353395.93907111  -1353418.78481583 IE: -6.9120992184  FE:  -6.9122158968
3.95        -1353395.99415904  -1353395.99415904  -1353418.82430897 IE: -6.9120994998  FE:  -6.9122160985
3.96        -1353396.02617305  -1353396.02617305  -1353418.86387394 IE: -6.9120996633  FE:  -6.9122163006
3.97        -1353396.06025164  -1353396.06025164  -1353418.90416066 IE: -6.9120998373  FE:  -6.9122165064
3.98         -1353396.1011823   -1353396.1011823  -1353418.93706403 IE: -6.9121000464  FE:  -6.9122166744
3.99        -1353396.12405836  -1353396.12405836  -1353418.96950967 IE: -6.9121001632  FE:  -6.9122168401
4.00        -1353396.15843425  -1353396.15843425  -1353418.99773397 IE: -6.9121003388  FE:  -6.9122169843
4.01         -1353396.1824614   -1353396.1824614   -1353419.0245886 IE: -6.9121004615  FE:  -6.9122171214
4.02        -1353396.20113967  -1353396.20113967  -1353419.04251216 IE: -6.9121005569  FE:  -6.9122172129
4.03        -1353396.21391626  -1353396.21391626  -1353419.06501495 IE: -6.9121006221  FE:  -6.9122173279
4.04        -1353396.22928677  -1353396.22928677  -1353419.07390575 IE: -6.9121007006  FE:  -6.9122173733
4.05        -1353396.23301688  -1353396.23301688  -1353419.08207666 IE: -6.9121007197  FE:  -6.9122174150
4.06        -1353396.23397967  -1353396.23397967  -1353419.08745361 IE: -6.9121007246  FE:  -6.9122174425
4.07        -1353396.24181348  -1353396.24181348  -1353419.08181038 IE: -6.9121007646  FE:  -6.9122174137
4.08        -1353396.23169083  -1353396.23169083   -1353419.0816244 IE: -6.9121007129  FE:  -6.9122174127
4.09         -1353396.2226663   -1353396.2226663  -1353419.06658517 IE: -6.9121006668  FE:  -6.9122173359
4.10        -1353396.20969421  -1353396.20969421  -1353419.05574571 IE: -6.9121006006  FE:  -6.9122172805
4.11        -1353396.18072776  -1353396.18072776  -1353419.03630511 IE: -6.9121004526  FE:  -6.9122171812
4.12        -1353396.16920778  -1353396.16920778  -1353419.01870484 IE: -6.9121003938  FE:  -6.9122170914
4.13        -1353396.16350189  -1353396.16350189  -1353418.99901198 IE: -6.9121003647  FE:  -6.9122169908
4.14        -1353396.12908926  -1353396.12908926  -1353418.97419945 IE: -6.9121001889  FE:  -6.9122168641
4.15        -1353396.10529708  -1353396.10529708  -1353418.95684328 IE: -6.9121000674  FE:  -6.9122167754
4.16        -1353396.07717842  -1353396.07717842   -1353418.9325325 IE: -6.9120999238  FE:  -6.9122166513
4.17        -1353396.06260564  -1353396.06260564  -1353418.91105472 IE: -6.9120998494  FE:  -6.9122165416
4.18        -1353396.04348028  -1353396.04348028  -1353418.89168646 IE: -6.9120997517  FE:  -6.9122164426
4.19        -1353396.00857691  -1353396.00857691  -1353418.87032524 IE: -6.9120995734  FE:  -6.9122163335
4.20        -1353396.01166616  -1353396.01166616  -1353418.85226386 IE: -6.9120995892  FE:  -6.9122162413
4.21        -1353395.99991763  -1353395.99991763  -1353418.84368854 IE: -6.9120995292  FE:  -6.9122161975
4.22         -1353395.9745085   -1353395.9745085  -1353418.83096411 IE: -6.9120993994  FE:  -6.9122161325
4.23        -1353395.97833917  -1353395.97833917  -1353418.82258678 IE: -6.9120994190  FE:  -6.9122160897
4.24        -1353395.97379406  -1353395.97379406  -1353418.81398764 IE: -6.9120993958  FE:  -6.9122160458
4.25        -1353395.96881471  -1353395.96881471  -1353418.81036657 IE: -6.9120993704  FE:  -6.9122160273
4.26        -1353395.96690718  -1353395.96690718  -1353418.81817652 IE: -6.9120993606  FE:  -6.9122160672
4.27        -1353395.98174345  -1353395.98174345  -1353418.82457677 IE: -6.9120994364  FE:  -6.9122160999
4.28        -1353395.99554936  -1353395.99554936  -1353418.83507616 IE: -6.9120995069  FE:  -6.9122161535
4.29        -1353396.00974863  -1353396.00974863  -1353418.85658297 IE: -6.9120995794  FE:  -6.9122162634
4.30        -1353396.03807738  -1353396.03807738   -1353418.8775914 IE: -6.9120997241  FE:  -6.9122163707
4.31        -1353396.06662765  -1353396.06662765  -1353418.89972734 IE: -6.9120998699  FE:  -6.9122164837
4.32        -1353396.09324626  -1353396.09324626  -1353418.93141499 IE: -6.9121000059  FE:  -6.9122166455
4.33         -1353396.1392516   -1353396.1392516  -1353418.96710042 IE: -6.9121002408  FE:  -6.9122168278
4.34        -1353396.16842016  -1353396.16842016  -1353419.00616766 IE: -6.9121003898  FE:  -6.9122170273
4.35        -1353396.22259576  -1353396.22259576  -1353419.04920467 IE: -6.9121006665  FE:  -6.9122172471
4.36        -1353396.25814429  -1353396.25814429  -1353419.09499596 IE: -6.9121008480  FE:  -6.9122174810
4.37        -1353396.33139653  -1353396.33139653  -1353419.13961211 IE: -6.9121012221  FE:  -6.9122177089
4.38          -1353396.341933    -1353396.341933  -1353419.19070116 IE: -6.9121012760  FE:  -6.9122179698
4.39        -1353396.40152086  -1353396.40152086  -1353419.23657402 IE: -6.9121015803  FE:  -6.9122182041
4.40        -1353396.43387272  -1353396.43387272  -1353419.28984479 IE: -6.9121017455  FE:  -6.9122184761
4.41         -1353396.4997683   -1353396.4997683   -1353419.3317948 IE: -6.9121020821  FE:  -6.9122186904
4.42         -1353396.5527559   -1353396.5527559   -1353419.3771571 IE: -6.9121023527  FE:  -6.9122189221
4.43        -1353396.60210035  -1353396.60210035  -1353419.42272814 IE: -6.9121026047  FE:  -6.9122191548
4.44        -1353396.61292375  -1353396.61292375  -1353419.46133193 IE: -6.9121026600  FE:  -6.9122193520
4.45        -1353396.66376088  -1353396.66376088  -1353419.50031365 IE: -6.9121029196  FE:  -6.9122195510
4.46        -1353396.70935636  -1353396.70935636  -1353419.54005432 IE: -6.9121031525  FE:  -6.9122197540
4.47        -1353396.75862784  -1353396.75862784  -1353419.57139282 IE: -6.9121034041  FE:  -6.9122199141
4.48        -1353396.76397978  -1353396.76397978  -1353419.59781527 IE: -6.9121034314  FE:  -6.9122200490
4.49        -1353396.78795685  -1353396.78795685  -1353419.62381053 IE: -6.9121035539  FE:  -6.9122201818
4.50        -1353396.79960152  -1353396.79960152  -1353419.64022541 IE: -6.9121036134  FE:  -6.9122202656
4.51        -1353396.80607366  -1353396.80607366  -1353419.65977552 IE: -6.9121036464  FE:  -6.9122203655
4.52        -1353396.82051672  -1353396.82051672  -1353419.67039374 IE: -6.9121037202  FE:  -6.9122204197
4.53        -1353396.82447864  -1353396.82447864   -1353419.6736528 IE: -6.9121037404  FE:  -6.9122204363
4.54         -1353396.8273716   -1353396.8273716  -1353419.67270181 IE: -6.9121037552  FE:  -6.9122204315
4.55        -1353396.81024762  -1353396.81024762  -1353419.66810173 IE: -6.9121036677  FE:  -6.9122204080
4.56        -1353396.78544166  -1353396.78544166  -1353419.65210327 IE: -6.9121035411  FE:  -6.9122203263
4.57        -1353396.77262012  -1353396.77262012  -1353419.63801174 IE: -6.9121034756  FE:  -6.9122202543
4.58        -1353396.74400098  -1353396.74400098  -1353419.61453203 IE: -6.9121033294  FE:  -6.9122201344
4.59        -1353396.72016612  -1353396.72016612  -1353419.58849312 IE: -6.9121032077  FE:  -6.9122200014
4.60        -1353396.69276392  -1353396.69276392  -1353419.55801123 IE: -6.9121030677  FE:  -6.9122198457
4.61        -1353396.65478422  -1353396.65478422  -1353419.52876616 IE: -6.9121028738  FE:  -6.9122196964
4.62        -1353396.60959321  -1353396.60959321  -1353419.49166287 IE: -6.9121026430  FE:  -6.9122195069
4.63        -1353396.57177292  -1353396.57177292  -1353419.45322685 IE: -6.9121024498  FE:  -6.9122193106
4.64         -1353396.5355171   -1353396.5355171  -1353419.41558032 IE: -6.9121022646  FE:  -6.9122191183
4.65        -1353396.49207893  -1353396.49207893  -1353419.37752551 IE: -6.9121020428  FE:  -6.9122189239
4.66         -1353396.4581887   -1353396.4581887  -1353419.33808559 IE: -6.9121018697  FE:  -6.9122187225
4.67        -1353396.40773765  -1353396.40773765  -1353419.29808106 IE: -6.9121016120  FE:  -6.9122185182
4.68        -1353396.37534767  -1353396.37534767  -1353419.25393794 IE: -6.9121014466  FE:  -6.9122182927
4.69        -1353396.32689923  -1353396.32689923  -1353419.21702876 IE: -6.9121011992  FE:  -6.9122181042
4.70        -1353396.29438034  -1353396.29438034  -1353419.17935493 IE: -6.9121010331  FE:  -6.9122179118
4.71        -1353396.25177865  -1353396.25177865  -1353419.14262587 IE: -6.9121008155  FE:  -6.9122177242
4.72        -1353396.23808369  -1353396.23808369   -1353419.1046414 IE: -6.9121007456  FE:  -6.9122175303
4.73        -1353396.18400468  -1353396.18400468  -1353419.07320045 IE: -6.9121004694  FE:  -6.9122173697
4.74        -1353396.16466883  -1353396.16466883  -1353419.04966356 IE: -6.9121003706  FE:  -6.9122172495
4.75        -1353396.14842831  -1353396.14842831  -1353419.01985442 IE: -6.9121002877  FE:  -6.9122170972
4.76        -1353396.11829856  -1353396.11829856  -1353418.99638116 IE: -6.9121001338  FE:  -6.9122169773
4.77        -1353396.10217301  -1353396.10217301   -1353418.9773467 IE: -6.9121000514  FE:  -6.9122168801
4.78        -1353396.09046075  -1353396.09046075    -1353418.965416 IE: -6.9120999916  FE:  -6.9122168192
4.79        -1353396.10181004  -1353396.10181004  -1353418.95757467 IE: -6.9121000496  FE:  -6.9122167792
4.80        -1353396.08213439  -1353396.08213439   -1353418.9529343 IE: -6.9120999491  FE:  -6.9122167555
4.81        -1353396.10013212  -1353396.10013212   -1353418.9526181 IE: -6.9121000410  FE:  -6.9122167538
4.82        -1353396.08547896  -1353396.08547896  -1353418.95263991 IE: -6.9120999662  FE:  -6.9122167539
4.83        -1353396.11147372  -1353396.11147372  -1353418.96368795 IE: -6.9121000989  FE:  -6.9122168104
4.84        -1353396.11294361  -1353396.11294361   -1353418.9801224 IE: -6.9121001065  FE:  -6.9122168943
4.85        -1353396.13841347  -1353396.13841347  -1353419.00037782 IE: -6.9121002365  FE:  -6.9122169978
4.86        -1353396.16356124  -1353396.16356124  -1353419.01516855 IE: -6.9121003650  FE:  -6.9122170733
4.87        -1353396.17745507  -1353396.17745507  -1353419.04052589 IE: -6.9121004359  FE:  -6.9122172028
4.88        -1353396.21229377  -1353396.21229377  -1353419.06137885 IE: -6.9121006139  FE:  -6.9122173093
4.89        -1353396.24072605  -1353396.24072605  -1353419.09589149 IE: -6.9121007591  FE:  -6.9122174856
4.90        -1353396.27797735  -1353396.27797735   -1353419.1267341 IE: -6.9121009493  FE:  -6.9122176431
4.91        -1353396.30162885  -1353396.30162885  -1353419.15760896 IE: -6.9121010701  FE:  -6.9122178008
4.92        -1353396.34995325  -1353396.34995325  -1353419.19446072 IE: -6.9121013169  FE:  -6.9122179890
4.93        -1353396.38294906  -1353396.38294906  -1353419.22885685 IE: -6.9121014854  FE:  -6.9122181647
4.94        -1353396.41933053  -1353396.41933053  -1353419.26228296 IE: -6.9121016712  FE:  -6.9122183354
4.95        -1353396.45992751  -1353396.45992751  -1353419.29795994 IE: -6.9121018786  FE:  -6.9122185176
4.96        -1353396.48047834  -1353396.48047834  -1353419.33155815 IE: -6.9121019835  FE:  -6.9122186892
4.97        -1353396.52503381  -1353396.52503381  -1353419.36471607 IE: -6.9121022111  FE:  -6.9122188585
4.98        -1353396.55906869  -1353396.55906869  -1353419.39551226 IE: -6.9121023849  FE:  -6.9122190158
4.99        -1353396.56198339  -1353396.56198339  -1353419.42852335 IE: -6.9121023998  FE:  -6.9122191844
5.00        -1353396.60021691  -1353396.60021691  -1353419.45451668 IE: -6.9121025951  FE:  -6.9122193171
