0.00        -40098938.9916755  -40098938.9916755  -40099084.2505609 IE: -6.9679106179  FE:  -6.9679358592
0.01        -40098937.9070068  -40098937.9070068  -40099083.3368744 IE: -6.9679104294  FE:  -6.9679357004
0.02        -40098935.1800805  -40098935.1800805  -40099080.5607186 IE: -6.9679099555  FE:  -6.9679352180
0.03        -40098930.7315532  -40098930.7315532  -40099075.9040462 IE: -6.9679091825  FE:  -6.9679344089
0.04        -40098924.3330381  -40098924.3330381  -40099069.4470639 IE: -6.9679080707  FE:  -6.9679332868
0.05        -40098916.4965398  -40098916.4965398  -40099061.4953701 IE: -6.9679067089  FE:  -6.9679319051
0.06        -40098907.8925275  -40098907.8925275  -40099052.7162331 IE: -6.9679052138  FE:  -6.9679303796
0.07        -40098899.3921572  -40098899.3921572  -40099044.0641705 IE: -6.9679037368  FE:  -6.9679288761
0.08        -40098891.9645962  -40098891.9645962  -40099036.6110631 IE: -6.9679024461  FE:  -6.9679275810
0.09        -40098886.7541483  -40098886.7541483  -40099031.2611777 IE: -6.9679015407  FE:  -6.9679266514
0.10        -40098883.8321893  -40098883.8321893  -40099028.2777902 IE: -6.9679010329  FE:  -6.9679261329
0.11        -40098882.9148796  -40098882.9148796  -40099027.3015672 IE: -6.9679008735  FE:  -6.9679259633
0.12        -40098883.3170371  -40098883.3170371  -40099027.6806033 IE: -6.9679009434  FE:  -6.9679260292
0.13        -40098884.4187701  -40098884.4187701  -40099028.7792657 IE: -6.9679011349  FE:  -6.9679262201
0.14        -40098885.8983295  -40098885.8983295  -40099030.2814478 IE: -6.9679013920  FE:  -6.9679264811
0.15         -40098887.697417   -40098887.697417  -40099032.1324038 IE: -6.9679017046  FE:  -6.9679268028
0.16        -40098889.9426606  -40098889.9426606  -40099034.4277446 IE: -6.9679020947  FE:  -6.9679272016
0.17        -40098892.6140587  -40098892.6140587  -40099037.1271336 IE: -6.9679025589  FE:  -6.9679276707
0.18        -40098895.3604097  -40098895.3604097  -40099039.9305291 IE: -6.9679030362  FE:  -6.9679281578
0.19        -40098897.7475123  -40098897.7475123  -40099042.3529829 IE: -6.9679034510  FE:  -6.9679285788
0.20        -40098899.2184318  -40098899.2184318  -40099043.8440948 IE: -6.9679037066  FE:  -6.9679288379
0.21        -40098899.3314008  -40098899.3314008  -40099043.9793426 IE: -6.9679037262  FE:  -6.9679288614
0.22        -40098898.0042807  -40098898.0042807  -40099042.6209891 IE: -6.9679034956  FE:  -6.9679286253
0.23         -40098895.456879   -40098895.456879  -40099040.0921056 IE: -6.9679030529  FE:  -6.9679281859
0.24        -40098892.5245438  -40098892.5245438  -40099037.1301046 IE: -6.9679025434  FE:  -6.9679276712
0.25        -40098889.9651751  -40098889.9651751  -40099034.5826147 IE: -6.9679020986  FE:  -6.9679272285
0.26        -40098888.5186273  -40098888.5186273  -40099033.0897994 IE: -6.9679018473  FE:  -6.9679269691
0.27         -40098888.246421   -40098888.246421  -40099032.7566867 IE: -6.9679018000  FE:  -6.9679269112
0.28        -40098888.7809807  -40098888.7809807  -40099033.2290146 IE: -6.9679018929  FE:  -6.9679269933
0.29        -40098889.5520359  -40098889.5520359  -40099033.9762388 IE: -6.9679020269  FE:  -6.9679271232
0.30        -40098890.0864791  -40098890.0864791   -40099034.557537 IE: -6.9679021197  FE:  -6.9679272242
0.31        -40098890.4068824  -40098890.4068824  -40099034.8879593 IE: -6.9679021754  FE:  -6.9679272816
0.32        -40098890.7669345  -40098890.7669345  -40099035.2521945 IE: -6.9679022380  FE:  -6.9679273449
0.33        -40098891.4881784  -40098891.4881784  -40099036.0061267 IE: -6.9679023633  FE:  -6.9679274759
0.34        -40098892.7274531  -40098892.7274531  -40099037.3160667 IE: -6.9679025786  FE:  -6.9679277035
0.35        -40098894.3320487  -40098894.3320487  -40099038.9301107 IE: -6.9679028575  FE:  -6.9679279840
0.36        -40098895.7450955  -40098895.7450955  -40099040.3518408 IE: -6.9679031030  FE:  -6.9679282310
0.37         -40098896.512044   -40098896.512044  -40099041.1227859 IE: -6.9679032363  FE:  -6.9679283650
0.38        -40098896.4448574  -40098896.4448574  -40099040.9888249 IE: -6.9679032246  FE:  -6.9679283417
0.39        -40098895.2734611  -40098895.2734611  -40099039.8816115 IE: -6.9679030211  FE:  -6.9679281493
0.40         -40098893.379843   -40098893.379843  -40099037.9846179 IE: -6.9679026920  FE:  -6.9679278197
0.41        -40098891.1779661  -40098891.1779661  -40099035.8019953 IE: -6.9679023094  FE:  -6.9679274404
0.42        -40098889.5457962  -40098889.5457962  -40099034.1373901 IE: -6.9679020258  FE:  -6.9679271512
0.43        -40098889.0747534  -40098889.0747534  -40099033.6160154 IE: -6.9679019439  FE:  -6.9679270606
0.44        -40098889.6655322  -40098889.6655322  -40099034.1909361 IE: -6.9679020466  FE:  -6.9679271605
0.45        -40098890.7187617  -40098890.7187617  -40099035.2232139 IE: -6.9679022296  FE:  -6.9679273398
0.46        -40098891.5985398  -40098891.5985398  -40099036.0803138 IE: -6.9679023825  FE:  -6.9679274888
0.47        -40098891.9332492  -40098891.9332492  -40099036.4331851 IE: -6.9679024406  FE:  -6.9679275501
0.48        -40098891.9242141  -40098891.9242141  -40099036.4064839 IE: -6.9679024391  FE:  -6.9679275455
0.49        -40098891.8951389  -40098891.8951389  -40099036.3972804 IE: -6.9679024340  FE:  -6.9679275439
0.50        -40098892.1752282  -40098892.1752282  -40099036.7272465 IE: -6.9679024827  FE:  -6.9679276012
0.51        -40098892.9326475  -40098892.9326475  -40099037.4866489 IE: -6.9679026143  FE:  -6.9679277331
0.52        -40098894.0168147  -40098894.0168147  -40099038.5389585 IE: -6.9679028027  FE:  -6.9679279160
0.53         -40098894.974139   -40098894.974139   -40099039.534709 IE: -6.9679029690  FE:  -6.9679280890
0.54        -40098895.5465918  -40098895.5465918  -40099040.1156868 IE: -6.9679030685  FE:  -6.9679281900
0.55        -40098895.3893806  -40098895.3893806  -40099039.9745818 IE: -6.9679030412  FE:  -6.9679281655
0.56        -40098894.2609983  -40098894.2609983  -40099038.9138117 IE: -6.9679028451  FE:  -6.9679279811
0.57        -40098892.4222465  -40098892.4222465  -40099036.9976619 IE: -6.9679025256  FE:  -6.9679276482
0.58        -40098890.0678679  -40098890.0678679  -40099034.6785536 IE: -6.9679021165  FE:  -6.9679272452
0.59        -40098888.3595514  -40098888.3595514  -40099032.9195158 IE: -6.9679018196  FE:  -6.9679269395
0.60        -40098888.0894566  -40098888.0894566   -40099032.586373 IE: -6.9679017727  FE:  -6.9679268816
0.61        -40098889.3350988  -40098889.3350988  -40099033.8393153 IE: -6.9679019892  FE:  -6.9679270994
0.62        -40098891.5922963  -40098891.5922963  -40099036.0618665 IE: -6.9679023814  FE:  -6.9679274856
0.63        -40098893.6060246  -40098893.6060246  -40099038.0975021 IE: -6.9679027313  FE:  -6.9679278393
0.64        -40098894.4773074  -40098894.4773074  -40099038.9690645 IE: -6.9679028827  FE:  -6.9679279907
0.65        -40098894.1362889  -40098894.1362889  -40099038.6291164 IE: -6.9679028234  FE:  -6.9679279317
0.66         -40098893.239496   -40098893.239496  -40099037.7577565 IE: -6.9679026676  FE:  -6.9679277803
0.67        -40098892.7478473  -40098892.7478473  -40099037.2984204 IE: -6.9679025822  FE:  -6.9679277004
0.68        -40098893.2183305  -40098893.2183305   -40099037.785042 IE: -6.9679026639  FE:  -6.9679277850
0.69        -40098894.4279721  -40098894.4279721  -40099038.9875613 IE: -6.9679028741  FE:  -6.9679279940
0.70        -40098895.5557706  -40098895.5557706  -40099040.1279345 IE: -6.9679030701  FE:  -6.9679281921
0.71        -40098895.9118887  -40098895.9118887   -40099040.476853 IE: -6.9679031320  FE:  -6.9679282527
0.72        -40098895.2265592  -40098895.2265592  -40099039.7651486 IE: -6.9679030129  FE:  -6.9679281291
0.73        -40098893.6653394  -40098893.6653394  -40099038.2365573 IE: -6.9679027416  FE:  -6.9679278635
0.74        -40098891.9537474  -40098891.9537474  -40099036.4864762 IE: -6.9679024442  FE:  -6.9679275594
0.75        -40098890.4627855  -40098890.4627855  -40099035.0643314 IE: -6.9679021851  FE:  -6.9679273122
0.76        -40098889.9287685  -40098889.9287685  -40099034.4894539 IE: -6.9679020923  FE:  -6.9679272123
0.77        -40098890.4427344  -40098890.4427344  -40099034.9655442 IE: -6.9679021816  FE:  -6.9679272951
0.78        -40098891.6629648  -40098891.6629648  -40099036.2230681 IE: -6.9679023937  FE:  -6.9679275136
0.79        -40098893.2000165  -40098893.2000165  -40099037.7219216 IE: -6.9679026608  FE:  -6.9679277740
0.80        -40098894.3513168  -40098894.3513168  -40099038.8652587 IE: -6.9679028608  FE:  -6.9679279727
0.81        -40098894.7394389  -40098894.7394389  -40099039.2433472 IE: -6.9679029283  FE:  -6.9679280384
0.82        -40098894.2493754  -40098894.2493754  -40099038.8087709 IE: -6.9679028431  FE:  -6.9679279629
0.83        -40098893.5857707  -40098893.5857707  -40099038.1038911 IE: -6.9679027278  FE:  -6.9679278404
0.84        -40098893.2373069  -40098893.2373069  -40099037.7745706 IE: -6.9679026672  FE:  -6.9679277832
0.85        -40098893.6396684  -40098893.6396684  -40099038.1651819 IE: -6.9679027372  FE:  -6.9679278511
0.86        -40098894.5209555  -40098894.5209555  -40099039.0607932 IE: -6.9679028903  FE:  -6.9679280067
0.87        -40098895.3719347  -40098895.3719347  -40099039.9593638 IE: -6.9679030382  FE:  -6.9679281628
0.88        -40098895.6051114  -40098895.6051114  -40099040.1726151 IE: -6.9679030787  FE:  -6.9679281999
0.89        -40098894.7721951  -40098894.7721951  -40099039.3398504 IE: -6.9679029339  FE:  -6.9679280552
0.90        -40098893.2055394  -40098893.2055394  -40099037.7756611 IE: -6.9679026617  FE:  -6.9679277834
0.91        -40098891.5340487  -40098891.5340487  -40099036.1357775 IE: -6.9679023713  FE:  -6.9679274984
0.92        -40098890.2781296  -40098890.2781296  -40099034.8735076 IE: -6.9679021530  FE:  -6.9679272791
0.93        -40098889.9767443  -40098889.9767443  -40099034.4849106 IE: -6.9679021007  FE:  -6.9679272115
0.94         -40098890.810464   -40098890.810464  -40099035.3302638 IE: -6.9679022455  FE:  -6.9679273584
0.95        -40098892.6806586  -40098892.6806586  -40099037.1797709 IE: -6.9679025705  FE:  -6.9679276798
0.96        -40098894.4696172  -40098894.4696172  -40099039.0807441 IE: -6.9679028814  FE:  -6.9679280102
0.97        -40098895.7336423  -40098895.7336423  -40099040.2226976 IE: -6.9679031010  FE:  -6.9679282086
0.98        -40098895.8560692  -40098895.8560692  -40099040.3632063 IE: -6.9679031223  FE:  -6.9679282330
0.99        -40098895.1943488  -40098895.1943488  -40099039.7181248 IE: -6.9679030073  FE:  -6.9679281209
1.00        -40098894.2159543  -40098894.2159543  -40099038.7718121 IE: -6.9679028373  FE:  -6.9679279565
1.01        -40098893.7164257  -40098893.7164257  -40099038.2587751 IE: -6.9679027505  FE:  -6.9679278673
1.02        -40098894.0086921  -40098894.0086921  -40099038.5641045 IE: -6.9679028013  FE:  -6.9679279204
1.03        -40098894.8609539  -40098894.8609539  -40099039.4076698 IE: -6.9679029494  FE:  -6.9679280670
1.04        -40098895.5764717  -40098895.5764717  -40099040.1147556 IE: -6.9679030737  FE:  -6.9679281898
1.05         -40098895.597308   -40098895.597308  -40099040.1226041 IE: -6.9679030773  FE:  -6.9679281912
1.06        -40098894.5724221  -40098894.5724221  -40099039.1413413 IE: -6.9679028992  FE:  -6.9679280207
1.07        -40098892.8083011  -40098892.8083011   -40099037.367111 IE: -6.9679025927  FE:  -6.9679277124
1.08         -40098890.919637   -40098890.919637  -40099035.5407516 IE: -6.9679022645  FE:  -6.9679273950
1.09        -40098889.8528636  -40098889.8528636  -40099034.4514005 IE: -6.9679020791  FE:  -6.9679272057
1.10        -40098890.1530176  -40098890.1530176  -40099034.7043553 IE: -6.9679021313  FE:  -6.9679272497
1.11        -40098891.8075931  -40098891.8075931  -40099036.3036493 IE: -6.9679024188  FE:  -6.9679275276
1.12         -40098894.064953   -40098894.064953  -40099038.5492766 IE: -6.9679028111  FE:  -6.9679279178
1.13        -40098896.1457445  -40098896.1457445  -40099040.6587582 IE: -6.9679031726  FE:  -6.9679282844
1.14        -40098897.3446584  -40098897.3446584   -40099041.843391 IE: -6.9679033810  FE:  -6.9679284902
1.15        -40098897.1998343  -40098897.1998343  -40099041.7203317 IE: -6.9679033558  FE:  -6.9679284688
1.16        -40098896.0834724  -40098896.0834724  -40099040.6625256 IE: -6.9679031618  FE:  -6.9679282850
1.17        -40098894.8019495  -40098894.8019495  -40099039.3764876 IE: -6.9679029391  FE:  -6.9679280615
1.18        -40098894.0904812  -40098894.0904812  -40099038.6585439 IE: -6.9679028155  FE:  -6.9679279368
1.19        -40098894.3556844  -40098894.3556844  -40099038.8981722 IE: -6.9679028616  FE:  -6.9679279784
1.20        -40098895.1454451  -40098895.1454451  -40099039.6714735 IE: -6.9679029988  FE:  -6.9679281128
1.21        -40098895.7606515  -40098895.7606515  -40099040.3272232 IE: -6.9679031057  FE:  -6.9679282267
1.22        -40098895.6210383  -40098895.6210383   -40099040.172359 IE: -6.9679030815  FE:  -6.9679281998
1.23        -40098894.3611982  -40098894.3611982  -40099038.9283815 IE: -6.9679028625  FE:  -6.9679279837
1.24         -40098892.328623   -40098892.328623  -40099036.9494292 IE: -6.9679025093  FE:  -6.9679276398
1.25        -40098890.4603634  -40098890.4603634  -40099035.0477554 IE: -6.9679021847  FE:  -6.9679273093
1.26        -40098889.6048216  -40098889.6048216  -40099034.2084287 IE: -6.9679020360  FE:  -6.9679271635
1.27        -40098890.4777473  -40098890.4777473  -40099035.0153936 IE: -6.9679021877  FE:  -6.9679273037
1.28        -40098892.8353508  -40098892.8353508  -40099037.3213108 IE: -6.9679025974  FE:  -6.9679277044
1.29         -40098895.735901   -40098895.735901  -40099040.2624657 IE: -6.9679031014  FE:  -6.9679282155
1.30        -40098898.2667259  -40098898.2667259   -40099042.754635 IE: -6.9679035412  FE:  -6.9679286486
1.31         -40098899.362155   -40098899.362155  -40099043.8573359 IE: -6.9679037315  FE:  -6.9679288402
1.32        -40098898.7566251  -40098898.7566251  -40099043.3322247 IE: -6.9679036263  FE:  -6.9679287489
1.33        -40098897.0828878  -40098897.0828878  -40099041.6755546 IE: -6.9679033355  FE:  -6.9679284610
1.34        -40098895.2553517  -40098895.2553517  -40099039.8655996 IE: -6.9679030179  FE:  -6.9679281465
1.35        -40098894.3071602  -40098894.3071602    -40099038.88603 IE: -6.9679028531  FE:  -6.9679279763
1.36        -40098894.4873218  -40098894.4873218  -40099039.0597795 IE: -6.9679028844  FE:  -6.9679280065
1.37        -40098895.3333723  -40098895.3333723  -40099039.9059595 IE: -6.9679030315  FE:  -6.9679281535
1.38        -40098896.0404631  -40098896.0404631  -40099040.5795035 IE: -6.9679031543  FE:  -6.9679282706
1.39        -40098895.6468555  -40098895.6468555   -40099040.270261 IE: -6.9679030859  FE:  -6.9679282169
1.40        -40098894.0890399  -40098894.0890399  -40099038.6800335 IE: -6.9679028152  FE:  -6.9679279405
1.41        -40098891.6940845  -40098891.6940845  -40099036.3388229 IE: -6.9679023991  FE:  -6.9679275337
1.42        -40098889.7226556  -40098889.7226556  -40099034.3075296 IE: -6.9679020565  FE:  -6.9679271807
1.43        -40098889.2220259  -40098889.2220259  -40099033.7944929 IE: -6.9679019695  FE:  -6.9679270916
1.44        -40098890.8929719  -40098890.8929719  -40099035.4084276 IE: -6.9679022599  FE:  -6.9679273720
1.45        -40098894.3365631  -40098894.3365631  -40099038.7976317 IE: -6.9679028583  FE:  -6.9679279610
1.46        -40098898.3327907  -40098898.3327907  -40099042.7263796 IE: -6.9679035527  FE:  -6.9679286436
1.47        -40098901.2695338  -40098901.2695338  -40099045.7359314 IE: -6.9679040630  FE:  -6.9679291666
1.48        -40098902.1424611  -40098902.1424611  -40099046.6930974 IE: -6.9679042147  FE:  -6.9679293329
1.49        -40098900.7995703  -40098900.7995703  -40099045.4017572 IE: -6.9679039813  FE:  -6.9679291085
1.50        -40098898.0539009  -40098898.0539009  -40099042.6922142 IE: -6.9679035042  FE:  -6.9679286377
1.51        -40098895.4379968  -40098895.4379968  -40099039.9718599 IE: -6.9679030496  FE:  -6.9679281650
1.52        -40098893.9631254  -40098893.9631254  -40099038.5482283 IE: -6.9679027934  FE:  -6.9679279176
1.53         -40098894.202896   -40098894.202896  -40099038.7887715 IE: -6.9679028350  FE:  -6.9679279594
1.54        -40098895.3653042  -40098895.3653042  -40099039.9453176 IE: -6.9679030370  FE:  -6.9679281604
1.55        -40098896.2633113  -40098896.2633113  -40099040.8432539 IE: -6.9679031931  FE:  -6.9679283164
1.56        -40098895.8001906  -40098895.8001906  -40099040.3845145 IE: -6.9679031126  FE:  -6.9679282367
1.57        -40098893.5580785  -40098893.5580785  -40099038.2140823 IE: -6.9679027230  FE:  -6.9679278596
1.58        -40098890.4522092  -40098890.4522092  -40099035.1297104 IE: -6.9679021833  FE:  -6.9679273236
1.59        -40098888.1310727  -40098888.1310727   -40099032.745875 IE: -6.9679017799  FE:  -6.9679269094
1.60        -40098888.1883452  -40098888.1883452  -40099032.6991621 IE: -6.9679017899  FE:  -6.9679269012
1.61        -40098891.2879551  -40098891.2879551  -40099035.7854451 IE: -6.9679023285  FE:  -6.9679274375
1.62        -40098896.8702911  -40098896.8702911  -40099041.2578357 IE: -6.9679032985  FE:  -6.9679283885
1.63        -40098902.7926504  -40098902.7926504  -40099047.1570489 IE: -6.9679043276  FE:  -6.9679294136
1.64        -40098906.8093772  -40098906.8093772  -40099051.2437783 IE: -6.9679050256  FE:  -6.9679301237
1.65         -40098907.264019   -40098907.264019  -40099051.8088989 IE: -6.9679051046  FE:  -6.9679302219
1.66        -40098904.1221405  -40098904.1221405  -40099048.7699225 IE: -6.9679045587  FE:  -6.9679296938
1.67         -40098898.829749   -40098898.829749  -40099043.5807214 IE: -6.9679036390  FE:  -6.9679287921
1.68        -40098893.9659166  -40098893.9659166   -40099038.685766 IE: -6.9679027938  FE:  -6.9679279415
1.69        -40098891.5160663  -40098891.5160663  -40099036.2555502 IE: -6.9679023681  FE:  -6.9679275192
1.70        -40098892.2333554  -40098892.2333554   -40099036.830514 IE: -6.9679024928  FE:  -6.9679276191
1.71        -40098894.6085598  -40098894.6085598  -40099039.1571555 IE: -6.9679029055  FE:  -6.9679280234
1.72        -40098896.4330744  -40098896.4330744  -40099041.0300455 IE: -6.9679032226  FE:  -6.9679283489
1.73        -40098895.7267428  -40098895.7267428  -40099040.3866359 IE: -6.9679030998  FE:  -6.9679282371
1.74        -40098891.8101438  -40098891.8101438  -40099036.5133861 IE: -6.9679024192  FE:  -6.9679275640
1.75        -40098886.2522601  -40098886.2522601  -40099030.9002699 IE: -6.9679014535  FE:  -6.9679265886
1.76        -40098882.0813849  -40098882.0813849  -40099026.6894691 IE: -6.9679007287  FE:  -6.9679258569
1.77        -40098883.0750309  -40098883.0750309  -40099027.5002032 IE: -6.9679009014  FE:  -6.9679259978
1.78          -40098891.07151    -40098891.07151  -40099035.2649849 IE: -6.9679022909  FE:  -6.9679273471
1.79        -40098904.6026069  -40098904.6026069  -40099048.6470672 IE: -6.9679046422  FE:  -6.9679296725
1.80        -40098919.3338183  -40098919.3338183  -40099063.3898123 IE: -6.9679072020  FE:  -6.9679322343
1.81        -40098929.4261304  -40098929.4261304  -40099073.7024211 IE: -6.9679089557  FE:  -6.9679340263
1.82        -40098929.6847536  -40098929.6847536  -40099074.3368779 IE: -6.9679090006  FE:  -6.9679341365
1.83        -40098918.0506907  -40098918.0506907  -40099063.2109213 IE: -6.9679069790  FE:  -6.9679322032
1.84        -40098897.5132905  -40098897.5132905  -40099042.7744455 IE: -6.9679034103  FE:  -6.9679286520
1.85        -40098874.0480986  -40098874.0480986  -40099019.5538526 IE: -6.9678993328  FE:  -6.9679246170
1.86        -40098856.8659497  -40098856.8659497  -40099002.2521119 IE: -6.9678963471  FE:  -6.9679216105
1.87         -40098852.433293   -40098852.433293  -40098997.2176578 IE: -6.9678955768  FE:  -6.9679207357
1.88         -40098862.047825   -40098862.047825   -40099006.179959 IE: -6.9678972475  FE:  -6.9679222930
1.89        -40098883.0615046  -40098883.0615046  -40099026.8048356 IE: -6.9679008990  FE:  -6.9679258770
1.90        -40098908.9830082  -40098908.9830082  -40099052.6006646 IE: -6.9679054033  FE:  -6.9679303595
1.91         -40098930.622817   -40098930.622817  -40099074.3552935 IE: -6.9679091636  FE:  -6.9679341397
1.92        -40098940.8506215  -40098940.8506215   -40099084.980069 IE: -6.9679109409  FE:  -6.9679359860
1.93        -40098936.8335462  -40098936.8335462  -40099081.4731308 IE: -6.9679102429  FE:  -6.9679353766
1.94        -40098920.3639662  -40098920.3639662  -40099065.5279896 IE: -6.9679073810  FE:  -6.9679326058
1.95        -40098898.4245277  -40098898.4245277  -40099043.8206403 IE: -6.9679035686  FE:  -6.9679288338
1.96         -40098879.340538   -40098879.340538  -40099024.5954966 IE: -6.9679002524  FE:  -6.9679254931
1.97        -40098868.6697884  -40098868.6697884  -40099013.8056698 IE: -6.9678983982  FE:  -6.9679236182
1.98        -40098868.9585458  -40098868.9585458  -40099013.6923676 IE: -6.9678984484  FE:  -6.9679235985
1.99        -40098878.2036156  -40098878.2036156  -40099022.5666104 IE: -6.9679000549  FE:  -6.9679251405
2.00         -40098891.497601   -40098891.497601  -40099035.6780236 IE: -6.9679023649  FE:  -6.9679274189
2.01        -40098903.4921174  -40098903.4921174  -40099047.5996593 IE: -6.9679044492  FE:  -6.9679294905
2.02        -40098910.1259775  -40098910.1259775  -40099054.3744201 IE: -6.9679056019  FE:  -6.9679306677
2.03        -40098910.4245069  -40098910.4245069  -40099054.8627427 IE: -6.9679056538  FE:  -6.9679307526
2.04        -40098906.3414952  -40098906.3414952   -40099050.970599 IE: -6.9679049443  FE:  -6.9679300762
2.05        -40098901.2370389  -40098901.2370389  -40099045.9138077 IE: -6.9679040573  FE:  -6.9679291975
2.06        -40098897.8136086  -40098897.8136086  -40099042.4754737 IE: -6.9679034624  FE:  -6.9679286000
2.07        -40098897.4654289  -40098897.4654289  -40099042.0648939 IE: -6.9679034019  FE:  -6.9679285287
2.08        -40098899.5233315  -40098899.5233315  -40099044.0616247 IE: -6.9679037595  FE:  -6.9679288757
2.09        -40098901.9680889  -40098901.9680889  -40099046.5274051 IE: -6.9679041844  FE:  -6.9679293041
2.10        -40098902.7647666  -40098902.7647666  -40099047.3948564 IE: -6.9679043228  FE:  -6.9679294549
2.11        -40098900.7644729  -40098900.7644729  -40099045.5143459 IE: -6.9679039752  FE:  -6.9679291281
2.12        -40098896.7973394  -40098896.7973394  -40099041.5489926 IE: -6.9679032859  FE:  -6.9679284391
2.13        -40098892.4989133  -40098892.4989133  -40099037.3318856 IE: -6.9679025389  FE:  -6.9679277063
2.14        -40098890.2013053  -40098890.2013053   -40099034.850233 IE: -6.9679021397  FE:  -6.9679272750
2.15        -40098890.7375717  -40098890.7375717  -40099035.3109125 IE: -6.9679022329  FE:  -6.9679273551
2.16        -40098894.1830137  -40098894.1830137  -40099038.6554169 IE: -6.9679028316  FE:  -6.9679279362
2.17        -40098899.0949602  -40098899.0949602  -40099043.4841808 IE: -6.9679036851  FE:  -6.9679287753
2.18        -40098903.4615391  -40098903.4615391  -40099047.8768314 IE: -6.9679044439  FE:  -6.9679295386
2.19        -40098905.7165427  -40098905.7165427  -40099050.1725955 IE: -6.9679048357  FE:  -6.9679299376
2.20        -40098905.2611757  -40098905.2611757  -40099049.8416859 IE: -6.9679047566  FE:  -6.9679298801
2.21         -40098902.964352   -40098902.964352  -40099047.5819264 IE: -6.9679043575  FE:  -6.9679294874
2.22        -40098900.1020053  -40098900.1020053  -40099044.8043449 IE: -6.9679038601  FE:  -6.9679290047
2.23        -40098898.2149315  -40098898.2149315  -40099042.8870912 IE: -6.9679035322  FE:  -6.9679286716
2.24        -40098897.9370387  -40098897.9370387  -40099042.5187465 IE: -6.9679034839  FE:  -6.9679286076
2.25        -40098898.9730705  -40098898.9730705  -40099043.4369695 IE: -6.9679036639  FE:  -6.9679287671
2.26         -40098900.156572   -40098900.156572  -40099044.7099157 IE: -6.9679038696  FE:  -6.9679289883
2.27        -40098900.6924061  -40098900.6924061  -40099045.2267473 IE: -6.9679039627  FE:  -6.9679290781
2.28        -40098899.8075242  -40098899.8075242  -40099044.4492937 IE: -6.9679038089  FE:  -6.9679289430
2.29         -40098897.944777   -40098897.944777   -40099042.675289 IE: -6.9679034852  FE:  -6.9679286348
2.30        -40098896.2917371  -40098896.2917371   -40099040.904379 IE: -6.9679031980  FE:  -6.9679283270
2.31        -40098895.4910571  -40098895.4910571   -40099040.109099 IE: -6.9679030589  FE:  -6.9679281888
2.32         -40098896.374288   -40098896.374288  -40099040.9083322 IE: -6.9679032123  FE:  -6.9679283277
2.33        -40098898.7382286  -40098898.7382286  -40099043.1944826 IE: -6.9679036231  FE:  -6.9679287250
2.34        -40098901.6647638  -40098901.6647638  -40099046.1181518 IE: -6.9679041317  FE:  -6.9679292330
2.35         -40098904.038334   -40098904.038334  -40099048.5388501 IE: -6.9679045441  FE:  -6.9679296537
2.36        -40098904.9505005  -40098904.9505005  -40099049.5043265 IE: -6.9679047026  FE:  -6.9679298214
2.37        -40098904.1969311  -40098904.1969311  -40099048.7918759 IE: -6.9679045717  FE:  -6.9679296976
2.38        -40098902.2492554  -40098902.2492554  -40099046.9396023 IE: -6.9679042332  FE:  -6.9679293758
2.39        -40098900.2479193  -40098900.2479193  -40099044.9164922 IE: -6.9679038855  FE:  -6.9679290242
2.40        -40098898.9368944  -40098898.9368944  -40099043.5821839 IE: -6.9679036576  FE:  -6.9679287924
2.41        -40098898.7275366  -40098898.7275366  -40099043.3613714 IE: -6.9679036213  FE:  -6.9679287540
2.42        -40098899.4393253  -40098899.4393253  -40099044.0394145 IE: -6.9679037449  FE:  -6.9679288718
2.43        -40098900.4169727  -40098900.4169727  -40099044.9948949 IE: -6.9679039148  FE:  -6.9679290378
2.44        -40098900.8889785  -40098900.8889785  -40099045.4760759 IE: -6.9679039969  FE:  -6.9679291215
2.45         -40098900.519438   -40098900.519438  -40099045.1659159 IE: -6.9679039326  FE:  -6.9679290676
2.46        -40098899.6775344  -40098899.6775344  -40099044.2953056 IE: -6.9679037863  FE:  -6.9679289163
2.47        -40098898.8168469  -40098898.8168469  -40099043.4457803 IE: -6.9679036368  FE:  -6.9679287687
2.48        -40098898.7015126  -40098898.7015126  -40099043.2557761 IE: -6.9679036167  FE:  -6.9679287356
2.49        -40098899.5443984  -40098899.5443984  -40099044.0824412 IE: -6.9679037632  FE:  -6.9679288793
2.50        -40098901.2707153  -40098901.2707153  -40099045.7744084 IE: -6.9679040632  FE:  -6.9679291733
