0.00        -6606649.90283046  -6606649.90283046   -6606696.0905025 IE: -6.8733281622  FE:  -6.8733762142
0.01        -6606649.89403363  -6606649.89403363  -6606696.07606711 IE: -6.8733281530  FE:  -6.8733761992
0.02        -6606649.86573635  -6606649.86573635  -6606696.04395642 IE: -6.8733281236  FE:  -6.8733761658
0.03         -6606649.8001546   -6606649.8001546  -6606695.98243188 IE: -6.8733280554  FE:  -6.8733761018
0.04        -6606649.69586917  -6606649.69586917  -6606695.87352115 IE: -6.8733279469  FE:  -6.8733759885
0.05        -6606649.52845723  -6606649.52845723  -6606695.70697162 IE: -6.8733277727  FE:  -6.8733758152
0.06        -6606649.29225725  -6606649.29225725  -6606695.46405124 IE: -6.8733275270  FE:  -6.8733755625
0.07        -6606648.96866392  -6606648.96866392  -6606695.12968734 IE: -6.8733271903  FE:  -6.8733752146
0.08        -6606648.50771669  -6606648.50771669  -6606694.67484679 IE: -6.8733267108  FE:  -6.8733747414
0.09        -6606647.93928992  -6606647.93928992  -6606694.10572055 IE: -6.8733261194  FE:  -6.8733741493
0.10        -6606647.23241031  -6606647.23241031  -6606693.39928699 IE: -6.8733253840  FE:  -6.8733734144
0.11        -6606646.37679772  -6606646.37679772  -6606692.55256333 IE: -6.8733244938  FE:  -6.8733725335
0.12         -6606645.3943396   -6606645.3943396  -6606691.55995847 IE: -6.8733234717  FE:  -6.8733715008
0.13        -6606644.26248099  -6606644.26248099  -6606690.42428555 IE: -6.8733222942  FE:  -6.8733703193
0.14        -6606642.99606665  -6606642.99606665  -6606689.16270729 IE: -6.8733209766  FE:  -6.8733690068
0.15        -6606641.62052836  -6606641.62052836  -6606687.78440736 IE: -6.8733195456  FE:  -6.8733675729
0.16        -6606640.15637603  -6606640.15637603  -6606686.31457102 IE: -6.8733180223  FE:  -6.8733660437
0.17         -6606638.6200765   -6606638.6200765  -6606684.77619104 IE: -6.8733164240  FE:  -6.8733644432
0.18        -6606637.03315078  -6606637.03315078  -6606683.19142932 IE: -6.8733147730  FE:  -6.8733627945
0.19        -6606635.42689853  -6606635.42689853  -6606681.59272798 IE: -6.8733131019  FE:  -6.8733611313
0.20        -6606633.85275638  -6606633.85275638  -6606680.00664267 IE: -6.8733114643  FE:  -6.8733594812
0.21        -6606632.28840328  -6606632.28840328  -6606678.45968708 IE: -6.8733098368  FE:  -6.8733578718
0.22        -6606630.81617215  -6606630.81617215  -6606676.98085778 IE: -6.8733083051  FE:  -6.8733563332
0.23        -6606629.42236863  -6606629.42236863  -6606675.58805581 IE: -6.8733068550  FE:  -6.8733548842
0.24        -6606628.10694763  -6606628.10694763  -6606674.30473184 IE: -6.8733054865  FE:  -6.8733535491
0.25        -6606626.97110714  -6606626.97110714  -6606673.14880684 IE: -6.8733043048  FE:  -6.8733523465
0.26         -6606625.9679716   -6606625.9679716  -6606672.13625416 IE: -6.8733032612  FE:  -6.8733512931
0.27        -6606625.10102566  -6606625.10102566  -6606671.27349868 IE: -6.8733023593  FE:  -6.8733503955
0.28        -6606624.42710205  -6606624.42710205  -6606670.56411222 IE: -6.8733016581  FE:  -6.8733496575
0.29        -6606623.91080087  -6606623.91080087  -6606670.00532743 IE: -6.8733011210  FE:  -6.8733490761
0.30        -6606623.45779455  -6606623.45779455  -6606669.58981107 IE: -6.8733006497  FE:  -6.8733486438
0.31        -6606623.16775978  -6606623.16775978   -6606669.3045255 IE: -6.8733003480  FE:  -6.8733483470
0.32        -6606623.01277045  -6606623.01277045  -6606669.13521861 IE: -6.8733001867  FE:  -6.8733481709
0.33        -6606622.94577798  -6606622.94577798  -6606669.05896601 IE: -6.8733001170  FE:  -6.8733480916
0.34        -6606622.93972536  -6606622.93972536  -6606669.05465022 IE: -6.8733001107  FE:  -6.8733480871
0.35         -6606622.9803719   -6606622.9803719   -6606669.0972162 IE: -6.8733001530  FE:  -6.8733481314
0.36        -6606623.04675166  -6606623.04675166  -6606669.16639776 IE: -6.8733002221  FE:  -6.8733482033
0.37        -6606623.10040379  -6606623.10040379  -6606669.23674536 IE: -6.8733002779  FE:  -6.8733482765
0.38        -6606623.19329254  -6606623.19329254  -6606669.30043148 IE: -6.8733003745  FE:  -6.8733483428
0.39        -6606623.19798957  -6606623.19798957  -6606669.33709272 IE: -6.8733003794  FE:  -6.8733483809
0.40        -6606623.21556985  -6606623.21556985  -6606669.34976575 IE: -6.8733003977  FE:  -6.8733483941
0.41        -6606623.19726534  -6606623.19726534  -6606669.34186989 IE: -6.8733003787  FE:  -6.8733483859
0.42        -6606623.18568351  -6606623.18568351   -6606669.3199913 IE: -6.8733003666  FE:  -6.8733483631
0.43        -6606623.14625697  -6606623.14625697  -6606669.29782627 IE: -6.8733003256  FE:  -6.8733483401
0.44        -6606623.17649539  -6606623.17649539  -6606669.29125308 IE: -6.8733003570  FE:  -6.8733483332
0.45        -6606623.17696941  -6606623.17696941  -6606669.31862613 IE: -6.8733003575  FE:  -6.8733483617
0.46         -6606623.2839785   -6606623.2839785  -6606669.40201728 IE: -6.8733004689  FE:  -6.8733484485
0.47        -6606623.44477167  -6606623.44477167  -6606669.56185222 IE: -6.8733006362  FE:  -6.8733486148
0.48        -6606623.69943079  -6606623.69943079   -6606669.8174239 IE: -6.8733009011  FE:  -6.8733488806
0.49        -6606624.06372103  -6606624.06372103  -6606670.18330856 IE: -6.8733012801  FE:  -6.8733492613
0.50        -6606624.53947706  -6606624.53947706  -6606670.66598348 IE: -6.8733017750  FE:  -6.8733497635
0.51        -6606625.13432696  -6606625.13432696  -6606671.26629643 IE: -6.8733023939  FE:  -6.8733503880
0.52        -6606625.87017026  -6606625.87017026  -6606671.97604274 IE: -6.8733031595  FE:  -6.8733511264
0.53        -6606626.65548384  -6606626.65548384  -6606672.77607385 IE: -6.8733039765  FE:  -6.8733519587
0.54         -6606627.5104779   -6606627.5104779  -6606673.63962755 IE: -6.8733048660  FE:  -6.8733528571
0.55        -6606628.42954244  -6606628.42954244  -6606674.54290304 IE: -6.8733058221  FE:  -6.8733537969
0.56        -6606629.31656123  -6606629.31656123  -6606675.44477183 IE: -6.8733067450  FE:  -6.8733547351
0.57        -6606630.20251174  -6606630.20251174  -6606676.31922759 IE: -6.8733076667  FE:  -6.8733556449
0.58        -6606631.00098932  -6606631.00098932  -6606677.12143254 IE: -6.8733084974  FE:  -6.8733564795
0.59        -6606631.71950038  -6606631.71950038  -6606677.82986753 IE: -6.8733092449  FE:  -6.8733572165
0.60        -6606632.29517735  -6606632.29517735  -6606678.41792713 IE: -6.8733098438  FE:  -6.8733578283
0.61        -6606632.74007863  -6606632.74007863  -6606678.85944366 IE: -6.8733103067  FE:  -6.8733582876
0.62        -6606633.01296918  -6606633.01296918  -6606679.14085886 IE: -6.8733105906  FE:  -6.8733585804
0.63        -6606633.11365964  -6606633.11365964  -6606679.24888671 IE: -6.8733106953  FE:  -6.8733586928
0.64        -6606633.03828022  -6606633.03828022  -6606679.18042214 IE: -6.8733106169  FE:  -6.8733586216
0.65        -6606632.80205183  -6606632.80205183  -6606678.94949136 IE: -6.8733103711  FE:  -6.8733583813
0.66        -6606632.41099772  -6606632.41099772  -6606678.56443617 IE: -6.8733099643  FE:  -6.8733579807
0.67        -6606631.89204957  -6606631.89204957  -6606678.05058835 IE: -6.8733094244  FE:  -6.8733574461
0.68        -6606631.26012804  -6606631.26012804  -6606677.43618156 IE: -6.8733087670  FE:  -6.8733568069
0.69        -6606630.58749617  -6606630.58749617  -6606676.75374122 IE: -6.8733080672  FE:  -6.8733560969
0.70        -6606629.87092868  -6606629.87092868  -6606676.03574434 IE: -6.8733073217  FE:  -6.8733553500
0.71         -6606629.1371622   -6606629.1371622  -6606675.31031411 IE: -6.8733065583  FE:  -6.8733545953
0.72        -6606628.46365307  -6606628.46365307  -6606674.61297417 IE: -6.8733058576  FE:  -6.8733538698
0.73        -6606627.79771103  -6606627.79771103  -6606673.96344883 IE: -6.8733051648  FE:  -6.8733531940
0.74        -6606627.21853278  -6606627.21853278    -6606673.383638 IE: -6.8733045622  FE:  -6.8733525908
0.75        -6606626.71097635  -6606626.71097635  -6606672.88765195 IE: -6.8733040342  FE:  -6.8733520748
0.76        -6606626.32414751  -6606626.32414751  -6606672.48402795 IE: -6.8733036318  FE:  -6.8733516549
0.77        -6606626.00516501  -6606626.00516501  -6606672.17198628 IE: -6.8733032999  FE:  -6.8733513302
0.78        -6606625.78526395  -6606625.78526395  -6606671.94834289 IE: -6.8733030711  FE:  -6.8733510976
0.79        -6606625.68262311  -6606625.68262311  -6606671.81359682 IE: -6.8733029643  FE:  -6.8733509574
0.80        -6606625.58381541  -6606625.58381541  -6606671.74722263 IE: -6.8733028615  FE:  -6.8733508883
0.81        -6606625.59903877  -6606625.59903877   -6606671.7490173 IE: -6.8733028774  FE:  -6.8733508902
0.82        -6606625.64164352  -6606625.64164352    -6606671.785349 IE: -6.8733029217  FE:  -6.8733509280
0.83        -6606625.72639985  -6606625.72639985  -6606671.85095288 IE: -6.8733030099  FE:  -6.8733509963
0.84        -6606625.78715856  -6606625.78715856  -6606671.91717196 IE: -6.8733030731  FE:  -6.8733510651
0.85        -6606625.84618424  -6606625.84618424  -6606671.97633107 IE: -6.8733031345  FE:  -6.8733511267
0.86        -6606625.87059873  -6606625.87059873  -6606671.99870819 IE: -6.8733031599  FE:  -6.8733511500
0.87        -6606625.84268126  -6606625.84268126  -6606671.98153496 IE: -6.8733031309  FE:  -6.8733511321
0.88        -6606625.78901888  -6606625.78901888  -6606671.91711972 IE: -6.8733030750  FE:  -6.8733510651
0.89         -6606625.6650571   -6606625.6650571  -6606671.79810409 IE: -6.8733029461  FE:  -6.8733509413
0.90        -6606625.50382544  -6606625.50382544   -6606671.6314668 IE: -6.8733027783  FE:  -6.8733507679
0.91        -6606625.27869282  -6606625.27869282  -6606671.42279595 IE: -6.8733025441  FE:  -6.8733505508
0.92           -6606625.05029     -6606625.05029  -6606671.19203318 IE: -6.8733023065  FE:  -6.8733503107
0.93        -6606624.79342479  -6606624.79342479  -6606670.94798498 IE: -6.8733020392  FE:  -6.8733500568
0.94        -6606624.57858853  -6606624.57858853  -6606670.71366427 IE: -6.8733018157  FE:  -6.8733498131
0.95        -6606624.35666025  -6606624.35666025  -6606670.49885904 IE: -6.8733015849  FE:  -6.8733495896
0.96        -6606624.18355746  -6606624.18355746  -6606670.32139969 IE: -6.8733014048  FE:  -6.8733494050
0.97        -6606624.04925752  -6606624.04925752  -6606670.20056884 IE: -6.8733012650  FE:  -6.8733492793
0.98        -6606624.01763053  -6606624.01763053  -6606670.15299637 IE: -6.8733012321  FE:  -6.8733492298
0.99        -6606624.07733653  -6606624.07733653  -6606670.19994378 IE: -6.8733012943  FE:  -6.8733492786
1.00        -6606624.23508994  -6606624.23508994  -6606670.35983792 IE: -6.8733014584  FE:  -6.8733494450
1.01        -6606624.53318885  -6606624.53318885  -6606670.65130637 IE: -6.8733017685  FE:  -6.8733497482
1.02        -6606624.95965126  -6606624.95965126  -6606671.07371987 IE: -6.8733022122  FE:  -6.8733501877
1.03        -6606625.52936697  -6606625.52936697  -6606671.62775367 IE: -6.8733028049  FE:  -6.8733507640
1.04        -6606626.19859422  -6606626.19859422  -6606672.29893151 IE: -6.8733035011  FE:  -6.8733514623
1.05        -6606626.97830076  -6606626.97830076  -6606673.07052105 IE: -6.8733043123  FE:  -6.8733522651
1.06         -6606627.8307419   -6606627.8307419  -6606673.91219767 IE: -6.8733051992  FE:  -6.8733531407
1.07        -6606628.69895013  -6606628.69895013  -6606674.78946116 IE: -6.8733061024  FE:  -6.8733540534
1.08         -6606629.5871213   -6606629.5871213  -6606675.67458057 IE: -6.8733070264  FE:  -6.8733549742
1.09        -6606630.42713471  -6606630.42713471  -6606676.52592103 IE: -6.8733079004  FE:  -6.8733558599
1.10        -6606631.20838717  -6606631.20838717  -6606677.30055948 IE: -6.8733087131  FE:  -6.8733566658
1.11        -6606631.87378129  -6606631.87378129   -6606677.9672059 IE: -6.8733094054  FE:  -6.8733573594
1.12        -6606632.40275112  -6606632.40275112  -6606678.49333761 IE: -6.8733099557  FE:  -6.8733579068
1.13        -6606632.72648164  -6606632.72648164  -6606678.85609839 IE: -6.8733102925  FE:  -6.8733582842
1.14         -6606632.9115892   -6606632.9115892  -6606679.02801187 IE: -6.8733104851  FE:  -6.8733584630
1.15        -6606632.89907768  -6606632.89907768  -6606679.01153465 IE: -6.8733104721  FE:  -6.8733584459
1.16        -6606632.66509539  -6606632.66509539  -6606678.81311377 IE: -6.8733102287  FE:  -6.8733582394
1.17        -6606632.27076575  -6606632.27076575  -6606678.44036175 IE: -6.8733098184  FE:  -6.8733578516
1.18        -6606631.73541158  -6606631.73541158    -6606677.911985 IE: -6.8733092614  FE:  -6.8733573019
1.19        -6606631.08601665  -6606631.08601665  -6606677.26536404 IE: -6.8733085858  FE:  -6.8733566292
1.20        -6606630.27059806  -6606630.27059806  -6606676.51014282 IE: -6.8733077375  FE:  -6.8733558435
1.21        -6606629.50386203  -6606629.50386203  -6606675.70041579 IE: -6.8733069398  FE:  -6.8733550011
1.22        -6606628.65396274  -6606628.65396274  -6606674.86363648 IE: -6.8733060556  FE:  -6.8733541305
1.23        -6606627.84972256  -6606627.84972256   -6606674.0503524 IE: -6.8733052189  FE:  -6.8733532844
1.24         -6606627.0937071   -6606627.0937071  -6606673.29554927 IE: -6.8733044324  FE:  -6.8733524992
1.25        -6606626.44366453  -6606626.44366453  -6606672.63820248 IE: -6.8733037561  FE:  -6.8733518153
1.26        -6606625.88427109  -6606625.88427109  -6606672.10123652 IE: -6.8733031741  FE:  -6.8733512566
1.27        -6606625.49858604  -6606625.49858604  -6606671.70156767 IE: -6.8733027729  FE:  -6.8733508408
1.28        -6606625.26936673  -6606625.26936673  -6606671.44442915 IE: -6.8733025344  FE:  -6.8733505733
1.29        -6606625.15486822  -6606625.15486822  -6606671.31482468 IE: -6.8733024153  FE:  -6.8733504385
1.30        -6606625.13527832  -6606625.13527832  -6606671.31687966 IE: -6.8733023949  FE:  -6.8733504406
1.31        -6606625.27004351  -6606625.27004351     -6606671.42061 IE: -6.8733025351  FE:  -6.8733505485
1.32        -6606625.45656814  -6606625.45656814  -6606671.60521967 IE: -6.8733027292  FE:  -6.8733507406
1.33        -6606625.70983108  -6606625.70983108  -6606671.84493925 IE: -6.8733029926  FE:  -6.8733509900
1.34        -6606625.96652182  -6606625.96652182  -6606672.10853716 IE: -6.8733032597  FE:  -6.8733512642
1.35        -6606626.24748224  -6606626.24748224  -6606672.36498383 IE: -6.8733035520  FE:  -6.8733515310
1.36        -6606626.45128344  -6606626.45128344  -6606672.58201073 IE: -6.8733037640  FE:  -6.8733517568
1.37        -6606626.59705149  -6606626.59705149   -6606672.7272292 IE: -6.8733039157  FE:  -6.8733519079
1.38        -6606626.64079632  -6606626.64079632  -6606672.78482575 IE: -6.8733039612  FE:  -6.8733519678
1.39         -6606626.5736304   -6606626.5736304  -6606672.73080109 IE: -6.8733038913  FE:  -6.8733519116
1.40        -6606626.41656825  -6606626.41656825  -6606672.55311532 IE: -6.8733037279  FE:  -6.8733517268
1.41        -6606626.09893545  -6606626.09893545  -6606672.25473337 IE: -6.8733033975  FE:  -6.8733514163
1.42        -6606625.69763718  -6606625.69763718  -6606671.83983181 IE: -6.8733029800  FE:  -6.8733509847
1.43        -6606625.18227736  -6606625.18227736  -6606671.33903903 IE: -6.8733024438  FE:  -6.8733504637
1.44        -6606624.59675997  -6606624.59675997  -6606670.77506918 IE: -6.8733018346  FE:  -6.8733498769
1.45        -6606624.01949269  -6606624.01949269  -6606670.18329314 IE: -6.8733012341  FE:  -6.8733492613
1.46        -6606623.46851445  -6606623.46851445  -6606669.61212156 IE: -6.8733006609  FE:  -6.8733486671
1.47        -6606622.94249649  -6606622.94249649  -6606669.10475955 IE: -6.8733001136  FE:  -6.8733481392
1.48        -6606622.55903973  -6606622.55903973  -6606668.70921227 IE: -6.8732997147  FE:  -6.8733477277
1.49        -6606622.31831319  -6606622.31831319  -6606668.47300515 IE: -6.8732994642  FE:  -6.8733474820
1.50        -6606622.32359358  -6606622.32359358  -6606668.44416582 IE: -6.8732994697  FE:  -6.8733474520
1.51         -6606622.4885046   -6606622.4885046  -6606668.65686172 IE: -6.8732996413  FE:  -6.8733476732
1.52         -6606623.0434126   -6606623.0434126  -6606669.13479912 IE: -6.8733002186  FE:  -6.8733481705
1.53        -6606623.81250759  -6606623.81250759  -6606669.89506582 IE: -6.8733010187  FE:  -6.8733489614
1.54        -6606624.87675205  -6606624.87675205  -6606670.91964665 IE: -6.8733021259  FE:  -6.8733500274
1.55        -6606626.18035237  -6606626.18035237  -6606672.19934135 IE: -6.8733034822  FE:  -6.8733513587
1.56        -6606627.67312804  -6606627.67312804  -6606673.69103024 IE: -6.8733050352  FE:  -6.8733529106
1.57        -6606629.38033246  -6606629.38033246   -6606675.3429156 IE: -6.8733068113  FE:  -6.8733546292
1.58        -6606631.13081028  -6606631.13081028  -6606677.09402563 IE: -6.8733086324  FE:  -6.8733564510
1.59        -6606632.91644611  -6606632.91644611  -6606678.87702833 IE: -6.8733104902  FE:  -6.8733583059
1.60        -6606634.65024179  -6606634.65024179  -6606680.61812574 IE: -6.8733122939  FE:  -6.8733601173
1.61        -6606636.23911335  -6606636.23911335  -6606682.23361089 IE: -6.8733139469  FE:  -6.8733617980
1.62        -6606637.65483261  -6606637.65483261    -6606683.651335 IE: -6.8733154198  FE:  -6.8733632730
1.63        -6606638.76826168  -6606638.76826168  -6606684.78897544 IE: -6.8733165782  FE:  -6.8733644565
1.64        -6606639.50763904  -6606639.50763904  -6606685.58201741 IE: -6.8733173474  FE:  -6.8733652816
1.65          -6606639.864201    -6606639.864201  -6606685.96345188 IE: -6.8733177184  FE:  -6.8733656784
1.66        -6606639.75553669  -6606639.75553669  -6606685.90652896 IE: -6.8733176053  FE:  -6.8733656192
1.67        -6606639.18999165  -6606639.18999165  -6606685.38288134 IE: -6.8733170169  FE:  -6.8733650744
1.68         -6606638.1589228   -6606638.1589228  -6606684.39318033 IE: -6.8733159442  FE:  -6.8733640448
1.69        -6606636.69503332  -6606636.69503332  -6606682.95872252 IE: -6.8733144213  FE:  -6.8733625524
1.70        -6606634.82964422  -6606634.82964422  -6606681.12319907 IE: -6.8733124806  FE:  -6.8733606428
1.71        -6606632.57627211  -6606632.57627211   -6606678.9289439 IE: -6.8733101362  FE:  -6.8733583600
1.72        -6606630.03046514  -6606630.03046514  -6606676.45095179 IE: -6.8733074877  FE:  -6.8733557819
1.73        -6606627.35468806  -6606627.35468806  -6606673.78842046 IE: -6.8733047039  FE:  -6.8733530119
1.74        -6606624.57011394  -6606624.57011394  -6606671.04559926 IE: -6.8733018069  FE:  -6.8733501584
1.75        -6606621.94105885  -6606621.94105885  -6606668.34461933 IE: -6.8732990717  FE:  -6.8733473484
1.76        -6606619.35969398  -6606619.35969398  -6606665.79652894 IE: -6.8732963862  FE:  -6.8733446974
1.77        -6606617.07340994  -6606617.07340994  -6606663.50123636 IE: -6.8732940076  FE:  -6.8733423095
1.78         -6606615.1490626   -6606615.1490626  -6606661.56184438 IE: -6.8732920056  FE:  -6.8733402918
1.79        -6606613.69572721  -6606613.69572721  -6606660.06005247 IE: -6.8732904936  FE:  -6.8733387294
1.80        -6606612.73389569  -6606612.73389569  -6606659.05079586 IE: -6.8732894929  FE:  -6.8733376794
1.81        -6606612.31569259  -6606612.31569259  -6606658.56560328 IE: -6.8732890578  FE:  -6.8733371746
1.82        -6606612.44175061  -6606612.44175061  -6606658.62029529 IE: -6.8732891890  FE:  -6.8733372315
1.83        -6606613.07507104  -6606613.07507104  -6606659.21275777 IE: -6.8732898479  FE:  -6.8733378479
1.84        -6606614.27842775  -6606614.27842775  -6606660.32328355 IE: -6.8732910998  FE:  -6.8733390033
1.85        -6606615.93528221  -6606615.93528221  -6606661.91825254 IE: -6.8732928235  FE:  -6.8733406626
1.86        -6606618.04275112  -6606618.04275112  -6606663.94942186 IE: -6.8732950161  FE:  -6.8733427758
1.87        -6606620.48758897  -6606620.48758897  -6606666.35060397 IE: -6.8732975596  FE:  -6.8733452739
1.88        -6606623.21909345  -6606623.21909345  -6606669.03436316 IE: -6.8733004014  FE:  -6.8733480660
1.89        -6606626.06864096  -6606626.06864096  -6606671.89593931 IE: -6.8733033659  FE:  -6.8733510431
1.90        -6606629.00656814  -6606629.00656814  -6606674.81486079 IE: -6.8733064225  FE:  -6.8733540798
1.91        -6606631.88547445  -6606631.88547445  -6606677.67183096 IE: -6.8733094176  FE:  -6.8733570521
1.92        -6606634.53463425  -6606634.53463425  -6606680.34386539 IE: -6.8733121737  FE:  -6.8733598320
1.93         -6606636.8747778   -6606636.8747778  -6606682.71890409 IE: -6.8733146083  FE:  -6.8733623029
1.94        -6606638.87710245  -6606638.87710245  -6606684.73470085 IE: -6.8733166914  FE:  -6.8733644001
1.95        -6606640.40466143  -6606640.40466143  -6606686.31416535 IE: -6.8733182806  FE:  -6.8733660433
1.96        -6606641.43922518  -6606641.43922518   -6606687.4050188 IE: -6.8733193570  FE:  -6.8733671782
1.97        -6606641.98991895  -6606641.98991895  -6606687.97793674 IE: -6.8733199299  FE:  -6.8733677742
1.98        -6606641.96827785  -6606641.96827785  -6606688.02075552 IE: -6.8733199074  FE:  -6.8733678188
1.99        -6606641.42201733  -6606641.42201733  -6606687.52921659 IE: -6.8733193391  FE:  -6.8733673074
2.00        -6606640.35629298  -6606640.35629298  -6606686.53854561 IE: -6.8733182303  FE:  -6.8733662767
2.01        -6606638.82957203  -6606638.82957203   -6606685.0875699 IE: -6.8733166420  FE:  -6.8733647672
2.02        -6606636.94850848  -6606636.94850848  -6606683.25622555 IE: -6.8733146850  FE:  -6.8733628619
2.03         -6606634.7940518   -6606634.7940518  -6606681.13405146 IE: -6.8733124435  FE:  -6.8733606541
2.04        -6606632.43122931  -6606632.43122931  -6606678.82894823 IE: -6.8733099854  FE:  -6.8733582559
2.05        -6606630.03651446  -6606630.03651446  -6606676.44707104 IE: -6.8733074940  FE:  -6.8733557779
2.06        -6606627.62765193  -6606627.62765193  -6606674.08516917 IE: -6.8733049879  FE:  -6.8733533207
2.07         -6606625.4193981   -6606625.4193981  -6606671.85331308 IE: -6.8733026905  FE:  -6.8733509987
2.08        -6606623.41816863  -6606623.41816863  -6606669.83045625 IE: -6.8733006085  FE:  -6.8733488942
2.09           -6606621.63871     -6606621.63871  -6606668.08279956 IE: -6.8732987572  FE:  -6.8733470760
2.10         -6606620.2378062   -6606620.2378062  -6606666.66390028 IE: -6.8732972997  FE:  -6.8733455998
2.11        -6606619.19057904  -6606619.19057904  -6606665.60947026 IE: -6.8732962102  FE:  -6.8733445028
2.12        -6606618.65181225  -6606618.65181225  -6606664.94193679 IE: -6.8732956497  FE:  -6.8733438084
2.13        -6606618.36145678  -6606618.36145678  -6606664.66297081 IE: -6.8732953477  FE:  -6.8733435181
2.14        -6606618.55851296  -6606618.55851296  -6606664.77009013 IE: -6.8732955527  FE:  -6.8733436296
2.15        -6606619.03476561  -6606619.03476561  -6606665.23077669 IE: -6.8732960481  FE:  -6.8733441089
2.16         -6606619.8591584   -6606619.8591584  -6606666.00752317 IE: -6.8732969058  FE:  -6.8733449170
2.17        -6606620.94277596  -6606620.94277596  -6606667.04655281 IE: -6.8732980332  FE:  -6.8733459979
2.18        -6606622.22428141  -6606622.22428141   -6606668.2855799 IE: -6.8732993664  FE:  -6.8733472870
2.19        -6606623.61887235  -6606623.61887235  -6606669.65109641 IE: -6.8733008173  FE:  -6.8733487076
2.20        -6606625.06773177  -6606625.06773177  -6606671.08109465 IE: -6.8733023246  FE:  -6.8733501953
2.21         -6606626.4992022   -6606626.4992022  -6606672.51129438 IE: -6.8733038139  FE:  -6.8733516833
2.22        -6606627.89142019  -6606627.89142019  -6606673.87172617 IE: -6.8733052623  FE:  -6.8733530986
2.23        -6606629.11305298  -6606629.11305298  -6606675.11334943 IE: -6.8733065332  FE:  -6.8733543903
2.24         -6606630.1913577   -6606630.1913577  -6606676.18954637 IE: -6.8733076551  FE:  -6.8733555100
2.25        -6606631.06335568  -6606631.06335568  -6606677.06324679 IE: -6.8733085623  FE:  -6.8733564189
2.26        -6606631.67464131  -6606631.67464131  -6606677.71734778 IE: -6.8733091982  FE:  -6.8733570994
2.27        -6606632.07336206  -6606632.07336206   -6606678.1243286 IE: -6.8733096130  FE:  -6.8733575229
2.28        -6606632.22503789  -6606632.22503789  -6606678.30941985 IE: -6.8733097708  FE:  -6.8733577154
2.29        -6606632.18254884  -6606632.18254884  -6606678.26843607 IE: -6.8733097266  FE:  -6.8733576728
2.30        -6606631.93642003  -6606631.93642003  -6606678.04859431 IE: -6.8733094706  FE:  -6.8733574441
2.31        -6606631.52888706  -6606631.52888706  -6606677.67295747 IE: -6.8733090466  FE:  -6.8733570533
2.32        -6606631.01335975  -6606631.01335975  -6606677.18157116 IE: -6.8733085102  FE:  -6.8733565420
2.33        -6606630.45064491  -6606630.45064491  -6606676.61954926 IE: -6.8733079248  FE:  -6.8733559573
2.34        -6606629.84718307  -6606629.84718307  -6606676.03025229 IE: -6.8733072970  FE:  -6.8733553443
2.35        -6606629.26847907  -6606629.26847907  -6606675.45059803 IE: -6.8733066949  FE:  -6.8733547412
2.36        -6606628.73704182  -6606628.73704182  -6606674.90942669 IE: -6.8733061420  FE:  -6.8733541782
2.37        -6606628.26725914  -6606628.26725914  -6606674.43907792 IE: -6.8733056533  FE:  -6.8733536889
2.38        -6606627.88093428  -6606627.88093428   -6606674.0562966 IE: -6.8733052514  FE:  -6.8733532906
2.39        -6606627.62611158  -6606627.62611158  -6606673.78758926 IE: -6.8733049863  FE:  -6.8733530111
2.40        -6606627.46294547  -6606627.46294547  -6606673.63688116 IE: -6.8733048165  FE:  -6.8733528543
2.41        -6606627.43821095  -6606627.43821095  -6606673.59678658 IE: -6.8733047908  FE:  -6.8733528126
2.42        -6606627.52325151  -6606627.52325151  -6606673.66235303 IE: -6.8733048793  FE:  -6.8733528808
2.43        -6606627.68738982  -6606627.68738982  -6606673.82654532 IE: -6.8733050500  FE:  -6.8733530516
2.44        -6606627.90977901  -6606627.90977901   -6606674.0458846 IE: -6.8733052814  FE:  -6.8733532798
2.45        -6606628.18322244  -6606628.18322244  -6606674.31314582 IE: -6.8733055659  FE:  -6.8733535578
2.46        -6606628.46706813  -6606628.46706813   -6606674.6024677 IE: -6.8733058612  FE:  -6.8733538588
2.47        -6606628.76885727  -6606628.76885727  -6606674.87554544 IE: -6.8733061751  FE:  -6.8733541429
2.48        -6606628.98921281  -6606628.98921281   -6606675.1179354 IE: -6.8733064044  FE:  -6.8733543951
2.49        -6606629.16656332  -6606629.16656332   -6606675.3068665 IE: -6.8733065889  FE:  -6.8733545917
2.50        -6606629.25600697  -6606629.25600697  -6606675.41235823 IE: -6.8733066820  FE:  -6.8733547014
2.51        -6606629.27927742  -6606629.27927742  -6606675.43226751 IE: -6.8733067062  FE:  -6.8733547221
2.52        -6606629.17595983  -6606629.17595983  -6606675.35456732 IE: -6.8733065987  FE:  -6.8733546413
2.53        -6606628.98480425  -6606628.98480425   -6606675.1790679 IE: -6.8733063998  FE:  -6.8733544587
2.54        -6606628.72683293  -6606628.72683293  -6606674.92392873 IE: -6.8733061314  FE:  -6.8733541933
2.55        -6606628.41134349  -6606628.41134349  -6606674.60477758 IE: -6.8733058032  FE:  -6.8733538612
2.56         -6606628.0312448   -6606628.0312448  -6606674.23540432 IE: -6.8733054078  FE:  -6.8733534770
2.57        -6606627.64090804  -6606627.64090804  -6606673.83494765 IE: -6.8733050017  FE:  -6.8733530603
2.58        -6606627.22201295  -6606627.22201295  -6606673.43242069 IE: -6.8733045659  FE:  -6.8733526416
2.59        -6606626.85657212  -6606626.85657212  -6606673.05743249 IE: -6.8733041857  FE:  -6.8733522514
2.60        -6606626.50793393  -6606626.50793393  -6606672.71844599 IE: -6.8733038230  FE:  -6.8733518988
2.61        -6606626.23747176  -6606626.23747176  -6606672.44028101 IE: -6.8733035416  FE:  -6.8733516094
2.62        -6606626.03744225  -6606626.03744225  -6606672.23452298 IE: -6.8733033335  FE:  -6.8733513953
2.63        -6606625.95230938  -6606625.95230938  -6606672.12483599 IE: -6.8733032449  FE:  -6.8733512812
2.64        -6606625.94432773  -6606625.94432773  -6606672.10499796 IE: -6.8733032366  FE:  -6.8733512606
2.65        -6606626.04989701  -6606626.04989701  -6606672.18648965 IE: -6.8733033464  FE:  -6.8733513453
2.66        -6606626.23326162  -6606626.23326162  -6606672.36607077 IE: -6.8733035372  FE:  -6.8733515322
2.67        -6606626.51812051  -6606626.51812051  -6606672.64220377 IE: -6.8733038336  FE:  -6.8733518194
2.68        -6606626.88557361  -6606626.88557361  -6606672.99743281 IE: -6.8733042158  FE:  -6.8733521890
2.69        -6606627.30366677  -6606627.30366677  -6606673.41726135 IE: -6.8733046508  FE:  -6.8733526258
2.70        -6606627.77830171  -6606627.77830171  -6606673.87099297 IE: -6.8733051446  FE:  -6.8733530978
2.71        -6606628.28532957  -6606628.28532957   -6606674.3525719 IE: -6.8733056721  FE:  -6.8733535989
2.72        -6606628.76183187  -6606628.76183187  -6606674.82938053 IE: -6.8733061678  FE:  -6.8733540949
2.73        -6606629.22075608  -6606629.22075608  -6606675.28929253 IE: -6.8733066453  FE:  -6.8733545734
2.74        -6606629.60969843  -6606629.60969843  -6606675.69892623 IE: -6.8733070499  FE:  -6.8733549996
2.75        -6606629.95973105  -6606629.95973105  -6606676.04644731 IE: -6.8733074141  FE:  -6.8733553611
2.76        -6606630.22154857  -6606630.22154857  -6606676.32149933 IE: -6.8733076865  FE:  -6.8733556473
2.77        -6606630.41892343  -6606630.41892343  -6606676.50987083 IE: -6.8733078918  FE:  -6.8733558432
2.78        -6606630.49173825  -6606630.49173825  -6606676.60680037 IE: -6.8733079676  FE:  -6.8733559441
2.79        -6606630.48289259  -6606630.48289259  -6606676.61236278 IE: -6.8733079584  FE:  -6.8733559499
2.80        -6606630.38523909  -6606630.38523909   -6606676.5311779 IE: -6.8733078568  FE:  -6.8733558654
2.81        -6606630.22042066  -6606630.22042066    -6606676.373501 IE: -6.8733076853  FE:  -6.8733557014
2.82        -6606629.99955165  -6606629.99955165  -6606676.15346194 IE: -6.8733074555  FE:  -6.8733554724
2.83        -6606629.70534348  -6606629.70534348  -6606675.89850496 IE: -6.8733071494  FE:  -6.8733552072
2.84         -6606629.4289233   -6606629.4289233  -6606675.60247081 IE: -6.8733068619  FE:  -6.8733548992
2.85        -6606629.10512343  -6606629.10512343   -6606675.2971434 IE: -6.8733065250  FE:  -6.8733545816
2.86        -6606628.78588159  -6606628.78588159  -6606675.00183499 IE: -6.8733061929  FE:  -6.8733542743
2.87        -6606628.55399746  -6606628.55399746  -6606674.72722222 IE: -6.8733059516  FE:  -6.8733539886
2.88        -6606628.28103821  -6606628.28103821  -6606674.48004617 IE: -6.8733056676  FE:  -6.8733537315
2.89        -6606628.09436862  -6606628.09436862  -6606674.28624913 IE: -6.8733054734  FE:  -6.8733535299
2.90        -6606627.97699556  -6606627.97699556   -6606674.1434021 IE: -6.8733053513  FE:  -6.8733533812
2.91        -6606627.90007311  -6606627.90007311  -6606674.05521587 IE: -6.8733052713  FE:  -6.8733532895
2.92        -6606627.85981063  -6606627.85981063  -6606674.01951622 IE: -6.8733052294  FE:  -6.8733532524
2.93        -6606627.88911444  -6606627.88911444  -6606674.04167713 IE: -6.8733052599  FE:  -6.8733532754
2.94        -6606627.95693268  -6606627.95693268  -6606674.10567913 IE: -6.8733053304  FE:  -6.8733533420
2.95        -6606628.05904423  -6606628.05904423  -6606674.20922783 IE: -6.8733054367  FE:  -6.8733534497
2.96        -6606628.19264917  -6606628.19264917  -6606674.33991417 IE: -6.8733055757  FE:  -6.8733535857
2.97        -6606628.32974359  -6606628.32974359  -6606674.48402282 IE: -6.8733057183  FE:  -6.8733537356
2.98        -6606628.47066587  -6606628.47066587  -6606674.62914037 IE: -6.8733058649  FE:  -6.8733538866
2.99        -6606628.60140882  -6606628.60140882   -6606674.7471058 IE: -6.8733060009  FE:  -6.8733540093
3.00        -6606628.71298045  -6606628.71298045  -6606674.85184892 IE: -6.8733061170  FE:  -6.8733541183
3.01        -6606628.76665862  -6606628.76665862  -6606674.92411762 IE: -6.8733061729  FE:  -6.8733541935
3.02          -6606628.785121    -6606628.785121  -6606674.95523262 IE: -6.8733061921  FE:  -6.8733542258
3.03        -6606628.77885115  -6606628.77885115  -6606674.94721918 IE: -6.8733061855  FE:  -6.8733542175
3.04        -6606628.73465989  -6606628.73465989   -6606674.8938495 IE: -6.8733061396  FE:  -6.8733541620
3.05        -6606628.64282239  -6606628.64282239  -6606674.80332115 IE: -6.8733060440  FE:  -6.8733540678
3.06        -6606628.52192795  -6606628.52192795  -6606674.68641289 IE: -6.8733059183  FE:  -6.8733539462
3.07        -6606628.38687837  -6606628.38687837  -6606674.55011543 IE: -6.8733057777  FE:  -6.8733538044
3.08        -6606628.22521898  -6606628.22521898  -6606674.40416286 IE: -6.8733056096  FE:  -6.8733536525
3.09        -6606628.07868924  -6606628.07868924  -6606674.25791082 IE: -6.8733054571  FE:  -6.8733535004
3.10        -6606627.95211106  -6606627.95211106   -6606674.1238267 IE: -6.8733053254  FE:  -6.8733533609
3.11        -6606627.81986848  -6606627.81986848  -6606674.01288346 IE: -6.8733051879  FE:  -6.8733532455
3.12        -6606627.75369141  -6606627.75369141  -6606673.92762127 IE: -6.8733051190  FE:  -6.8733531568
3.13        -6606627.71174394  -6606627.71174394  -6606673.87925426 IE: -6.8733050754  FE:  -6.8733531064
3.14        -6606627.72116341  -6606627.72116341  -6606673.88365005 IE: -6.8733050852  FE:  -6.8733531110
3.15        -6606627.77366496  -6606627.77366496  -6606673.92464162 IE: -6.8733051398  FE:  -6.8733531537
3.16         -6606627.8779915   -6606627.8779915  -6606674.02128899 IE: -6.8733052483  FE:  -6.8733532542
3.17        -6606628.04669057  -6606628.04669057  -6606674.16138225 IE: -6.8733054238  FE:  -6.8733533999
3.18        -6606628.22491143  -6606628.22491143  -6606674.35278532 IE: -6.8733056092  FE:  -6.8733535991
3.19        -6606628.44888593  -6606628.44888593   -6606674.5722786 IE: -6.8733058423  FE:  -6.8733538274
3.20        -6606628.71361296  -6606628.71361296  -6606674.81716771 IE: -6.8733061177  FE:  -6.8733540822
3.21         -6606628.9916526   -6606628.9916526  -6606675.08728752 IE: -6.8733064069  FE:  -6.8733543632
3.22        -6606629.23881096  -6606629.23881096  -6606675.35419322 IE: -6.8733066641  FE:  -6.8733546409
3.23        -6606629.50358593  -6606629.50358593  -6606675.61331677 IE: -6.8733069395  FE:  -6.8733549105
3.24        -6606629.72535237  -6606629.72535237  -6606675.84663622 IE: -6.8733071703  FE:  -6.8733551532
3.25         -6606629.9333487   -6606629.9333487  -6606676.05708512 IE: -6.8733073866  FE:  -6.8733553722
3.26        -6606630.11564797  -6606630.11564797  -6606676.21597021 IE: -6.8733075763  FE:  -6.8733555375
3.27        -6606630.20207314  -6606630.20207314  -6606676.33393309 IE: -6.8733076662  FE:  -6.8733556602
3.28        -6606630.25322048  -6606630.25322048   -6606676.3942613 IE: -6.8733077194  FE:  -6.8733557230
3.29        -6606630.24526876  -6606630.24526876  -6606676.40001004 IE: -6.8733077112  FE:  -6.8733557289
3.30        -6606630.17981705  -6606630.17981705  -6606676.35367624 IE: -6.8733076431  FE:  -6.8733556807
3.31        -6606630.08688813  -6606630.08688813  -6606676.25342619 IE: -6.8733075464  FE:  -6.8733555764
3.32        -6606629.95954649  -6606629.95954649  -6606676.11744635 IE: -6.8733074139  FE:  -6.8733554350
3.33        -6606629.74530187  -6606629.74530187  -6606675.94911124 IE: -6.8733071910  FE:  -6.8733552598
3.34        -6606629.57610805  -6606629.57610805  -6606675.75983639 IE: -6.8733070150  FE:  -6.8733550629
3.35        -6606629.36031036  -6606629.36031036  -6606675.55311771 IE: -6.8733067905  FE:  -6.8733548479
3.36        -6606629.14253402  -6606629.14253402  -6606675.35657616 IE: -6.8733065639  FE:  -6.8733546434
3.37        -6606628.93682092  -6606628.93682092  -6606675.15815286 IE: -6.8733063499  FE:  -6.8733544370
3.38        -6606628.78977936  -6606628.78977936  -6606674.97865764 IE: -6.8733061969  FE:  -6.8733542502
3.39        -6606628.64038444  -6606628.64038444  -6606674.82702025 IE: -6.8733060415  FE:  -6.8733540925
3.40        -6606628.51885722  -6606628.51885722  -6606674.70637064 IE: -6.8733059151  FE:  -6.8733539669
3.41        -6606628.45386911  -6606628.45386911  -6606674.61933901 IE: -6.8733058474  FE:  -6.8733538764
3.42        -6606628.39984709  -6606628.39984709  -6606674.57274723 IE: -6.8733057912  FE:  -6.8733538279
3.43        -6606628.39941376  -6606628.39941376  -6606674.56834469 IE: -6.8733057908  FE:  -6.8733538233
3.44        -6606628.42650691  -6606628.42650691   -6606674.5948337 IE: -6.8733058190  FE:  -6.8733538509
3.45        -6606628.47981327  -6606628.47981327  -6606674.64478792 IE: -6.8733058744  FE:  -6.8733539029
3.46        -6606628.57611456  -6606628.57611456   -6606674.7302014 IE: -6.8733059746  FE:  -6.8733539917
3.47        -6606628.66837196  -6606628.66837196  -6606674.82244863 IE: -6.8733060706  FE:  -6.8733540877
3.48        -6606628.79305763  -6606628.79305763  -6606674.92966733 IE: -6.8733062003  FE:  -6.8733541992
3.49        -6606628.88262247  -6606628.88262247  -6606675.03470339 IE: -6.8733062935  FE:  -6.8733543085
3.50        -6606628.98358707  -6606628.98358707  -6606675.13569113 IE: -6.8733063985  FE:  -6.8733544136
3.51        -6606629.05369996  -6606629.05369996  -6606675.22719114 IE: -6.8733064715  FE:  -6.8733545088
3.52         -6606629.1291621   -6606629.1291621  -6606675.28754371 IE: -6.8733065500  FE:  -6.8733545716
3.53        -6606629.16603325  -6606629.16603325  -6606675.33912469 IE: -6.8733065884  FE:  -6.8733546252
3.54         -6606629.1838497   -6606629.1838497  -6606675.35972433 IE: -6.8733066069  FE:  -6.8733546467
3.55        -6606629.19488167  -6606629.19488167  -6606675.35194331 IE: -6.8733066184  FE:  -6.8733546386
3.56        -6606629.16725501  -6606629.16725501  -6606675.32513347 IE: -6.8733065896  FE:  -6.8733546107
3.57        -6606629.12442254  -6606629.12442254  -6606675.28898352 IE: -6.8733065451  FE:  -6.8733545731
3.58        -6606629.06231393  -6606629.06231393   -6606675.2269379 IE: -6.8733064804  FE:  -6.8733545085
3.59        -6606628.99718451  -6606628.99718451  -6606675.16375258 IE: -6.8733064127  FE:  -6.8733544428
3.60        -6606628.93371874  -6606628.93371874  -6606675.09820244 IE: -6.8733063467  FE:  -6.8733543746
3.61        -6606628.87650628  -6606628.87650628  -6606675.03879825 IE: -6.8733062871  FE:  -6.8733543128
3.62        -6606628.81865609  -6606628.81865609  -6606674.99254465 IE: -6.8733062270  FE:  -6.8733542647
3.63         -6606628.8153238   -6606628.8153238  -6606674.96462128 IE: -6.8733062235  FE:  -6.8733542356
3.64        -6606628.80224918  -6606628.80224918  -6606674.95348918 IE: -6.8733062099  FE:  -6.8733542240
3.65        -6606628.80620323  -6606628.80620323  -6606674.97081019 IE: -6.8733062140  FE:  -6.8733542420
3.66        -6606628.89205501  -6606628.89205501  -6606675.02049119 IE: -6.8733063033  FE:  -6.8733542937
3.67        -6606628.96710104  -6606628.96710104  -6606675.10269315 IE: -6.8733063814  FE:  -6.8733543793
3.68        -6606629.06876811  -6606629.06876811  -6606675.20013908 IE: -6.8733064872  FE:  -6.8733544806
3.69        -6606629.18301143  -6606629.18301143   -6606675.3370302 IE: -6.8733066060  FE:  -6.8733546230
3.70        -6606629.36151521  -6606629.36151521  -6606675.47957929 IE: -6.8733067917  FE:  -6.8733547714
3.71        -6606629.51002686  -6606629.51002686  -6606675.64021832 IE: -6.8733069462  FE:  -6.8733549385
3.72        -6606629.67524536  -6606629.67524536  -6606675.80953616 IE: -6.8733071181  FE:  -6.8733551146
3.73        -6606629.83372259  -6606629.83372259  -6606675.96780624 IE: -6.8733072830  FE:  -6.8733552793
3.74         -6606629.9993913   -6606629.9993913  -6606676.11480762 IE: -6.8733074554  FE:  -6.8733554322
3.75        -6606630.10297045  -6606630.10297045  -6606676.25051854 IE: -6.8733075631  FE:  -6.8733555734
3.76        -6606630.21504916  -6606630.21504916  -6606676.35887977 IE: -6.8733076797  FE:  -6.8733556861
3.77        -6606630.28276145  -6606630.28276145  -6606676.43602416 IE: -6.8733077502  FE:  -6.8733557664
3.78        -6606630.32988747  -6606630.32988747  -6606676.47329927 IE: -6.8733077992  FE:  -6.8733558052
3.79        -6606630.35235691  -6606630.35235691  -6606676.47827566 IE: -6.8733078226  FE:  -6.8733558104
3.80        -6606630.28449886  -6606630.28449886  -6606676.45480686 IE: -6.8733077520  FE:  -6.8733557859
3.81        -6606630.21608684  -6606630.21608684  -6606676.39452532 IE: -6.8733076808  FE:  -6.8733557232
3.82        -6606630.10624644  -6606630.10624644  -6606676.30135639 IE: -6.8733075665  FE:  -6.8733556263
3.83        -6606629.99142432  -6606629.99142432  -6606676.19849741 IE: -6.8733074471  FE:  -6.8733555193
3.84        -6606629.87100247  -6606629.87100247  -6606676.06288204 IE: -6.8733073218  FE:  -6.8733553782
3.85        -6606629.72149127  -6606629.72149127   -6606675.9299147 IE: -6.8733071662  FE:  -6.8733552399
3.86        -6606629.59155242  -6606629.59155242   -6606675.7931434 IE: -6.8733070311  FE:  -6.8733550976
3.87        -6606629.43876488  -6606629.43876488  -6606675.65324902 IE: -6.8733068721  FE:  -6.8733549520
3.88        -6606629.33619992  -6606629.33619992  -6606675.53198072 IE: -6.8733067654  FE:  -6.8733548259
3.89        -6606629.23981823  -6606629.23981823  -6606675.42036487 IE: -6.8733066651  FE:  -6.8733547097
3.90        -6606629.15221178  -6606629.15221178  -6606675.33558225 IE: -6.8733065740  FE:  -6.8733546215
3.91        -6606629.07904458  -6606629.07904458  -6606675.27770711 IE: -6.8733064979  FE:  -6.8733545613
3.92        -6606629.05011694  -6606629.05011694  -6606675.24578617 IE: -6.8733064678  FE:  -6.8733545281
3.93        -6606629.06364411  -6606629.06364411   -6606675.2392277 IE: -6.8733064818  FE:  -6.8733545213
3.94        -6606629.09190671  -6606629.09190671   -6606675.2558671 IE: -6.8733065112  FE:  -6.8733545386
3.95        -6606629.15314055  -6606629.15314055  -6606675.30931371 IE: -6.8733065749  FE:  -6.8733545942
3.96        -6606629.21893734  -6606629.21893734  -6606675.38611477 IE: -6.8733066434  FE:  -6.8733546741
3.97        -6606629.27831094  -6606629.27831094    -6606675.471451 IE: -6.8733067052  FE:  -6.8733547629
3.98        -6606629.41074737  -6606629.41074737  -6606675.55990792 IE: -6.8733068429  FE:  -6.8733548549
3.99        -6606629.50584564  -6606629.50584564  -6606675.66521527 IE: -6.8733069419  FE:  -6.8733549645
4.00        -6606629.59608631  -6606629.59608631   -6606675.7683427 IE: -6.8733070358  FE:  -6.8733550718
4.01        -6606629.69828062  -6606629.69828062   -6606675.8565177 IE: -6.8733071421  FE:  -6.8733551635
4.02         -6606629.7784781   -6606629.7784781  -6606675.94590486 IE: -6.8733072255  FE:  -6.8733552565
4.03        -6606629.85649186  -6606629.85649186  -6606676.01560274 IE: -6.8733073067  FE:  -6.8733553290
4.04        -6606629.93188759  -6606629.93188759  -6606676.06440175 IE: -6.8733073851  FE:  -6.8733553798
4.05        -6606629.95340837  -6606629.95340837  -6606676.09490866 IE: -6.8733074075  FE:  -6.8733554115
4.06         -6606629.9407824   -6606629.9407824  -6606676.10924028 IE: -6.8733073944  FE:  -6.8733554264
4.07        -6606629.93338591  -6606629.93338591  -6606676.10044489 IE: -6.8733073867  FE:  -6.8733554173
4.08        -6606629.89920919  -6606629.89920919  -6606676.07576847 IE: -6.8733073511  FE:  -6.8733553916
4.09         -6606629.8709003   -6606629.8709003  -6606676.03306006 IE: -6.8733073217  FE:  -6.8733553472
4.10        -6606629.83068503  -6606629.83068503  -6606675.99562848 IE: -6.8733072798  FE:  -6.8733553082
4.11        -6606629.79247428  -6606629.79247428    -6606675.955446 IE: -6.8733072401  FE:  -6.8733552664
4.12        -6606629.76026273  -6606629.76026273   -6606675.9141338 IE: -6.8733072066  FE:  -6.8733552234
4.13        -6606629.71913672  -6606629.71913672   -6606675.8826053 IE: -6.8733071638  FE:  -6.8733551906
4.14        -6606629.71238667  -6606629.71238667  -6606675.85357007 IE: -6.8733071568  FE:  -6.8733551604
4.15        -6606629.68288911  -6606629.68288911  -6606675.84642685 IE: -6.8733071261  FE:  -6.8733551530
4.16        -6606629.70568893  -6606629.70568893  -6606675.84961517 IE: -6.8733071498  FE:  -6.8733551563
4.17        -6606629.72560237  -6606629.72560237  -6606675.87602439 IE: -6.8733071705  FE:  -6.8733551838
4.18        -6606629.79224697  -6606629.79224697  -6606675.92451599 IE: -6.8733072398  FE:  -6.8733552342
4.19        -6606629.83599782  -6606629.83599782  -6606675.99040405 IE: -6.8733072854  FE:  -6.8733553028
4.20        -6606629.93238732  -6606629.93238732  -6606676.07152783 IE: -6.8733073856  FE:  -6.8733553872
4.21        -6606630.01033972  -6606630.01033972  -6606676.17239993 IE: -6.8733074667  FE:  -6.8733554921
4.22        -6606630.09222727  -6606630.09222727  -6606676.26901302 IE: -6.8733075519  FE:  -6.8733555927
4.23        -6606630.22013286  -6606630.22013286   -6606676.3676639 IE: -6.8733076850  FE:  -6.8733556953
4.24        -6606630.31449549  -6606630.31449549  -6606676.44995295 IE: -6.8733077832  FE:  -6.8733557809
4.25        -6606630.37673564  -6606630.37673564  -6606676.53186844 IE: -6.8733078479  FE:  -6.8733558661
4.26        -6606630.45539799  -6606630.45539799  -6606676.60023529 IE: -6.8733079298  FE:  -6.8733559372
4.27        -6606630.51485126  -6606630.51485126  -6606676.66302087 IE: -6.8733079916  FE:  -6.8733560026
4.28        -6606630.52213455  -6606630.52213455  -6606676.70218628 IE: -6.8733079992  FE:  -6.8733560433
4.29        -6606630.54190278  -6606630.54190278  -6606676.71962743 IE: -6.8733080198  FE:  -6.8733560615
4.30        -6606630.53306455  -6606630.53306455  -6606676.71363205 IE: -6.8733080106  FE:  -6.8733560552
4.31          -6606630.483874    -6606630.483874  -6606676.67187163 IE: -6.8733079594  FE:  -6.8733560118
4.32        -6606630.41130237  -6606630.41130237  -6606676.62075751 IE: -6.8733078839  FE:  -6.8733559586
4.33        -6606630.35014346  -6606630.35014346  -6606676.54187216 IE: -6.8733078203  FE:  -6.8733558765
4.34        -6606630.26581258  -6606630.26581258  -6606676.47323967 IE: -6.8733077325  FE:  -6.8733558051
4.35        -6606630.20465257  -6606630.20465257  -6606676.38648962 IE: -6.8733076689  FE:  -6.8733557149
4.36         -6606630.0923159   -6606630.0923159  -6606676.31394973 IE: -6.8733075520  FE:  -6.8733556394
4.37        -6606630.02842792  -6606630.02842792  -6606676.22959748 IE: -6.8733074856  FE:  -6.8733555516
4.38        -6606629.94231148  -6606629.94231148  -6606676.15434755 IE: -6.8733073960  FE:  -6.8733554734
4.39        -6606629.88448877  -6606629.88448877  -6606676.09046304 IE: -6.8733073358  FE:  -6.8733554069
4.40        -6606629.84187774  -6606629.84187774  -6606676.03669939 IE: -6.8733072915  FE:  -6.8733553510
4.41        -6606629.81212243  -6606629.81212243  -6606676.01070485 IE: -6.8733072605  FE:  -6.8733553239
4.42        -6606629.80323752  -6606629.80323752  -6606675.99722829 IE: -6.8733072513  FE:  -6.8733553099
4.43        -6606629.83558768  -6606629.83558768  -6606676.01531071 IE: -6.8733072849  FE:  -6.8733553287
4.44        -6606629.88260553  -6606629.88260553  -6606676.05405637 IE: -6.8733073339  FE:  -6.8733553690
4.45        -6606629.93459425  -6606629.93459425  -6606676.11410235 IE: -6.8733073879  FE:  -6.8733554315
4.46        -6606630.01681335  -6606630.01681335  -6606676.18574371 IE: -6.8733074735  FE:  -6.8733555060
4.47        -6606630.11267615  -6606630.11267615  -6606676.27395253 IE: -6.8733075732  FE:  -6.8733555978
4.48        -6606630.21306223  -6606630.21306223  -6606676.35764989 IE: -6.8733076776  FE:  -6.8733556849
4.49        -6606630.31833489  -6606630.31833489  -6606676.46026474 IE: -6.8733077872  FE:  -6.8733557916
4.50        -6606630.40656263  -6606630.40656263  -6606676.56593846 IE: -6.8733078790  FE:  -6.8733559016
4.51        -6606630.50540621  -6606630.50540621  -6606676.66326815 IE: -6.8733079818  FE:  -6.8733560028
4.52        -6606630.58771046  -6606630.58771046  -6606676.74994828 IE: -6.8733080674  FE:  -6.8733560930
4.53        -6606630.64191928  -6606630.64191928  -6606676.82531638 IE: -6.8733081238  FE:  -6.8733561714
4.54        -6606630.73764956  -6606630.73764956  -6606676.88923103 IE: -6.8733082234  FE:  -6.8733562379
4.55        -6606630.76646559  -6606630.76646559  -6606676.93050633 IE: -6.8733082534  FE:  -6.8733562808
4.56        -6606630.78701032  -6606630.78701032  -6606676.95566712 IE: -6.8733082748  FE:  -6.8733563070
4.57         -6606630.7845114   -6606630.7845114  -6606676.95260075 IE: -6.8733082722  FE:  -6.8733563038
4.58        -6606630.77747181  -6606630.77747181  -6606676.94769049 IE: -6.8733082648  FE:  -6.8733562987
4.59        -6606630.74299661  -6606630.74299661  -6606676.92042043 IE: -6.8733082290  FE:  -6.8733562704
4.60         -6606630.7004373   -6606630.7004373  -6606676.87422533 IE: -6.8733081847  FE:  -6.8733562223
4.61        -6606630.66187933  -6606630.66187933  -6606676.83710221 IE: -6.8733081446  FE:  -6.8733561837
4.62        -6606630.60709652  -6606630.60709652   -6606676.7853744 IE: -6.8733080876  FE:  -6.8733561299
4.63        -6606630.54790575  -6606630.54790575  -6606676.74566774 IE: -6.8733080260  FE:  -6.8733560885
4.64        -6606630.52612452  -6606630.52612452  -6606676.69530154 IE: -6.8733080033  FE:  -6.8733560361
4.65         -6606630.4774176   -6606630.4774176  -6606676.66681733 IE: -6.8733079527  FE:  -6.8733560065
4.66        -6606630.47480896  -6606630.47480896  -6606676.65077883 IE: -6.8733079500  FE:  -6.8733559898
4.67        -6606630.45896568  -6606630.45896568  -6606676.63742955 IE: -6.8733079335  FE:  -6.8733559759
4.68        -6606630.47880511  -6606630.47880511  -6606676.64121425 IE: -6.8733079541  FE:  -6.8733559799
4.69        -6606630.46355494  -6606630.46355494  -6606676.66009715 IE: -6.8733079383  FE:  -6.8733559995
4.70        -6606630.53238523  -6606630.53238523  -6606676.69101853 IE: -6.8733080099  FE:  -6.8733560317
4.71        -6606630.56813256  -6606630.56813256  -6606676.73530251 IE: -6.8733080471  FE:  -6.8733560778
4.72        -6606630.64133959  -6606630.64133959  -6606676.78119746 IE: -6.8733081232  FE:  -6.8733561255
4.73        -6606630.67769558  -6606630.67769558   -6606676.8389531 IE: -6.8733081610  FE:  -6.8733561856
4.74        -6606630.73106101  -6606630.73106101  -6606676.89935038 IE: -6.8733082166  FE:  -6.8733562484
4.75        -6606630.77966806  -6606630.77966806  -6606676.96136652 IE: -6.8733082671  FE:  -6.8733563130
4.76        -6606630.85348784  -6606630.85348784  -6606677.01014305 IE: -6.8733083439  FE:  -6.8733563637
4.77        -6606630.88898535  -6606630.88898535  -6606677.05937169 IE: -6.8733083809  FE:  -6.8733564149
4.78        -6606630.93068501  -6606630.93068501  -6606677.09934687 IE: -6.8733084242  FE:  -6.8733564565
4.79        -6606630.96161071  -6606630.96161071  -6606677.12279644 IE: -6.8733084564  FE:  -6.8733564809
4.80        -6606630.93283836  -6606630.93283836  -6606677.12291283 IE: -6.8733084265  FE:  -6.8733564810
4.81        -6606630.93314242  -6606630.93314242  -6606677.11856529 IE: -6.8733084268  FE:  -6.8733564765
4.82        -6606630.91776668  -6606630.91776668  -6606677.10306547 IE: -6.8733084108  FE:  -6.8733564604
4.83        -6606630.89294998  -6606630.89294998  -6606677.06792406 IE: -6.8733083850  FE:  -6.8733564238
4.84        -6606630.83370318  -6606630.83370318  -6606677.02520273 IE: -6.8733083233  FE:  -6.8733563794
4.85        -6606630.78960053  -6606630.78960053  -6606676.99270078 IE: -6.8733082775  FE:  -6.8733563456
4.86        -6606630.75205169  -6606630.75205169  -6606676.94876677 IE: -6.8733082384  FE:  -6.8733562998
4.87        -6606630.71137484  -6606630.71137484  -6606676.91555097 IE: -6.8733081961  FE:  -6.8733562653
4.88        -6606630.71219177  -6606630.71219177  -6606676.88130181 IE: -6.8733081969  FE:  -6.8733562297
4.89        -6606630.66072701  -6606630.66072701  -6606676.85491153 IE: -6.8733081434  FE:  -6.8733562022
4.90        -6606630.66859431  -6606630.66859431  -6606676.83051741 IE: -6.8733081516  FE:  -6.8733561768
4.91         -6606630.6563425   -6606630.6563425  -6606676.83481363 IE: -6.8733081388  FE:  -6.8733561813
4.92        -6606630.67006161  -6606630.67006161    -6606676.847284 IE: -6.8733081531  FE:  -6.8733561943
4.93        -6606630.68904936  -6606630.68904936  -6606676.87705307 IE: -6.8733081728  FE:  -6.8733562252
4.94        -6606630.73437323  -6606630.73437323  -6606676.91001863 IE: -6.8733082200  FE:  -6.8733562595
4.95         -6606630.8132621   -6606630.8132621  -6606676.97347768 IE: -6.8733083021  FE:  -6.8733563256
4.96        -6606630.89050441  -6606630.89050441  -6606677.04806027 IE: -6.8733083824  FE:  -6.8733564031
4.97        -6606630.96667919  -6606630.96667919  -6606677.12208757 IE: -6.8733084617  FE:  -6.8733564802
4.98        -6606631.05983341  -6606631.05983341  -6606677.21229833 IE: -6.8733085586  FE:  -6.8733565740
4.99        -6606631.15386124  -6606631.15386124  -6606677.30905993 IE: -6.8733086564  FE:  -6.8733566747
5.00        -6606631.27378751  -6606631.27378751  -6606677.41471842 IE: -6.8733087812  FE:  -6.8733567846
