0.000000 -19.268080
0.010000 -19.268907
0.020000 -19.271229
0.030000 -19.274362
0.040000 -19.277622
0.050000 -19.280479
0.060000 -19.282582
0.070000 -19.283578
0.080000 -19.283350
0.090000 -19.282227
0.100000 -19.280833
0.110000 -19.279775
0.120000 -19.279297
0.130000 -19.279334
0.140000 -19.279773
0.150000 -19.280490
0.160000 -19.281335
0.170000 -19.281959
0.180000 -19.282029
0.190000 -19.281554
0.200000 -19.280843
0.210000 -19.280282
0.220000 -19.280023
0.230000 -19.279997
0.240000 -19.280149
0.250000 -19.280509
0.260000 -19.281050
0.270000 -19.281538
0.280000 -19.281674
0.290000 -19.281375
0.300000 -19.280866
0.310000 -19.280463
0.320000 -19.280304
0.330000 -19.280274
0.340000 -19.280332
0.350000 -19.280534
0.360000 -19.280926
0.370000 -19.281367
0.380000 -19.281538
0.390000 -19.281299
0.400000 -19.280890
0.410000 -19.280564
0.420000 -19.280444
0.430000 -19.280445
0.440000 -19.280453
0.450000 -19.280572
0.460000 -19.280901
0.470000 -19.281278
0.480000 -19.281451
0.490000 -19.281291
0.500000 -19.280933
0.510000 -19.280631
0.520000 -19.280556
0.530000 -19.280581
0.540000 -19.280565
0.550000 -19.280621
0.560000 -19.280907
0.570000 -19.281271
0.580000 -19.281417
0.590000 -19.281352
0.600000 -19.281133
0.610000 -19.280770
0.620000 -19.280478
0.630000 -19.280461
0.640000 -19.280598
0.650000 -19.280674
0.660000 -19.280823
0.670000 -19.281163
0.680000 -19.281413
0.690000 -19.281289
0.700000 -19.280955
0.710000 -19.280730
0.720000 -19.280682
0.730000 -19.280710
0.740000 -19.280735
0.750000 -19.280747
0.760000 -19.280887
0.770000 -19.281191
0.780000 -19.281427
0.790000 -19.281339
0.800000 -19.281018
0.810000 -19.280779
0.820000 -19.280735
0.830000 -19.280810
0.840000 -19.280840
0.850000 -19.280835
0.860000 -19.280938
0.870000 -19.281212
0.880000 -19.281452
0.890000 -19.281388
0.900000 -19.281081
0.910000 -19.280810
0.920000 -19.280781
0.930000 -19.280923
0.940000 -19.280950
0.950000 -19.280929
0.960000 -19.280995
0.970000 -19.281241
0.980000 -19.281481
0.990000 -19.281443
1.000000 -19.281131
1.010000 -19.280863
1.020000 -19.280843
1.030000 -19.280988
1.040000 -19.281079
1.050000 -19.281054
1.060000 -19.281074
1.070000 -19.281288
1.080000 -19.281525
1.090000 -19.281493
1.100000 -19.281186
1.110000 -19.280899
1.120000 -19.280883
1.130000 -19.281078
1.140000 -19.281217
1.150000 -19.281182
1.160000 -19.281160
1.170000 -19.281336
1.180000 -19.281565
1.190000 -19.281557
1.200000 -19.281251
1.210000 -19.280928
1.220000 -19.280926
1.230000 -19.281176
1.240000 -19.281367
1.250000 -19.281343
1.260000 -19.281269
1.270000 -19.281391
1.280000 -19.281617
1.290000 -19.281613
1.300000 -19.281295
1.310000 -19.280953
1.320000 -19.280956
1.330000 -19.281271
1.340000 -19.281539
1.350000 -19.281530
1.360000 -19.281395
1.370000 -19.281447
1.380000 -19.281666
1.390000 -19.281679
1.400000 -19.281357
1.410000 -19.280978
1.420000 -19.280977
1.430000 -19.281377
1.440000 -19.281744
1.450000 -19.281750
1.460000 -19.281542
1.470000 -19.281505
1.480000 -19.281702
1.490000 -19.281745
1.500000 -19.281402
1.510000 -19.280965
1.520000 -19.280976
1.530000 -19.281493
1.540000 -19.282002
1.550000 -19.282033
1.560000 -19.281704
1.570000 -19.281546
1.580000 -19.281720
1.590000 -19.281814
1.600000 -19.281463
1.610000 -19.280933
1.620000 -19.280926
1.630000 -19.281618
1.640000 -19.282363
1.650000 -19.282429
1.660000 -19.281903
1.670000 -19.281519
1.680000 -19.281682
1.690000 -19.281881
1.700000 -19.281500
1.710000 -19.280801
1.720000 -19.280749
1.730000 -19.281786
1.740000 -19.282999
1.750000 -19.283169
1.760000 -19.282185
1.770000 -19.281285
1.780000 -19.281416
1.790000 -19.281908
1.800000 -19.281482
1.810000 -19.280188
1.820000 -19.279885
1.830000 -19.282109
1.840000 -19.285443
1.850000 -19.286488
1.860000 -19.283218
1.870000 -19.277976
1.880000 -19.275718
1.890000 -19.278661
1.900000 -19.284470
1.910000 -19.287959
1.920000 -19.286242
1.930000 -19.281350
1.940000 -19.278039
1.950000 -19.278665
1.960000 -19.281593
1.970000 -19.283641
1.980000 -19.283435
1.990000 -19.282336
2.000000 -19.282021
2.010000 -19.282548
2.020000 -19.282721
2.030000 -19.281903
2.040000 -19.280986
2.050000 -19.281071
2.060000 -19.282112
2.070000 -19.283023
2.080000 -19.282989
2.090000 -19.282378
2.100000 -19.282057
2.110000 -19.282254
2.120000 -19.282439
2.130000 -19.282129
2.140000 -19.281697
2.150000 -19.281733
2.160000 -19.282348
2.170000 -19.282931
2.180000 -19.282918
2.190000 -19.282468
2.200000 -19.282159
2.210000 -19.282247
2.220000 -19.282428
2.230000 -19.282331
2.240000 -19.282102
2.250000 -19.282124
2.260000 -19.282532
2.270000 -19.282945
2.280000 -19.282940
2.290000 -19.282573
2.300000 -19.282291
2.310000 -19.282335
2.320000 -19.282523
2.330000 -19.282542
2.340000 -19.282407
2.350000 -19.282411
2.360000 -19.282689
2.370000 -19.282992
2.380000 -19.282979
2.390000 -19.282689
2.400000 -19.282441
2.410000 -19.282474
2.420000 -19.282669
2.430000 -19.282753
2.440000 -19.282676
2.450000 -19.282651
2.460000 -19.282832
2.470000 -19.283051
2.480000 -19.283062
2.490000 -19.282820
2.500000 -19.282614
2.510000 -19.282650
2.520000 -19.282846
2.530000 -19.282963
2.540000 -19.282918
2.550000 -19.282867
2.560000 -19.282968
2.570000 -19.283129
2.580000 -19.283136
2.590000 -19.282960
2.600000 -19.282804
2.610000 -19.282842
2.620000 -19.283043
2.630000 -19.283182
2.640000 -19.283145
2.650000 -19.283071
2.660000 -19.283100
2.670000 -19.283220
2.680000 -19.283239
2.690000 -19.283114
2.700000 -19.283000
2.710000 -19.283062
2.720000 -19.283254
2.730000 -19.283388
2.740000 -19.283357
2.750000 -19.283259
2.760000 -19.283250
2.770000 -19.283320
2.780000 -19.283364
2.790000 -19.283297
2.800000 -19.283221
2.810000 -19.283275
2.820000 -19.283452
2.830000 -19.283583
2.840000 -19.283557
2.850000 -19.283444
2.860000 -19.283409
2.870000 -19.283466
2.880000 -19.283523
2.890000 -19.283490
2.900000 -19.283445
2.910000 -19.283503
2.920000 -19.283654
2.930000 -19.283769
2.940000 -19.283740
2.950000 -19.283625
2.960000 -19.283577
2.970000 -19.283626
2.980000 -19.283702
2.990000 -19.283711
3.000000 -19.283681
3.010000 -19.283712
3.020000 -19.283839
3.030000 -19.283938
3.040000 -19.283916
3.050000 -19.283814
3.060000 -19.283762
3.070000 -19.283814
3.080000 -19.283909
3.090000 -19.283938
3.100000 -19.283919
3.110000 -19.283932
3.120000 -19.284021
3.130000 -19.284102
3.140000 -19.284086
3.150000 -19.284003
3.160000 -19.283965
3.170000 -19.284033
3.180000 -19.284136
3.190000 -19.284178
3.200000 -19.284158
3.210000 -19.284143
3.220000 -19.284199
3.230000 -19.284270
3.240000 -19.284267
3.250000 -19.284206
3.260000 -19.284188
3.270000 -19.284250
3.280000 -19.284367
3.290000 -19.284424
3.300000 -19.284390
3.310000 -19.284357
3.320000 -19.284393
3.330000 -19.284441
3.340000 -19.284455
3.350000 -19.284423
3.360000 -19.284417
3.370000 -19.284489
3.380000 -19.284600
3.390000 -19.284651
3.400000 -19.284617
3.410000 -19.284578
3.420000 -19.284582
3.430000 -19.284639
3.440000 -19.284672
3.450000 -19.284662
3.460000 -19.284659
3.470000 -19.284722
3.480000 -19.284825
3.490000 -19.284875
3.500000 -19.284841
3.510000 -19.284793
3.520000 -19.284792
3.530000 -19.284852
3.540000 -19.284908
3.550000 -19.284910
3.560000 -19.284912
3.570000 -19.284964
3.580000 -19.285041
3.590000 -19.285089
3.600000 -19.285056
3.610000 -19.285012
3.620000 -19.285020
3.630000 -19.285094
3.640000 -19.285155
3.650000 -19.285168
3.660000 -19.285162
3.670000 -19.285191
3.680000 -19.285252
3.690000 -19.285299
3.700000 -19.285288
3.710000 -19.285247
3.720000 -19.285267
3.730000 -19.285343
3.740000 -19.285419
3.750000 -19.285438
3.760000 -19.285417
3.770000 -19.285422
3.780000 -19.285474
3.790000 -19.285514
3.800000 -19.285510
3.810000 -19.285497
3.820000 -19.285518
3.830000 -19.285599
3.840000 -19.285678
3.850000 -19.285693
3.860000 -19.285672
3.870000 -19.285655
3.880000 -19.285695
3.890000 -19.285739
3.900000 -19.285763
3.910000 -19.285759
3.920000 -19.285783
3.930000 -19.285861
3.940000 -19.285933
3.950000 -19.285950
3.960000 -19.285922
3.970000 -19.285907
3.980000 -19.285943
3.990000 -19.285990
4.000000 -19.286035
4.010000 -19.286028
4.020000 -19.286050
4.030000 -19.286110
4.040000 -19.286173
4.050000 -19.286194
4.060000 -19.286167
4.070000 -19.286162
4.080000 -19.286197
4.090000 -19.286264
4.100000 -19.286312
4.110000 -19.286315
4.120000 -19.286321
4.130000 -19.286366
4.140000 -19.286415
4.150000 -19.286439
4.160000 -19.286426
4.170000 -19.286430
4.180000 -19.286474
4.190000 -19.286547
4.200000 -19.286601
4.210000 -19.286598
4.220000 -19.286589
4.230000 -19.286618
4.240000 -19.286669
4.250000 -19.286693
4.260000 -19.286694
4.270000 -19.286710
4.280000 -19.286754
4.290000 -19.286831
4.300000 -19.286877
4.310000 -19.286877
4.320000 -19.286864
4.330000 -19.286880
4.340000 -19.286924
4.350000 -19.286969
4.360000 -19.286981
4.370000 -19.287000
4.380000 -19.287036
4.390000 -19.287108
4.400000 -19.287150
4.410000 -19.287154
4.420000 -19.287142
4.430000 -19.287153
4.440000 -19.287206
4.450000 -19.287257
4.460000 -19.287287
4.470000 -19.287289
4.480000 -19.287324
4.490000 -19.287381
4.500000 -19.287419
4.510000 -19.287426
4.520000 -19.287417
4.530000 -19.287444
4.540000 -19.287510
4.550000 -19.287567
4.560000 -19.287591
4.570000 -19.287592
4.580000 -19.287607
4.590000 -19.287651
4.600000 -19.287691
4.610000 -19.287711
4.620000 -19.287715
4.630000 -19.287744
4.640000 -19.287809
4.650000 -19.287868
4.660000 -19.287895
4.670000 -19.287891
4.680000 -19.287901
4.690000 -19.287933
4.700000 -19.287986
4.710000 -19.288008
4.720000 -19.288028
4.730000 -19.288051
4.740000 -19.288107
4.750000 -19.288166
4.760000 -19.288194
4.770000 -19.288186
4.780000 -19.288200
4.790000 -19.288237
4.800000 -19.288285
4.810000 -19.288325
4.820000 -19.288339
4.830000 -19.288369
4.840000 -19.288407
4.850000 -19.288460
4.860000 -19.288487
4.870000 -19.288488
4.880000 -19.288510
4.890000 -19.288545
4.900000 -19.288608
4.910000 -19.288651
4.920000 -19.288664
4.930000 -19.288676
4.940000 -19.288712
4.950000 -19.288756
4.960000 -19.288792
4.970000 -19.288800
4.980000 -19.288828
4.990000 -19.288863
5.000000 -19.288931
5.010000 -19.288974
5.020000 -19.288981
5.030000 -19.289003
5.040000 -19.289016
5.050000 -19.289063
5.060000 -19.289102
5.070000 -19.289123
5.080000 -19.289144
5.090000 -19.289192
5.100000 -19.289255
5.110000 -19.289294
5.120000 -19.289309
5.130000 -19.289307
5.140000 -19.289334
5.150000 -19.289385
5.160000 -19.289436
5.170000 -19.289463
5.180000 -19.289489
5.190000 -19.289513
5.200000 -19.289561
5.210000 -19.289608
5.220000 -19.289621
5.230000 -19.289634
5.240000 -19.289669
5.250000 -19.289724
5.260000 -19.289793
5.270000 -19.289808
5.280000 -19.289816
5.290000 -19.289842
5.300000 -19.289879
5.310000 -19.289924
5.320000 -19.289956
5.330000 -19.289973
5.340000 -19.290006
5.350000 -19.290066
5.360000 -19.290118
5.370000 -19.290147
5.380000 -19.290160
5.390000 -19.290174
5.400000 -19.290212
5.410000 -19.290261
5.420000 -19.290293
5.430000 -19.290324
5.440000 -19.290349
5.450000 -19.290404
5.460000 -19.290453
5.470000 -19.290483
5.480000 -19.290495
5.490000 -19.290514
5.500000 -19.290556
5.510000 -19.290614
5.520000 -19.290653
5.530000 -19.290684
5.540000 -19.290702
5.550000 -19.290736
5.560000 -19.290786
5.570000 -19.290819
5.580000 -19.290838
5.590000 -19.290863
5.600000 -19.290912
5.610000 -19.290969
5.620000 -19.291017
5.630000 -19.291036
5.640000 -19.291050
5.650000 -19.291086
5.660000 -19.291129
5.670000 -19.291172
5.680000 -19.291196
5.690000 -19.291222
5.700000 -19.291276
5.710000 -19.291326
5.720000 -19.291364
5.730000 -19.291394
5.740000 -19.291402
5.750000 -19.291435
5.760000 -19.291482
5.770000 -19.291538
5.780000 -19.291569
5.790000 -19.291587
5.800000 -19.291630
5.810000 -19.291669
5.820000 -19.291714
5.830000 -19.291746
5.840000 -19.291761
5.850000 -19.291802
5.860000 -19.291857
5.870000 -19.291913
5.880000 -19.291942
5.890000 -19.291956
5.900000 -19.291988
5.910000 -19.292027
5.920000 -19.292074
5.930000 -19.292113
5.940000 -19.292132
5.950000 -19.292175
5.960000 -19.292228
5.970000 -19.292285
5.980000 -19.292318
5.990000 -19.292333
6.000000 -19.292360
6.010000 -19.292395
6.020000 -19.292447
6.030000 -19.292482
6.040000 -19.292511
6.050000 -19.292553
6.060000 -19.292603
6.070000 -19.292646
6.080000 -19.292683
6.090000 -19.292701
6.100000 -19.292728
6.110000 -19.292774
6.120000 -19.292830
6.130000 -19.292877
6.140000 -19.292904
6.150000 -19.292906
6.160000 -19.292973
6.170000 -19.293014
6.180000 -19.293047
6.190000 -19.293080
6.200000 -19.293112
6.210000 -19.293171
6.220000 -19.293220
6.230000 -19.293266
6.240000 -19.293298
6.250000 -19.293309
6.260000 -19.293348
6.270000 -19.293393
6.280000 -19.293433
6.290000 -19.293481
6.300000 -19.293502
6.310000 -19.293547
6.320000 -19.293612
6.330000 -19.293646
6.340000 -19.293674
6.350000 -19.293698
6.360000 -19.293740
6.370000 -19.293792
6.380000 -19.293844
6.390000 -19.293873
6.400000 -19.293903
6.410000 -19.293943
6.420000 -19.293984
6.430000 -19.294036
6.440000 -19.294063
6.450000 -19.294103
6.460000 -19.294135
6.470000 -19.294201
6.480000 -19.294254
6.490000 -19.294280
6.500000 -19.294301
6.510000 -19.294333
6.520000 -19.294379
6.530000 -19.294428
6.540000 -19.294470
6.550000 -19.294495
6.560000 -19.294544
6.570000 -19.294589
6.580000 -19.294642
6.590000 -19.294672
6.600000 -19.294699
6.610000 -19.294737
6.620000 -19.294785
6.630000 -19.294837
6.640000 -19.294884
6.650000 -19.294907
6.660000 -19.294942
6.670000 -19.294986
6.680000 -19.295035
6.690000 -19.295078
6.700000 -19.295107
6.710000 -19.295148
6.720000 -19.295191
6.730000 -19.295252
6.740000 -19.295298
6.750000 -19.295326
6.760000 -19.295359
6.770000 -19.295395
6.780000 -19.295441
6.790000 -19.295495
6.800000 -19.295525
6.810000 -19.295561
6.820000 -19.295612
6.830000 -19.295668
6.840000 -19.295706
6.850000 -19.295732
6.860000 -19.295764
6.870000 -19.295810
6.880000 -19.295870
6.890000 -19.295917
6.900000 -19.295948
6.910000 -19.295985
6.920000 -19.296023
6.930000 -19.296071
6.940000 -19.296116
6.950000 -19.296152
6.960000 -19.296190
6.970000 -19.296234
6.980000 -19.296291
6.990000 -19.296341
7.000000 -19.296376
7.010000 -19.296409
7.020000 -19.296439
7.030000 -19.296491
7.040000 -19.296542
7.050000 -19.296578
7.060000 -19.296613
7.070000 -19.296669
7.080000 -19.296715
7.090000 -19.296767
7.100000 -19.296795
7.110000 -19.296833
7.120000 -19.296874
7.130000 -19.296927
7.140000 -19.296978
7.150000 -19.297023
7.160000 -19.297051
7.170000 -19.297088
7.180000 -19.297140
7.190000 -19.297192
7.200000 -19.297224
7.210000 -19.297262
7.220000 -19.297309
7.230000 -19.297360
7.240000 -19.297415
7.250000 -19.297454
7.260000 -19.297495
7.270000 -19.297520
7.280000 -19.297566
7.290000 -19.297618
7.300000 -19.297667
7.310000 -19.297711
7.320000 -19.297772
7.330000 -19.297794
7.340000 -19.297851
7.350000 -19.297893
7.360000 -19.297923
7.370000 -19.297967
7.380000 -19.298011
7.390000 -19.298068
7.400000 -19.298117
7.410000 -19.298152
7.420000 -19.298195
7.430000 -19.298233
7.440000 -19.298281
7.450000 -19.298329
7.460000 -19.298371
7.470000 -19.298417
7.480000 -19.298463
7.490000 -19.298515
7.500000 -19.298569
7.510000 -19.298602
7.520000 -19.298640
7.530000 -19.298682
7.540000 -19.298733
7.550000 -19.298789
7.560000 -19.298828
7.570000 -19.298862
7.580000 -19.298913
7.590000 -19.298962
7.600000 -19.299015
7.610000 -19.299051
7.620000 -19.299077
7.630000 -19.299136
7.640000 -19.299194
7.650000 -19.299241
7.660000 -19.299293
7.670000 -19.299324
7.680000 -19.299360
7.690000 -19.299408
7.700000 -19.299472
7.710000 -19.299508
7.720000 -19.299556
7.730000 -19.299597
7.740000 -19.299647
7.750000 -19.299698
7.760000 -19.299743
7.770000 -19.299787
7.780000 -19.299821
7.790000 -19.299866
7.800000 -19.299924
7.810000 -19.299974
7.820000 -19.300019
7.830000 -19.300068
7.840000 -19.300102
7.850000 -19.300159
7.860000 -19.300205
7.870000 -19.300241
7.880000 -19.300282
7.890000 -19.300336
7.900000 -19.300392
7.910000 -19.300443
7.920000 -19.300477
7.930000 -19.300520
7.940000 -19.300569
7.950000 -19.300623
7.960000 -19.300681
7.970000 -19.300712
7.980000 -19.300766
7.990000 -19.300810
8.000000 -19.300861
8.010000 -19.300909
8.020000 -19.300950
8.030000 -19.300990
8.040000 -19.301045
8.050000 -19.301102
8.060000 -19.301155
8.070000 -19.301202
8.080000 -19.301238
8.090000 -19.301281
8.100000 -19.301330
8.110000 -19.301382
8.120000 -19.301428
8.130000 -19.301470
8.140000 -19.301515
8.150000 -19.301572
8.160000 -19.301630
8.170000 -19.301679
8.180000 -19.301713
8.190000 -19.301761
8.200000 -19.301813
8.210000 -19.301863
8.220000 -19.301917
8.230000 -19.301956
8.240000 -19.301994
8.250000 -19.302053
8.260000 -19.302105
8.270000 -19.302153
8.280000 -19.302200
8.290000 -19.302242
8.300000 -19.302292
8.310000 -19.302351
8.320000 -19.302397
8.330000 -19.302443
8.340000 -19.302479
8.350000 -19.302531
8.360000 -19.302584
8.370000 -19.302635
8.380000 -19.302685
8.390000 -19.302720
8.400000 -19.302773
8.410000 -19.302831
8.420000 -19.302886
8.430000 -19.302926
8.440000 -19.302966
8.450000 -19.303023
8.460000 -19.303093
8.470000 -19.303127
8.480000 -19.303175
8.490000 -19.303218
8.500000 -19.303265
8.510000 -19.303315
8.520000 -19.303378
8.530000 -19.303416
8.540000 -19.303463
8.550000 -19.303511
8.560000 -19.303572
8.570000 -19.303628
8.580000 -19.303674
8.590000 -19.303713
8.600000 -19.303761
8.610000 -19.303817
8.620000 -19.303875
8.630000 -19.303929
8.640000 -19.303968
8.650000 -19.304007
8.660000 -19.304061
8.670000 -19.304123
8.680000 -19.304167
8.690000 -19.304205
8.700000 -19.304260
8.710000 -19.304315
8.720000 -19.304371
8.730000 -19.304422
8.740000 -19.304463
8.750000 -19.304518
8.760000 -19.304559
8.770000 -19.304621
8.780000 -19.304675
8.790000 -19.304721
8.800000 -19.304762
8.810000 -19.304818
8.820000 -19.304881
8.830000 -19.304931
8.840000 -19.304970
8.850000 -19.305015
8.860000 -19.305068
8.870000 -19.305139
8.880000 -19.305179
8.890000 -19.305230
8.900000 -19.305271
8.910000 -19.305327
8.920000 -19.305379
8.930000 -19.305434
8.940000 -19.305484
8.950000 -19.305535
8.960000 -19.305580
8.970000 -19.305639
8.980000 -19.305685
8.990000 -19.305741
9.000000 -19.305776
9.010000 -19.305841
9.020000 -19.305893
9.030000 -19.305951
9.040000 -19.305995
9.050000 -19.306046
9.060000 -19.306086
9.070000 -19.306147
9.080000 -19.306211
9.090000 -19.306247
9.100000 -19.306302
9.110000 -19.306348
9.120000 -19.306409
9.130000 -19.306469
9.140000 -19.306513
9.150000 -19.306560
9.160000 -19.306607
9.170000 -19.306662
9.180000 -19.306727
9.190000 -19.306775
9.200000 -19.306824
9.210000 -19.306871
9.220000 -19.306931
9.230000 -19.306978
9.240000 -19.307030
9.250000 -19.307086
9.260000 -19.307131
9.270000 -19.307194
9.280000 -19.307243
9.290000 -19.307297
9.300000 -19.307344
9.310000 -19.307402
9.320000 -19.307445
9.330000 -19.307496
9.340000 -19.307565
9.350000 -19.307613
9.360000 -19.307656
9.370000 -19.307712
9.380000 -19.307771
9.390000 -19.307829
9.400000 -19.307872
9.410000 -19.307922
9.420000 -19.307975
9.430000 -19.308038
9.440000 -19.308095
9.450000 -19.308136
9.460000 -19.308188
9.470000 -19.308240
9.480000 -19.308294
9.490000 -19.308354
9.500000 -19.308403
9.510000 -19.308453
9.520000 -19.308507
9.530000 -19.308560
9.540000 -19.308624
9.550000 -19.308669
9.560000 -19.308715
9.570000 -19.308769
9.580000 -19.308835
9.590000 -19.308892
9.600000 -19.308939
9.610000 -19.308988
9.620000 -19.309039
9.630000 -19.309093
9.640000 -19.309149
9.650000 -19.309212
9.660000 -19.309252
9.670000 -19.309309
9.680000 -19.309370
9.690000 -19.309421
9.700000 -19.309477
9.710000 -19.309526
9.720000 -19.309579
9.730000 -19.309626
9.740000 -19.309693
9.750000 -19.309744
9.760000 -19.309805
9.770000 -19.309844
9.780000 -19.309900
9.790000 -19.309956
9.800000 -19.310014
9.810000 -19.310065
9.820000 -19.310119
9.830000 -19.310174
9.840000 -19.310239
9.850000 -19.310295
9.860000 -19.310338
9.870000 -19.310390
9.880000 -19.310443
9.890000 -19.310506
9.900000 -19.310566
9.910000 -19.310609
9.920000 -19.310668
9.930000 -19.310724
9.940000 -19.310773
9.950000 -19.310840
9.960000 -19.310885
9.970000 -19.310938
9.980000 -19.310987
9.990000 -19.311054
10.000000 -19.311117
