0.000000 -19.268733
0.010000 -19.268971
0.020000 -19.269503
0.030000 -19.270323
0.040000 -19.271402
0.050000 -19.272579
0.060000 -19.273826
0.070000 -19.275011
0.080000 -19.276160
0.090000 -19.277103
0.100000 -19.277933
0.110000 -19.278656
0.120000 -19.279256
0.130000 -19.279803
0.140000 -19.280305
0.150000 -19.280830
0.160000 -19.281405
0.170000 -19.282020
0.180000 -19.282645
0.190000 -19.283293
0.200000 -19.283940
0.210000 -19.284478
0.220000 -19.284988
0.230000 -19.285294
0.240000 -19.285449
0.250000 -19.285314
0.260000 -19.284969
0.270000 -19.284385
0.280000 -19.283597
0.290000 -19.282703
0.300000 -19.281729
0.310000 -19.280787
0.320000 -19.280014
0.330000 -19.279441
0.340000 -19.279144
0.350000 -19.279105
0.360000 -19.279329
0.370000 -19.279733
0.380000 -19.280266
0.390000 -19.280814
0.400000 -19.281314
0.410000 -19.281781
0.420000 -19.282096
0.430000 -19.282250
0.440000 -19.282273
0.450000 -19.282233
0.460000 -19.282120
0.470000 -19.281981
0.480000 -19.281871
0.490000 -19.281847
0.500000 -19.281925
0.510000 -19.282062
0.520000 -19.282338
0.530000 -19.282600
0.540000 -19.282899
0.550000 -19.283164
0.560000 -19.283394
0.570000 -19.283498
0.580000 -19.283463
0.590000 -19.283347
0.600000 -19.283110
0.610000 -19.282715
0.620000 -19.282247
0.630000 -19.281713
0.640000 -19.281097
0.650000 -19.280518
0.660000 -19.280038
0.670000 -19.279677
0.680000 -19.279512
0.690000 -19.279634
0.700000 -19.279970
0.710000 -19.280480
0.720000 -19.281136
0.730000 -19.281832
0.740000 -19.282531
0.750000 -19.283094
0.760000 -19.283508
0.770000 -19.283738
0.780000 -19.283717
0.790000 -19.283518
0.800000 -19.283190
0.810000 -19.282825
0.820000 -19.282463
0.830000 -19.282237
0.840000 -19.282143
0.850000 -19.282243
0.860000 -19.282477
0.870000 -19.282827
0.880000 -19.283237
0.890000 -19.283668
0.900000 -19.283992
0.910000 -19.284162
0.920000 -19.284105
0.930000 -19.283792
0.940000 -19.283233
0.950000 -19.282485
0.960000 -19.281541
0.970000 -19.280703
0.980000 -19.279888
0.990000 -19.279266
1.000000 -19.278828
1.010000 -19.278689
1.020000 -19.278846
1.030000 -19.279311
1.040000 -19.280016
1.050000 -19.280921
1.060000 -19.281902
1.070000 -19.282862
1.080000 -19.283740
1.090000 -19.284397
1.100000 -19.284770
1.110000 -19.284870
1.120000 -19.284734
1.130000 -19.284396
1.140000 -19.283927
1.150000 -19.283376
1.160000 -19.282860
1.170000 -19.282501
1.180000 -19.282322
1.190000 -19.282408
1.200000 -19.282701
1.210000 -19.283063
1.220000 -19.283535
1.230000 -19.283918
1.240000 -19.284212
1.250000 -19.284286
1.260000 -19.284091
1.270000 -19.283620
1.280000 -19.282857
1.290000 -19.281855
1.300000 -19.280716
1.310000 -19.279595
1.320000 -19.278583
1.330000 -19.277821
1.340000 -19.277431
1.350000 -19.277483
1.360000 -19.277963
1.370000 -19.278874
1.380000 -19.280155
1.390000 -19.281636
1.400000 -19.283205
1.410000 -19.284690
1.420000 -19.285917
1.430000 -19.286827
1.440000 -19.287292
1.450000 -19.287314
1.460000 -19.286935
1.470000 -19.286159
1.480000 -19.285189
1.490000 -19.284174
1.500000 -19.283246
1.510000 -19.282603
1.520000 -19.282198
1.530000 -19.282263
1.540000 -19.282633
1.550000 -19.283260
1.560000 -19.284002
1.570000 -19.284641
1.580000 -19.285084
1.590000 -19.285139
1.600000 -19.284733
1.610000 -19.283695
1.620000 -19.282134
1.630000 -19.280136
1.640000 -19.277927
1.650000 -19.275593
1.660000 -19.273614
1.670000 -19.272121
1.680000 -19.271496
1.690000 -19.271817
1.700000 -19.273375
1.710000 -19.275975
1.720000 -19.279530
1.730000 -19.283716
1.740000 -19.288293
1.750000 -19.292753
1.760000 -19.296802
1.770000 -19.299952
1.780000 -19.301843
1.790000 -19.302210
1.800000 -19.300987
1.810000 -19.298134
1.820000 -19.293840
1.830000 -19.288396
1.840000 -19.282502
1.850000 -19.276329
1.860000 -19.270716
1.870000 -19.266250
1.880000 -19.263186
1.890000 -19.261783
1.900000 -19.262016
1.910000 -19.263899
1.920000 -19.267288
1.930000 -19.271879
1.940000 -19.277351
1.950000 -19.283093
1.960000 -19.288615
1.970000 -19.293563
1.980000 -19.297382
1.990000 -19.299862
2.000000 -19.300794
2.010000 -19.300240
2.020000 -19.298287
2.030000 -19.295195
2.040000 -19.291404
2.050000 -19.287308
2.060000 -19.283266
2.070000 -19.279716
2.080000 -19.276851
2.090000 -19.274844
2.100000 -19.273841
2.110000 -19.273797
2.120000 -19.274669
2.130000 -19.276117
2.140000 -19.278032
2.150000 -19.280079
2.160000 -19.282052
2.170000 -19.283753
2.180000 -19.285006
2.190000 -19.285741
2.200000 -19.285973
2.210000 -19.285729
2.220000 -19.285206
2.230000 -19.284553
2.240000 -19.283868
2.250000 -19.283302
2.260000 -19.282963
2.270000 -19.282936
2.280000 -19.283210
2.290000 -19.283722
2.300000 -19.284468
2.310000 -19.285248
2.320000 -19.285992
2.330000 -19.286589
2.340000 -19.286865
2.350000 -19.286857
2.360000 -19.286495
2.370000 -19.285840
2.380000 -19.284902
2.390000 -19.283861
2.400000 -19.282786
2.410000 -19.281838
2.420000 -19.281069
2.430000 -19.280616
2.440000 -19.280432
2.450000 -19.280566
2.460000 -19.281031
2.470000 -19.281697
2.480000 -19.282589
2.490000 -19.283438
2.500000 -19.284280
2.510000 -19.284978
2.520000 -19.285477
2.530000 -19.285730
2.540000 -19.285772
2.550000 -19.285569
2.560000 -19.285256
2.570000 -19.284855
2.580000 -19.284432
2.590000 -19.284088
2.600000 -19.283830
2.610000 -19.283750
2.620000 -19.283837
2.630000 -19.284023
2.640000 -19.284319
2.650000 -19.284665
2.660000 -19.284974
2.670000 -19.285245
2.680000 -19.285348
2.690000 -19.285333
2.700000 -19.285105
2.710000 -19.284769
2.720000 -19.284320
2.730000 -19.283863
2.740000 -19.283392
2.750000 -19.282950
2.760000 -19.282706
2.770000 -19.282611
2.780000 -19.282639
2.790000 -19.282902
2.800000 -19.283305
2.810000 -19.283771
2.820000 -19.284345
2.830000 -19.284895
2.840000 -19.285400
2.850000 -19.285784
2.860000 -19.286006
2.870000 -19.286136
2.880000 -19.286044
2.890000 -19.285859
2.900000 -19.285577
2.910000 -19.285256
2.920000 -19.284916
2.930000 -19.284625
2.940000 -19.284414
2.950000 -19.284307
2.960000 -19.284322
2.970000 -19.284426
2.980000 -19.284579
2.990000 -19.284776
3.000000 -19.284970
3.010000 -19.285105
3.020000 -19.285199
3.030000 -19.285169
3.040000 -19.285092
3.050000 -19.284920
3.060000 -19.284711
3.070000 -19.284436
3.080000 -19.284214
3.090000 -19.284055
3.100000 -19.283996
3.110000 -19.284034
3.120000 -19.284169
3.130000 -19.284386
3.140000 -19.284726
3.150000 -19.285120
3.160000 -19.285522
3.170000 -19.285930
3.180000 -19.286227
3.190000 -19.286446
3.200000 -19.286556
3.210000 -19.286531
3.220000 -19.286401
3.230000 -19.286205
3.240000 -19.285948
3.250000 -19.285659
3.260000 -19.285399
3.270000 -19.285124
3.280000 -19.284981
3.290000 -19.284923
3.300000 -19.284904
3.310000 -19.284958
3.320000 -19.285117
3.330000 -19.285205
3.340000 -19.285397
3.350000 -19.285550
3.360000 -19.285601
3.370000 -19.285628
3.380000 -19.285615
3.390000 -19.285520
3.400000 -19.285426
3.410000 -19.285285
3.420000 -19.285225
3.430000 -19.285175
3.440000 -19.285165
3.450000 -19.285283
3.460000 -19.285384
3.470000 -19.285594
3.480000 -19.285858
3.490000 -19.286141
3.500000 -19.286427
3.510000 -19.286695
3.520000 -19.286881
3.530000 -19.286995
3.540000 -19.286990
3.550000 -19.286956
3.560000 -19.286808
3.570000 -19.286615
3.580000 -19.286359
3.590000 -19.286148
3.600000 -19.285925
3.610000 -19.285751
3.620000 -19.285636
3.630000 -19.285628
3.640000 -19.285651
3.650000 -19.285748
3.660000 -19.285893
3.670000 -19.286047
3.680000 -19.286193
3.690000 -19.286322
3.700000 -19.286410
3.710000 -19.286494
3.720000 -19.286507
3.730000 -19.286461
3.740000 -19.286385
3.750000 -19.286349
3.760000 -19.286285
3.770000 -19.286255
3.780000 -19.286267
3.790000 -19.286377
3.800000 -19.286487
3.810000 -19.286590
3.820000 -19.286795
3.830000 -19.286968
3.840000 -19.287175
3.850000 -19.287319
3.860000 -19.287458
3.870000 -19.287442
3.880000 -19.287445
3.890000 -19.287343
3.900000 -19.287232
3.910000 -19.287076
3.920000 -19.286892
3.930000 -19.286778
3.940000 -19.286612
3.950000 -19.286524
3.960000 -19.286493
3.970000 -19.286523
3.980000 -19.286630
3.990000 -19.286718
4.000000 -19.286887
4.010000 -19.287061
4.020000 -19.287217
4.030000 -19.287376
4.040000 -19.287482
4.050000 -19.287538
4.060000 -19.287534
4.070000 -19.287523
4.080000 -19.287447
4.090000 -19.287391
4.100000 -19.287329
4.110000 -19.287275
4.120000 -19.287271
4.130000 -19.287300
4.140000 -19.287360
4.150000 -19.287484
4.160000 -19.287593
4.170000 -19.287728
4.180000 -19.287824
4.190000 -19.287905
4.200000 -19.288015
4.210000 -19.288026
4.220000 -19.287962
4.230000 -19.287919
4.240000 -19.287819
4.250000 -19.287692
4.260000 -19.287610
4.270000 -19.287564
4.280000 -19.287483
4.290000 -19.287456
4.300000 -19.287499
4.310000 -19.287594
4.320000 -19.287708
4.330000 -19.287870
4.340000 -19.288036
4.350000 -19.288233
4.360000 -19.288377
4.370000 -19.288506
4.380000 -19.288577
4.390000 -19.288616
4.400000 -19.288568
4.410000 -19.288553
4.420000 -19.288503
4.430000 -19.288403
4.440000 -19.288331
4.450000 -19.288254
4.460000 -19.288247
4.470000 -19.288205
4.480000 -19.288252
4.490000 -19.288332
4.500000 -19.288391
4.510000 -19.288498
4.520000 -19.288556
4.530000 -19.288650
4.540000 -19.288710
4.550000 -19.288717
4.560000 -19.288711
4.570000 -19.288681
4.580000 -19.288649
4.590000 -19.288595
4.600000 -19.288551
4.610000 -19.288525
4.620000 -19.288521
4.630000 -19.288560
4.640000 -19.288661
4.650000 -19.288750
4.660000 -19.288904
4.670000 -19.289043
4.680000 -19.289220
4.690000 -19.289355
4.700000 -19.289513
4.710000 -19.289573
4.720000 -19.289622
4.730000 -19.289621
4.740000 -19.289578
4.750000 -19.289532
4.760000 -19.289443
4.770000 -19.289331
4.780000 -19.289273
4.790000 -19.289238
4.800000 -19.289164
4.810000 -19.289180
4.820000 -19.289193
4.830000 -19.289266
4.840000 -19.289329
4.850000 -19.289426
4.860000 -19.289508
4.870000 -19.289567
4.880000 -19.289672
4.890000 -19.289684
4.900000 -19.289713
4.910000 -19.289712
4.920000 -19.289701
4.930000 -19.289674
4.940000 -19.289671
4.950000 -19.289677
4.960000 -19.289707
4.970000 -19.289756
4.980000 -19.289838
4.990000 -19.289920
5.000000 -19.290021
5.010000 -19.290155
5.020000 -19.290297
5.030000 -19.290353
5.040000 -19.290481
5.050000 -19.290550
5.060000 -19.290579
5.070000 -19.290534
5.080000 -19.290482
5.090000 -19.290456
5.100000 -19.290379
5.110000 -19.290312
5.120000 -19.290252
5.130000 -19.290193
5.140000 -19.290192
5.150000 -19.290229
5.160000 -19.290284
5.170000 -19.290381
5.180000 -19.290490
5.190000 -19.290558
5.200000 -19.290675
5.210000 -19.290758
5.220000 -19.290834
5.230000 -19.290901
5.240000 -19.290901
5.250000 -19.290941
5.260000 -19.290954
5.270000 -19.290900
5.280000 -19.290868
5.290000 -19.290862
5.300000 -19.290862
5.310000 -19.290905
5.320000 -19.290961
5.330000 -19.291045
5.340000 -19.291136
5.350000 -19.291207
5.360000 -19.291301
5.370000 -19.291367
5.380000 -19.291435
5.390000 -19.291451
5.400000 -19.291469
5.410000 -19.291451
5.420000 -19.291418
5.430000 -19.291416
5.440000 -19.291358
5.450000 -19.291343
5.460000 -19.291379
5.470000 -19.291342
5.480000 -19.291363
5.490000 -19.291441
5.500000 -19.291525
5.510000 -19.291616
5.520000 -19.291739
5.530000 -19.291871
5.540000 -19.291963
5.550000 -19.292047
5.560000 -19.292128
5.570000 -19.292175
5.580000 -19.292190
5.590000 -19.292180
5.600000 -19.292153
5.610000 -19.292129
5.620000 -19.292114
5.630000 -19.292078
5.640000 -19.292059
5.650000 -19.292046
5.660000 -19.292086
5.670000 -19.292150
5.680000 -19.292211
5.690000 -19.292271
5.700000 -19.292353
5.710000 -19.292411
5.720000 -19.292466
5.730000 -19.292514
5.740000 -19.292521
5.750000 -19.292535
5.760000 -19.292530
5.770000 -19.292547
5.780000 -19.292535
5.790000 -19.292547
5.800000 -19.292558
5.810000 -19.292599
5.820000 -19.292669
5.830000 -19.292746
5.840000 -19.292860
5.850000 -19.292935
5.860000 -19.293060
5.870000 -19.293157
5.880000 -19.293256
5.890000 -19.293336
5.900000 -19.293389
5.910000 -19.293417
5.920000 -19.293391
5.930000 -19.293399
5.940000 -19.293377
5.950000 -19.293321
5.960000 -19.293276
5.970000 -19.293320
5.980000 -19.293269
5.990000 -19.293280
6.000000 -19.293311
6.010000 -19.293341
6.020000 -19.293423
6.030000 -19.293497
6.040000 -19.293574
6.050000 -19.293675
6.060000 -19.293722
6.070000 -19.293776
6.080000 -19.293809
6.090000 -19.293838
6.100000 -19.293863
6.110000 -19.293861
6.120000 -19.293859
6.130000 -19.293873
6.140000 -19.293911
6.150000 -19.293969
6.160000 -19.294002
6.170000 -19.294049
6.180000 -19.294094
6.190000 -19.294216
6.200000 -19.294270
6.210000 -19.294375
6.220000 -19.294438
6.230000 -19.294519
6.240000 -19.294567
6.250000 -19.294538
6.260000 -19.294543
6.270000 -19.294534
6.280000 -19.294494
6.290000 -19.294552
6.300000 -19.294496
6.310000 -19.294486
6.320000 -19.294543
6.330000 -19.294564
6.340000 -19.294644
6.350000 -19.294715
6.360000 -19.294778
6.370000 -19.294893
6.380000 -19.294985
6.390000 -19.295069
6.400000 -19.295139
6.410000 -19.295211
6.420000 -19.295244
6.430000 -19.295281
6.440000 -19.295281
6.450000 -19.295309
6.460000 -19.295255
6.470000 -19.295304
6.480000 -19.295292
6.490000 -19.295294
6.500000 -19.295279
6.510000 -19.295346
6.520000 -19.295411
6.530000 -19.295473
6.540000 -19.295549
6.550000 -19.295606
6.560000 -19.295666
6.570000 -19.295701
6.580000 -19.295785
6.590000 -19.295776
6.600000 -19.295795
6.610000 -19.295786
6.620000 -19.295816
6.630000 -19.295814
6.640000 -19.295866
6.650000 -19.295871
6.660000 -19.295908
6.670000 -19.295979
6.680000 -19.296005
6.690000 -19.296166
6.700000 -19.296254
6.710000 -19.296344
6.720000 -19.296422
6.730000 -19.296482
6.740000 -19.296577
6.750000 -19.296621
6.760000 -19.296653
6.770000 -19.296638
6.780000 -19.296651
6.790000 -19.296658
6.800000 -19.296631
6.810000 -19.296611
6.820000 -19.296615
6.830000 -19.296627
6.840000 -19.296674
6.850000 -19.296702
6.860000 -19.296757
6.870000 -19.296812
6.880000 -19.296912
6.890000 -19.296991
6.900000 -19.297032
6.910000 -19.297124
6.920000 -19.297164
6.930000 -19.297216
6.940000 -19.297246
6.950000 -19.297282
6.960000 -19.297284
6.970000 -19.297284
6.980000 -19.297305
6.990000 -19.297345
7.000000 -19.297382
7.010000 -19.297458
7.020000 -19.297496
7.030000 -19.297589
7.040000 -19.297673
7.050000 -19.297720
7.060000 -19.297800
7.070000 -19.297886
7.080000 -19.297921
7.090000 -19.297961
7.100000 -19.297953
7.110000 -19.297966
7.120000 -19.297966
7.130000 -19.297998
7.140000 -19.297994
7.150000 -19.298017
7.160000 -19.298030
7.170000 -19.298066
7.180000 -19.298126
7.190000 -19.298199
7.200000 -19.298237
7.210000 -19.298349
7.220000 -19.298436
7.230000 -19.298499
7.240000 -19.298583
7.250000 -19.298655
7.260000 -19.298719
7.270000 -19.298740
7.280000 -19.298764
7.290000 -19.298793
7.300000 -19.298796
7.310000 -19.298827
7.320000 -19.298897
7.330000 -19.298834
7.340000 -19.298869
7.350000 -19.298915
7.360000 -19.298938
7.370000 -19.299004
7.380000 -19.299064
7.390000 -19.299116
7.400000 -19.299160
7.410000 -19.299254
7.420000 -19.299301
7.430000 -19.299337
7.440000 -19.299370
7.450000 -19.299380
7.460000 -19.299419
7.470000 -19.299480
7.480000 -19.299473
7.490000 -19.299507
7.500000 -19.299557
7.510000 -19.299606
7.520000 -19.299665
7.530000 -19.299736
7.540000 -19.299817
7.550000 -19.299910
7.560000 -19.299984
7.570000 -19.300081
7.580000 -19.300141
7.590000 -19.300199
7.600000 -19.300247
7.610000 -19.300275
7.620000 -19.300263
7.630000 -19.300308
7.640000 -19.300296
7.650000 -19.300289
7.660000 -19.300343
7.670000 -19.300330
7.680000 -19.300337
7.690000 -19.300387
7.700000 -19.300482
7.710000 -19.300516
7.720000 -19.300606
7.730000 -19.300648
7.740000 -19.300722
7.750000 -19.300785
7.760000 -19.300859
7.770000 -19.300941
7.780000 -19.300954
7.790000 -19.300994
7.800000 -19.301015
7.810000 -19.301059
7.820000 -19.301080
7.830000 -19.301147
7.840000 -19.301137
7.850000 -19.301198
7.860000 -19.301245
7.870000 -19.301261
7.880000 -19.301346
7.890000 -19.301427
7.900000 -19.301477
7.910000 -19.301552
7.920000 -19.301610
7.930000 -19.301674
7.940000 -19.301692
7.950000 -19.301737
7.960000 -19.301813
7.970000 -19.301822
7.980000 -19.301808
7.990000 -19.301826
8.000000 -19.301862
8.010000 -19.301906
8.020000 -19.301949
8.030000 -19.302009
8.040000 -19.302106
8.050000 -19.302155
8.060000 -19.302196
8.070000 -19.302371
8.080000 -19.302384
8.090000 -19.302450
8.100000 -19.302532
8.110000 -19.302568
8.120000 -19.302626
8.130000 -19.302629
8.140000 -19.302648
8.150000 -19.302684
8.160000 -19.302733
8.170000 -19.302733
8.180000 -19.302759
8.190000 -19.302798
8.200000 -19.302837
8.210000 -19.302854
8.220000 -19.302950
8.230000 -19.302991
8.240000 -19.303048
8.250000 -19.303134
8.260000 -19.303193
8.270000 -19.303260
8.280000 -19.303327
8.290000 -19.303279
8.300000 -19.303367
8.310000 -19.303395
8.320000 -19.303441
8.330000 -19.303503
8.340000 -19.303498
8.350000 -19.303553
8.360000 -19.303602
8.370000 -19.303634
8.380000 -19.303754
8.390000 -19.303795
8.400000 -19.303855
8.410000 -19.303950
8.420000 -19.304029
8.430000 -19.304098
8.440000 -19.304122
8.450000 -19.304200
8.460000 -19.304250
8.470000 -19.304226
8.480000 -19.304259
8.490000 -19.304289
8.500000 -19.304321
8.510000 -19.304319
8.520000 -19.304341
8.530000 -19.304405
8.540000 -19.304473
8.550000 -19.304524
8.560000 -19.304573
8.570000 -19.304680
8.580000 -19.304769
8.590000 -19.304824
8.600000 -19.304901
8.610000 -19.304985
8.620000 -19.305032
8.630000 -19.305099
8.640000 -19.305048
8.650000 -19.305121
8.660000 -19.305179
8.670000 -19.305206
8.680000 -19.305213
8.690000 -19.305238
8.700000 -19.305336
8.710000 -19.305329
8.720000 -19.305355
8.730000 -19.305427
8.740000 -19.305524
8.750000 -19.305593
8.760000 -19.305654
8.770000 -19.305720
8.780000 -19.305778
8.790000 -19.305831
8.800000 -19.305832
8.810000 -19.305906
8.820000 -19.305960
8.830000 -19.305943
8.840000 -19.306022
8.850000 -19.306048
8.860000 -19.306083
8.870000 -19.306166
8.880000 -19.306161
8.890000 -19.306252
8.900000 -19.306340
8.910000 -19.306443
8.920000 -19.306495
8.930000 -19.306560
8.940000 -19.306633
8.950000 -19.306726
8.960000 -19.306751
8.970000 -19.306780
8.980000 -19.306853
8.990000 -19.306866
9.000000 -19.306867
9.010000 -19.306919
9.020000 -19.306931
9.030000 -19.306938
9.040000 -19.306996
9.050000 -19.307057
9.060000 -19.307087
9.070000 -19.307169
9.080000 -19.307260
9.090000 -19.307279
9.100000 -19.307390
9.110000 -19.307437
9.120000 -19.307503
9.130000 -19.307583
9.140000 -19.307611
9.150000 -19.307663
9.160000 -19.307699
9.170000 -19.307743
9.180000 -19.307774
9.190000 -19.307789
9.200000 -19.307842
9.210000 -19.307899
9.220000 -19.307996
9.230000 -19.308013
9.240000 -19.308073
9.250000 -19.308156
9.260000 -19.308218
9.270000 -19.308299
9.280000 -19.308370
9.290000 -19.308371
9.300000 -19.308433
9.310000 -19.308508
9.320000 -19.308526
9.330000 -19.308522
9.340000 -19.308609
9.350000 -19.308638
9.360000 -19.308681
9.370000 -19.308756
9.380000 -19.308779
9.390000 -19.308843
9.400000 -19.308919
9.410000 -19.308986
9.420000 -19.309057
9.430000 -19.309150
9.440000 -19.309214
9.450000 -19.309258
9.460000 -19.309345
9.470000 -19.309377
9.480000 -19.309430
9.490000 -19.309477
9.500000 -19.309514
9.510000 -19.309559
9.520000 -19.309584
9.530000 -19.309592
9.540000 -19.309638
9.550000 -19.309671
9.560000 -19.309700
9.570000 -19.309759
9.580000 -19.309854
9.590000 -19.309913
9.600000 -19.309968
9.610000 -19.310062
9.620000 -19.310110
9.630000 -19.310172
9.640000 -19.310231
9.650000 -19.310323
9.660000 -19.310330
9.670000 -19.310357
9.680000 -19.310453
9.690000 -19.310466
9.700000 -19.310504
9.710000 -19.310559
9.720000 -19.310603
9.730000 -19.310653
9.740000 -19.310722
9.750000 -19.310783
9.760000 -19.310874
9.770000 -19.310923
9.780000 -19.310987
9.790000 -19.311042
9.800000 -19.311114
9.810000 -19.311153
9.820000 -19.311227
9.830000 -19.311253
9.840000 -19.311295
9.850000 -19.311346
9.860000 -19.311350
9.870000 -19.311409
9.880000 -19.311440
9.890000 -19.311513
9.900000 -19.311578
9.910000 -19.311624
9.920000 -19.311696
9.930000 -19.311794
9.940000 -19.311838
9.950000 -19.311954
9.960000 -19.311992
9.970000 -19.312059
9.980000 -19.312072
9.990000 -19.312178
10.000000 -19.312246
