0.000000 -19.264608
0.010000 -19.265031
0.020000 -19.265994
0.030000 -19.267464
0.040000 -19.269228
0.050000 -19.271135
0.060000 -19.273033
0.070000 -19.274853
0.080000 -19.276562
0.090000 -19.278230
0.100000 -19.279849
0.110000 -19.281391
0.120000 -19.282773
0.130000 -19.283859
0.140000 -19.284555
0.150000 -19.284774
0.160000 -19.284510
0.170000 -19.283862
0.180000 -19.282935
0.190000 -19.281931
0.200000 -19.280974
0.210000 -19.280203
0.220000 -19.279684
0.230000 -19.279393
0.240000 -19.279272
0.250000 -19.279213
0.260000 -19.279196
0.270000 -19.279198
0.280000 -19.279271
0.290000 -19.279472
0.300000 -19.279856
0.310000 -19.280457
0.320000 -19.281216
0.330000 -19.281981
0.340000 -19.282636
0.350000 -19.282976
0.360000 -19.282992
0.370000 -19.282690
0.380000 -19.282179
0.390000 -19.281566
0.400000 -19.281011
0.410000 -19.280579
0.420000 -19.280303
0.430000 -19.280169
0.440000 -19.280128
0.450000 -19.280124
0.460000 -19.280075
0.470000 -19.279934
0.480000 -19.279788
0.490000 -19.279717
0.500000 -19.279866
0.510000 -19.280274
0.520000 -19.280921
0.530000 -19.281610
0.540000 -19.282187
0.550000 -19.282531
0.560000 -19.282603
0.570000 -19.282427
0.580000 -19.282121
0.590000 -19.281779
0.600000 -19.281501
0.610000 -19.281232
0.620000 -19.281008
0.630000 -19.280782
0.640000 -19.280572
0.650000 -19.280396
0.660000 -19.280252
0.670000 -19.280123
0.680000 -19.280019
0.690000 -19.279956
0.700000 -19.280004
0.710000 -19.280246
0.720000 -19.280716
0.730000 -19.281329
0.740000 -19.282000
0.750000 -19.282490
0.760000 -19.282726
0.770000 -19.282612
0.780000 -19.282191
0.790000 -19.281669
0.800000 -19.281136
0.810000 -19.280789
0.820000 -19.280604
0.830000 -19.280607
0.840000 -19.280644
0.850000 -19.280672
0.860000 -19.280602
0.870000 -19.280437
0.880000 -19.280254
0.890000 -19.280073
0.900000 -19.280022
0.910000 -19.280200
0.920000 -19.280680
0.930000 -19.281351
0.940000 -19.282078
0.950000 -19.282605
0.960000 -19.282876
0.970000 -19.282780
0.980000 -19.282418
0.990000 -19.281857
1.000000 -19.281260
1.010000 -19.280836
1.020000 -19.280626
1.030000 -19.280625
1.040000 -19.280709
1.050000 -19.280812
1.060000 -19.280821
1.070000 -19.280686
1.080000 -19.280449
1.090000 -19.280230
1.100000 -19.280128
1.110000 -19.280260
1.120000 -19.280715
1.130000 -19.281392
1.140000 -19.282180
1.150000 -19.282819
1.160000 -19.283180
1.170000 -19.283149
1.180000 -19.282730
1.190000 -19.282090
1.200000 -19.281380
1.210000 -19.280838
1.220000 -19.280550
1.230000 -19.280570
1.240000 -19.280707
1.250000 -19.280905
1.260000 -19.280993
1.270000 -19.280927
1.280000 -19.280706
1.290000 -19.280415
1.300000 -19.280224
1.310000 -19.280313
1.320000 -19.280757
1.330000 -19.281512
1.340000 -19.282412
1.350000 -19.283231
1.360000 -19.283713
1.370000 -19.283701
1.380000 -19.283240
1.390000 -19.282389
1.400000 -19.281482
1.410000 -19.280718
1.420000 -19.280279
1.430000 -19.280264
1.440000 -19.280520
1.450000 -19.280904
1.460000 -19.281204
1.470000 -19.281227
1.480000 -19.281021
1.490000 -19.280632
1.500000 -19.280325
1.510000 -19.280321
1.520000 -19.280779
1.530000 -19.281706
1.540000 -19.282886
1.550000 -19.284024
1.560000 -19.284746
1.570000 -19.284805
1.580000 -19.284122
1.590000 -19.282882
1.600000 -19.281418
1.610000 -19.280102
1.620000 -19.279335
1.630000 -19.279261
1.640000 -19.279779
1.650000 -19.280586
1.660000 -19.281347
1.670000 -19.281719
1.680000 -19.281566
1.690000 -19.280984
1.700000 -19.280336
1.710000 -19.280045
1.720000 -19.280557
1.730000 -19.282040
1.740000 -19.284251
1.750000 -19.286579
1.760000 -19.288339
1.770000 -19.288789
1.780000 -19.287469
1.790000 -19.284421
1.800000 -19.280158
1.810000 -19.275674
1.820000 -19.272175
1.830000 -19.270715
1.840000 -19.271856
1.850000 -19.275395
1.860000 -19.280716
1.870000 -19.286543
1.880000 -19.291501
1.890000 -19.294346
1.900000 -19.294472
1.910000 -19.291725
1.920000 -19.286771
1.930000 -19.280948
1.940000 -19.275765
1.950000 -19.272503
1.960000 -19.271648
1.970000 -19.273130
1.980000 -19.276456
1.990000 -19.280604
2.000000 -19.284460
2.010000 -19.287210
2.020000 -19.288304
2.030000 -19.287778
2.040000 -19.286121
2.050000 -19.284060
2.060000 -19.282198
2.070000 -19.281059
2.080000 -19.280766
2.090000 -19.281118
2.100000 -19.281797
2.110000 -19.282365
2.120000 -19.282533
2.130000 -19.282178
2.140000 -19.281523
2.150000 -19.280798
2.160000 -19.280404
2.170000 -19.280500
2.180000 -19.281167
2.190000 -19.282237
2.200000 -19.283419
2.210000 -19.284402
2.220000 -19.284893
2.230000 -19.284782
2.240000 -19.284170
2.250000 -19.283290
2.260000 -19.282393
2.270000 -19.281766
2.280000 -19.281514
2.290000 -19.281615
2.300000 -19.281987
2.310000 -19.282379
2.320000 -19.282627
2.330000 -19.282640
2.340000 -19.282427
2.350000 -19.282126
2.360000 -19.281922
2.370000 -19.281930
2.380000 -19.282224
2.390000 -19.282739
2.400000 -19.283376
2.410000 -19.283919
2.420000 -19.284214
2.430000 -19.284170
2.440000 -19.283796
2.450000 -19.283224
2.460000 -19.282656
2.470000 -19.282219
2.480000 -19.282015
2.490000 -19.282088
2.500000 -19.282352
2.510000 -19.282690
2.520000 -19.282958
2.530000 -19.283077
2.540000 -19.283031
2.550000 -19.282870
2.560000 -19.282736
2.570000 -19.282689
2.580000 -19.282805
2.590000 -19.283089
2.600000 -19.283480
2.610000 -19.283808
2.620000 -19.284012
2.630000 -19.284002
2.640000 -19.283753
2.650000 -19.283367
2.660000 -19.282951
2.670000 -19.282666
2.680000 -19.282511
2.690000 -19.282577
2.700000 -19.282800
2.710000 -19.283114
2.720000 -19.283372
2.730000 -19.283548
2.740000 -19.283558
2.750000 -19.283468
2.760000 -19.283340
2.770000 -19.283264
2.780000 -19.283272
2.790000 -19.283418
2.800000 -19.283639
2.810000 -19.283858
2.820000 -19.284005
2.830000 -19.284021
2.840000 -19.283854
2.850000 -19.283560
2.860000 -19.283313
2.870000 -19.283109
2.880000 -19.283028
2.890000 -19.283099
2.900000 -19.283305
2.910000 -19.283596
2.920000 -19.283846
2.930000 -19.284012
2.940000 -19.284054
2.950000 -19.283983
2.960000 -19.283865
2.970000 -19.283736
2.980000 -19.283692
2.990000 -19.283738
3.000000 -19.283854
3.010000 -19.283989
3.020000 -19.284110
3.030000 -19.284132
3.040000 -19.284057
3.050000 -19.283889
3.060000 -19.283722
3.070000 -19.283589
3.080000 -19.283549
3.090000 -19.283635
3.100000 -19.283825
3.110000 -19.284081
3.120000 -19.284308
3.130000 -19.284470
3.140000 -19.284521
3.150000 -19.284466
3.160000 -19.284334
3.170000 -19.284194
3.180000 -19.284101
3.190000 -19.284069
3.200000 -19.284134
3.210000 -19.284226
3.220000 -19.284332
3.230000 -19.284381
3.240000 -19.284364
3.250000 -19.284272
3.260000 -19.284175
3.270000 -19.284084
3.280000 -19.284098
3.290000 -19.284189
3.300000 -19.284342
3.310000 -19.284553
3.320000 -19.284771
3.330000 -19.284929
3.340000 -19.284948
3.350000 -19.284909
3.360000 -19.284761
3.370000 -19.284613
3.380000 -19.284505
3.390000 -19.284449
3.400000 -19.284476
3.410000 -19.284550
3.420000 -19.284663
3.430000 -19.284743
3.440000 -19.284777
3.450000 -19.284758
3.460000 -19.284691
3.470000 -19.284639
3.480000 -19.284640
3.490000 -19.284708
3.500000 -19.284838
3.510000 -19.285023
3.520000 -19.285185
3.530000 -19.285300
3.540000 -19.285355
3.550000 -19.285298
3.560000 -19.285190
3.570000 -19.285067
3.580000 -19.284941
3.590000 -19.284891
3.600000 -19.284896
3.610000 -19.284984
3.620000 -19.285079
3.630000 -19.285204
3.640000 -19.285261
3.650000 -19.285274
3.660000 -19.285253
3.670000 -19.285224
3.680000 -19.285201
3.690000 -19.285242
3.700000 -19.285318
3.710000 -19.285446
3.720000 -19.285584
3.730000 -19.285681
3.740000 -19.285733
3.750000 -19.285685
3.760000 -19.285590
3.770000 -19.285486
3.780000 -19.285410
3.790000 -19.285383
3.800000 -19.285413
3.810000 -19.285484
3.820000 -19.285585
3.830000 -19.285718
3.840000 -19.285817
3.850000 -19.285843
3.860000 -19.285842
3.870000 -19.285794
3.880000 -19.285768
3.890000 -19.285747
3.900000 -19.285802
3.910000 -19.285888
3.920000 -19.285974
3.930000 -19.286058
3.940000 -19.286099
3.950000 -19.286094
3.960000 -19.286028
3.970000 -19.285955
3.980000 -19.285914
3.990000 -19.285889
4.000000 -19.285933
4.010000 -19.286026
4.020000 -19.286159
4.030000 -19.286289
4.040000 -19.286400
4.050000 -19.286441
4.060000 -19.286425
4.070000 -19.286382
4.080000 -19.286324
4.090000 -19.286283
4.100000 -19.286289
4.110000 -19.286333
4.120000 -19.286402
4.130000 -19.286479
4.140000 -19.286528
4.150000 -19.286532
4.160000 -19.286511
4.170000 -19.286486
4.180000 -19.286464
4.190000 -19.286448
4.200000 -19.286522
4.210000 -19.286616
4.220000 -19.286723
4.230000 -19.286861
4.240000 -19.286965
4.250000 -19.286998
4.260000 -19.286980
4.270000 -19.286939
4.280000 -19.286878
4.290000 -19.286825
4.300000 -19.286811
4.310000 -19.286831
4.320000 -19.286885
4.330000 -19.286958
4.340000 -19.287022
4.350000 -19.287073
4.360000 -19.287065
4.370000 -19.287068
4.380000 -19.287056
4.390000 -19.287070
4.400000 -19.287098
4.410000 -19.287193
4.420000 -19.287288
4.430000 -19.287389
4.440000 -19.287482
4.450000 -19.287519
4.460000 -19.287509
4.470000 -19.287469
4.480000 -19.287414
4.490000 -19.287373
4.500000 -19.287344
4.510000 -19.287401
4.520000 -19.287440
4.530000 -19.287531
4.540000 -19.287623
4.550000 -19.287674
4.560000 -19.287705
4.570000 -19.287702
4.580000 -19.287698
4.590000 -19.287690
4.600000 -19.287706
4.610000 -19.287777
4.620000 -19.287838
4.630000 -19.287924
4.640000 -19.287999
4.650000 -19.288026
4.660000 -19.288036
4.670000 -19.288000
4.680000 -19.287972
4.690000 -19.287941
4.700000 -19.287944
4.710000 -19.287984
4.720000 -19.288069
4.730000 -19.288151
4.740000 -19.288243
4.750000 -19.288324
4.760000 -19.288364
4.770000 -19.288357
4.780000 -19.288363
4.790000 -19.288345
4.800000 -19.288326
4.810000 -19.288347
4.820000 -19.288406
4.830000 -19.288466
4.840000 -19.288511
4.850000 -19.288563
4.860000 -19.288578
4.870000 -19.288571
4.880000 -19.288578
4.890000 -19.288559
4.900000 -19.288584
4.910000 -19.288625
4.920000 -19.288700
4.930000 -19.288804
4.940000 -19.288908
4.950000 -19.288979
4.960000 -19.289017
4.970000 -19.289023
4.980000 -19.289018
4.990000 -19.288955
5.000000 -19.288957
5.010000 -19.288947
5.020000 -19.288971
5.030000 -19.289061
5.040000 -19.289095
5.050000 -19.289166
5.060000 -19.289194
5.070000 -19.289217
5.080000 -19.289202
5.090000 -19.289232
5.100000 -19.289262
5.110000 -19.289288
5.120000 -19.289363
5.130000 -19.289434
5.140000 -19.289528
5.150000 -19.289607
5.160000 -19.289634
5.170000 -19.289641
5.180000 -19.289646
5.190000 -19.289595
5.200000 -19.289575
5.210000 -19.289595
5.220000 -19.289608
5.230000 -19.289679
5.240000 -19.289739
5.250000 -19.289831
5.260000 -19.289856
5.270000 -19.289912
5.280000 -19.289923
5.290000 -19.289937
5.300000 -19.289935
5.310000 -19.289962
5.320000 -19.290020
5.330000 -19.290083
5.340000 -19.290148
5.350000 -19.290213
5.360000 -19.290241
5.370000 -19.290241
5.380000 -19.290254
5.390000 -19.290230
5.400000 -19.290241
5.410000 -19.290259
5.420000 -19.290302
5.430000 -19.290385
5.440000 -19.290449
5.450000 -19.290548
5.460000 -19.290612
5.470000 -19.290642
5.480000 -19.290656
5.490000 -19.290654
5.500000 -19.290656
5.510000 -19.290666
5.520000 -19.290669
5.530000 -19.290734
5.540000 -19.290771
5.550000 -19.290829
5.560000 -19.290868
5.570000 -19.290916
5.580000 -19.290927
5.590000 -19.290936
5.600000 -19.290944
5.610000 -19.290972
5.620000 -19.291023
5.630000 -19.291097
5.640000 -19.291186
5.650000 -19.291258
5.660000 -19.291322
5.670000 -19.291364
5.680000 -19.291372
5.690000 -19.291362
5.700000 -19.291371
5.710000 -19.291351
5.720000 -19.291358
5.730000 -19.291415
5.740000 -19.291456
5.750000 -19.291514
5.760000 -19.291573
5.770000 -19.291626
5.780000 -19.291660
5.790000 -19.291670
5.800000 -19.291688
5.810000 -19.291715
5.820000 -19.291752
5.830000 -19.291814
5.840000 -19.291877
5.850000 -19.291951
5.860000 -19.292027
5.870000 -19.292051
5.880000 -19.292060
5.890000 -19.292071
5.900000 -19.292050
5.910000 -19.292053
5.920000 -19.292089
5.930000 -19.292138
5.940000 -19.292203
5.950000 -19.292273
5.960000 -19.292344
5.970000 -19.292425
5.980000 -19.292447
5.990000 -19.292462
6.000000 -19.292471
6.010000 -19.292475
6.020000 -19.292503
6.030000 -19.292525
6.040000 -19.292581
6.050000 -19.292647
6.060000 -19.292715
6.070000 -19.292734
6.080000 -19.292750
6.090000 -19.292786
6.100000 -19.292793
6.110000 -19.292808
6.120000 -19.292846
6.130000 -19.292906
6.140000 -19.292970
6.150000 -19.293010
6.160000 -19.293132
6.170000 -19.293174
6.180000 -19.293212
6.190000 -19.293240
6.200000 -19.293232
6.210000 -19.293247
6.220000 -19.293250
6.230000 -19.293285
6.240000 -19.293336
6.250000 -19.293372
6.260000 -19.293433
6.270000 -19.293483
6.280000 -19.293516
6.290000 -19.293587
6.300000 -19.293578
6.310000 -19.293580
6.320000 -19.293653
6.330000 -19.293686
6.340000 -19.293750
6.350000 -19.293821
6.360000 -19.293883
6.370000 -19.293943
6.380000 -19.293984
6.390000 -19.293984
6.400000 -19.294003
6.410000 -19.294013
6.420000 -19.294026
6.430000 -19.294063
6.440000 -19.294103
6.450000 -19.294181
6.460000 -19.294228
6.470000 -19.294315
6.480000 -19.294363
6.490000 -19.294389
6.500000 -19.294406
6.510000 -19.294428
6.520000 -19.294450
6.530000 -19.294487
6.540000 -19.294533
6.550000 -19.294578
6.560000 -19.294650
6.570000 -19.294687
6.580000 -19.294730
6.590000 -19.294765
6.600000 -19.294778
6.610000 -19.294793
6.620000 -19.294828
6.630000 -19.294870
6.640000 -19.294930
6.650000 -19.294978
6.660000 -19.295054
6.670000 -19.295127
6.680000 -19.295181
6.690000 -19.295230
6.700000 -19.295253
6.710000 -19.295264
6.720000 -19.295279
6.730000 -19.295290
6.740000 -19.295325
6.750000 -19.295368
6.760000 -19.295431
6.770000 -19.295473
6.780000 -19.295526
6.790000 -19.295589
6.800000 -19.295607
6.810000 -19.295618
6.820000 -19.295670
6.830000 -19.295704
6.840000 -19.295748
6.850000 -19.295813
6.860000 -19.295878
6.870000 -19.295940
6.880000 -19.296010
6.890000 -19.296047
6.900000 -19.296057
6.910000 -19.296076
6.920000 -19.296097
6.930000 -19.296104
6.940000 -19.296146
6.950000 -19.296196
6.960000 -19.296267
6.970000 -19.296322
6.980000 -19.296385
6.990000 -19.296450
7.000000 -19.296481
7.010000 -19.296521
7.020000 -19.296529
7.030000 -19.296557
7.040000 -19.296597
7.050000 -19.296631
7.060000 -19.296688
7.070000 -19.296766
7.080000 -19.296808
7.090000 -19.296861
7.100000 -19.296870
7.110000 -19.296905
7.120000 -19.296928
7.130000 -19.296972
7.140000 -19.297011
7.150000 -19.297079
7.160000 -19.297127
7.170000 -19.297207
7.180000 -19.297276
7.190000 -19.297339
7.200000 -19.297360
7.210000 -19.297390
7.220000 -19.297418
7.230000 -19.297426
7.240000 -19.297451
7.250000 -19.297477
7.260000 -19.297547
7.270000 -19.297584
7.280000 -19.297640
7.290000 -19.297702
7.300000 -19.297757
7.310000 -19.297791
7.320000 -19.297792
7.330000 -19.297860
7.340000 -19.297900
7.350000 -19.297954
7.360000 -19.298003
7.370000 -19.298075
7.380000 -19.298135
7.390000 -19.298177
7.400000 -19.298215
7.410000 -19.298245
7.420000 -19.298291
7.430000 -19.298296
7.440000 -19.298325
7.450000 -19.298369
7.460000 -19.298417
7.470000 -19.298510
7.480000 -19.298566
7.490000 -19.298615
7.500000 -19.298680
7.510000 -19.298715
7.520000 -19.298751
7.530000 -19.298774
7.540000 -19.298800
7.550000 -19.298835
7.560000 -19.298874
7.570000 -19.298925
7.580000 -19.298994
7.590000 -19.299043
7.600000 -19.299094
7.610000 -19.299134
7.620000 -19.299152
7.630000 -19.299199
7.640000 -19.299225
7.650000 -19.299271
7.660000 -19.299350
7.670000 -19.299406
7.680000 -19.299470
7.690000 -19.299529
7.700000 -19.299610
7.710000 -19.299638
7.720000 -19.299685
7.730000 -19.299681
7.740000 -19.299704
7.750000 -19.299734
7.760000 -19.299777
7.770000 -19.299848
7.780000 -19.299886
7.790000 -19.299945
7.800000 -19.300041
7.810000 -19.300058
7.820000 -19.300121
7.830000 -19.300166
7.840000 -19.300169
7.850000 -19.300219
7.860000 -19.300269
7.870000 -19.300325
7.880000 -19.300375
7.890000 -19.300432
7.900000 -19.300479
7.910000 -19.300524
7.920000 -19.300556
7.930000 -19.300595
7.940000 -19.300619
7.950000 -19.300662
7.960000 -19.300717
7.970000 -19.300775
7.980000 -19.300811
7.990000 -19.300910
8.000000 -19.300977
8.010000 -19.301035
8.020000 -19.301065
8.030000 -19.301092
8.040000 -19.301135
8.050000 -19.301162
8.060000 -19.301207
8.070000 -19.301247
8.080000 -19.301300
8.090000 -19.301361
8.100000 -19.301427
8.110000 -19.301460
8.120000 -19.301504
8.130000 -19.301549
8.140000 -19.301580
8.150000 -19.301624
8.160000 -19.301680
8.170000 -19.301728
8.180000 -19.301771
8.190000 -19.301880
8.200000 -19.301932
8.210000 -19.301962
8.220000 -19.302025
8.230000 -19.302047
8.240000 -19.302064
8.250000 -19.302117
8.260000 -19.302145
8.270000 -19.302194
8.280000 -19.302271
8.290000 -19.302293
8.300000 -19.302382
8.310000 -19.302453
8.320000 -19.302495
8.330000 -19.302545
8.340000 -19.302567
8.350000 -19.302605
8.360000 -19.302644
8.370000 -19.302679
8.380000 -19.302754
8.390000 -19.302795
8.400000 -19.302857
8.410000 -19.302912
8.420000 -19.302963
8.430000 -19.303002
8.440000 -19.303025
8.450000 -19.303079
8.460000 -19.303142
8.470000 -19.303161
8.480000 -19.303225
8.490000 -19.303302
8.500000 -19.303371
8.510000 -19.303432
8.520000 -19.303488
8.530000 -19.303516
8.540000 -19.303563
8.550000 -19.303586
8.560000 -19.303621
8.570000 -19.303678
8.580000 -19.303734
8.590000 -19.303778
8.600000 -19.303842
8.610000 -19.303913
8.620000 -19.303960
8.630000 -19.304015
8.640000 -19.304061
8.650000 -19.304085
8.660000 -19.304134
8.670000 -19.304190
8.680000 -19.304234
8.690000 -19.304283
8.700000 -19.304357
8.710000 -19.304405
8.720000 -19.304453
8.730000 -19.304499
8.740000 -19.304541
8.750000 -19.304585
8.760000 -19.304616
8.770000 -19.304664
8.780000 -19.304726
8.790000 -19.304788
8.800000 -19.304848
8.810000 -19.304930
8.820000 -19.304998
8.830000 -19.305030
8.840000 -19.305077
8.850000 -19.305103
8.860000 -19.305137
8.870000 -19.305199
8.880000 -19.305219
8.890000 -19.305287
8.900000 -19.305334
8.910000 -19.305404
8.920000 -19.305454
8.930000 -19.305503
8.940000 -19.305552
8.950000 -19.305618
8.960000 -19.305648
8.970000 -19.305694
8.980000 -19.305764
8.990000 -19.305823
9.000000 -19.305851
9.010000 -19.305941
9.020000 -19.305991
9.030000 -19.306045
9.040000 -19.306080
9.050000 -19.306124
9.060000 -19.306156
9.070000 -19.306204
9.080000 -19.306261
9.090000 -19.306294
9.100000 -19.306322
9.110000 -19.306430
9.120000 -19.306497
9.130000 -19.306563
9.140000 -19.306598
9.150000 -19.306655
9.160000 -19.306686
9.170000 -19.306728
9.180000 -19.306784
9.190000 -19.306820
9.200000 -19.306884
9.210000 -19.306932
9.220000 -19.307014
9.230000 -19.307054
9.240000 -19.307103
9.250000 -19.307167
9.260000 -19.307198
9.270000 -19.307250
9.280000 -19.307294
9.290000 -19.307334
9.300000 -19.307404
9.310000 -19.307494
9.320000 -19.307545
9.330000 -19.307584
9.340000 -19.307667
9.350000 -19.307704
9.360000 -19.307742
9.370000 -19.307771
9.380000 -19.307823
9.390000 -19.307881
9.400000 -19.307926
9.410000 -19.307977
9.420000 -19.308057
9.430000 -19.308123
9.440000 -19.308179
9.450000 -19.308218
9.460000 -19.308274
9.470000 -19.308314
9.480000 -19.308351
9.490000 -19.308407
9.500000 -19.308465
9.510000 -19.308521
9.520000 -19.308588
9.530000 -19.308639
9.540000 -19.308698
9.550000 -19.308737
9.560000 -19.308783
9.570000 -19.308825
9.580000 -19.308895
9.590000 -19.308933
9.600000 -19.308990
9.610000 -19.309050
9.620000 -19.309137
9.630000 -19.309189
9.640000 -19.309244
9.650000 -19.309321
9.660000 -19.309334
9.670000 -19.309386
9.680000 -19.309434
9.690000 -19.309462
9.700000 -19.309528
9.710000 -19.309590
9.720000 -19.309642
9.730000 -19.309694
9.740000 -19.309771
9.750000 -19.309823
9.760000 -19.309878
9.770000 -19.309911
9.780000 -19.309964
9.790000 -19.310009
9.800000 -19.310079
9.810000 -19.310115
9.820000 -19.310185
9.830000 -19.310247
9.840000 -19.310321
9.850000 -19.310392
9.860000 -19.310400
9.870000 -19.310449
9.880000 -19.310501
9.890000 -19.310563
9.900000 -19.310609
9.910000 -19.310659
9.920000 -19.310736
9.930000 -19.310816
9.940000 -19.310868
9.950000 -19.310939
9.960000 -19.310973
9.970000 -19.311027
9.980000 -19.311066
9.990000 -19.311113
10.000000 -19.311173
