0.000000 -11.149169
0.001000 -11.158528
0.002000 -11.186583
0.003000 -11.233218
0.004000 -11.298231
0.005000 -11.381275
0.006000 -11.481943
0.007000 -11.599593
0.008000 -11.733550
0.009000 -11.882985
0.010000 -12.046907
0.011000 -12.224274
0.012000 -12.413955
0.013000 -12.614727
0.014000 -12.825291
0.015000 -13.044314
0.016000 -13.270427
0.017000 -13.502210
0.018000 -13.738255
0.019000 -13.977113
0.020000 -14.217368
0.021000 -14.457600
0.022000 -14.696406
0.023000 -14.932436
0.024000 -15.164355
0.025000 -15.390900
0.026000 -15.610853
0.027000 -15.823076
0.028000 -16.026465
0.029000 -16.220052
0.030000 -16.402924
0.031000 -16.574270
0.032000 -16.733406
0.033000 -16.879766
0.034000 -17.012897
0.035000 -17.132458
0.036000 -17.238254
0.037000 -17.330226
0.038000 -17.408406
0.039000 -17.472953
0.040000 -17.524103
0.041000 -17.562247
0.042000 -17.587825
0.043000 -17.601359
0.044000 -17.603480
0.045000 -17.594851
0.046000 -17.576236
0.047000 -17.548442
0.048000 -17.512318
0.049000 -17.468771
0.050000 -17.418741
0.051000 -17.363158
0.052000 -17.303013
0.053000 -17.239253
0.054000 -17.172868
0.055000 -17.104791
0.056000 -17.035960
0.057000 -16.967250
0.058000 -16.899532
0.059000 -16.833589
0.060000 -16.770184
0.061000 -16.709992
0.062000 -16.653652
0.063000 -16.601730
0.064000 -16.554703
0.065000 -16.513013
0.066000 -16.477000
0.067000 -16.446907
0.068000 -16.422944
0.069000 -16.405242
0.070000 -16.393820
0.071000 -16.388652
0.072000 -16.389636
0.073000 -16.396616
0.074000 -16.409346
0.075000 -16.427545
0.076000 -16.450870
0.077000 -16.478936
0.078000 -16.511303
0.079000 -16.547504
0.080000 -16.587019
0.081000 -16.629332
0.082000 -16.673882
0.083000 -16.720095
0.084000 -16.767398
0.085000 -16.815222
0.086000 -16.862972
0.087000 -16.910109
0.088000 -16.956084
0.089000 -17.000381
0.090000 -17.042518
0.091000 -17.082054
0.092000 -17.118574
0.093000 -17.151735
0.094000 -17.181220
0.095000 -17.206772
0.096000 -17.228192
0.097000 -17.245326
0.098000 -17.258070
0.099000 -17.266392
0.100000 -17.270280
0.101000 -17.269795
0.102000 -17.265044
0.103000 -17.256175
0.104000 -17.243378
0.105000 -17.226889
0.106000 -17.206989
0.107000 -17.183970
0.108000 -17.158205
0.109000 -17.130032
0.110000 -17.099856
0.111000 -17.068062
0.112000 -17.035087
0.113000 -17.001339
0.114000 -16.967248
0.115000 -16.933228
0.116000 -16.899683
0.117000 -16.867014
0.118000 -16.835595
0.119000 -16.805780
0.120000 -16.777911
0.121000 -16.752272
0.122000 -16.729148
0.123000 -16.708779
0.124000 -16.691352
0.125000 -16.677028
0.126000 -16.665944
0.127000 -16.658171
0.128000 -16.653760
0.129000 -16.652708
0.130000 -16.654971
0.131000 -16.660486
0.132000 -16.669146
0.133000 -16.680792
0.134000 -16.695258
0.135000 -16.712333
0.136000 -16.731785
0.137000 -16.753349
0.138000 -16.776744
0.139000 -16.801674
0.140000 -16.827817
0.141000 -16.854846
0.142000 -16.882426
0.143000 -16.910229
0.144000 -16.937900
0.145000 -16.965121
0.146000 -16.991575
0.147000 -17.016941
0.148000 -17.040946
0.149000 -17.063309
0.150000 -17.083790
0.151000 -17.102184
0.152000 -17.118290
0.153000 -17.131949
0.154000 -17.143057
0.155000 -17.151495
0.156000 -17.157216
0.157000 -17.160190
0.158000 -17.160423
0.159000 -17.157939
0.160000 -17.152805
0.161000 -17.145129
0.162000 -17.135030
0.163000 -17.122651
0.164000 -17.108184
0.165000 -17.091816
0.166000 -17.073772
0.167000 -17.054301
0.168000 -17.033645
0.169000 -17.012069
0.170000 -16.989842
0.171000 -16.967239
0.172000 -16.944545
0.173000 -16.922020
0.174000 -16.899942
0.175000 -16.878566
0.176000 -16.858146
0.177000 -16.838897
0.178000 -16.821056
0.179000 -16.804816
0.180000 -16.790349
0.181000 -16.777825
0.182000 -16.767344
0.183000 -16.759038
0.184000 -16.752954
0.185000 -16.749163
0.186000 -16.747674
0.187000 -16.748486
0.188000 -16.751574
0.189000 -16.756863
0.190000 -16.764274
0.191000 -16.773709
0.192000 -16.785027
0.193000 -16.798088
0.194000 -16.812716
0.195000 -16.828720
0.196000 -16.845902
0.197000 -16.864047
0.198000 -16.882920
0.199000 -16.902296
0.200000 -16.921935
0.201000 -16.941589
0.202000 -16.961038
0.203000 -16.980037
0.204000 -16.998364
0.205000 -17.015796
0.206000 -17.032153
0.207000 -17.047229
0.208000 -17.060866
0.209000 -17.072917
0.210000 -17.083255
0.211000 -17.091783
0.212000 -17.098409
0.213000 -17.103076
0.214000 -17.105753
0.215000 -17.106430
0.216000 -17.105119
0.217000 -17.101848
0.218000 -17.096678
0.219000 -17.089690
0.220000 -17.080983
0.221000 -17.070683
0.222000 -17.058920
0.223000 -17.045850
0.224000 -17.031646
0.225000 -17.016494
0.226000 -17.000569
0.227000 -16.984075
0.228000 -16.967228
0.229000 -16.950222
0.230000 -16.933264
0.231000 -16.916561
0.232000 -16.900309
0.233000 -16.884687
0.234000 -16.869882
0.235000 -16.856082
0.236000 -16.843430
0.237000 -16.832065
0.238000 -16.822114
0.239000 -16.813687
0.240000 -16.806867
0.241000 -16.801731
0.242000 -16.798313
0.243000 -16.796648
0.244000 -16.796744
0.245000 -16.798580
0.246000 -16.802126
0.247000 -16.807322
0.248000 -16.814101
0.249000 -16.822368
0.250000 -16.832015
0.251000 -16.842923
0.252000 -16.854946
0.253000 -16.867935
0.254000 -16.881736
0.255000 -16.896169
0.256000 -16.911055
0.257000 -16.926216
0.258000 -16.941463
0.259000 -16.956616
0.260000 -16.971486
0.261000 -16.985899
0.262000 -16.999680
0.263000 -17.012675
0.264000 -17.024723
0.265000 -17.035704
0.266000 -17.045475
0.267000 -17.053951
0.268000 -17.061028
0.269000 -17.066634
0.270000 -17.070722
0.271000 -17.073263
0.272000 -17.074219
0.273000 -17.073606
0.274000 -17.071441
0.275000 -17.067761
0.276000 -17.062617
0.277000 -17.056079
0.278000 -17.048251
0.279000 -17.039222
0.280000 -17.029110
0.281000 -17.018048
0.282000 -17.006181
0.283000 -16.993644
0.284000 -16.980601
0.285000 -16.967212
0.286000 -16.953639
0.287000 -16.940054
0.288000 -16.926602
0.289000 -16.913458
0.290000 -16.900770
0.291000 -16.888691
0.292000 -16.877357
0.293000 -16.866905
0.294000 -16.857452
0.295000 -16.849097
0.296000 -16.841940
0.297000 -16.836061
0.298000 -16.831511
0.299000 -16.828347
0.300000 -16.826589
0.301000 -16.826253
0.302000 -16.827326
0.303000 -16.829799
0.304000 -16.833623
0.305000 -16.838753
0.306000 -16.845113
0.307000 -16.852631
0.308000 -16.861203
0.309000 -16.870725
0.310000 -16.881082
0.311000 -16.892140
0.312000 -16.903762
0.313000 -16.915807
0.314000 -16.928125
0.315000 -16.940564
0.316000 -16.952976
0.317000 -16.965213
0.318000 -16.977126
0.319000 -16.988565
0.320000 -16.999401
0.321000 -17.009513
0.322000 -17.018774
0.323000 -17.027086
0.324000 -17.034352
0.325000 -17.040499
0.326000 -17.045452
0.327000 -17.049171
0.328000 -17.051622
0.329000 -17.052774
0.330000 -17.052623
0.331000 -17.051193
0.332000 -17.048498
0.333000 -17.044560
0.334000 -17.039474
0.335000 -17.033278
0.336000 -17.026065
0.337000 -17.017921
0.338000 -17.008950
0.339000 -16.999269
0.340000 -16.988997
0.341000 -16.978256
0.342000 -16.967191
0.343000 -16.955922
0.344000 -16.944593
0.345000 -16.933335
0.346000 -16.922290
0.347000 -16.911585
0.348000 -16.901348
0.349000 -16.891687
0.350000 -16.882726
0.351000 -16.874577
0.352000 -16.867314
0.353000 -16.861027
0.354000 -16.855783
0.355000 -16.851654
0.356000 -16.848660
0.357000 -16.846843
0.358000 -16.846216
0.359000 -16.846776
0.360000 -16.848518
0.361000 -16.851403
0.362000 -16.855405
0.363000 -16.860467
0.364000 -16.866519
0.365000 -16.873488
0.366000 -16.881286
0.367000 -16.889821
0.368000 -16.898985
0.369000 -16.908663
0.370000 -16.918740
0.371000 -16.929084
0.372000 -16.939569
0.373000 -16.950083
0.374000 -16.960481
0.375000 -16.970648
0.376000 -16.980456
0.377000 -16.989786
0.378000 -16.998538
0.379000 -17.006598
0.380000 -17.013879
0.381000 -17.020303
0.382000 -17.025788
0.383000 -17.030290
0.384000 -17.033748
0.385000 -17.036130
0.386000 -17.037419
0.387000 -17.037606
0.388000 -17.036693
0.389000 -17.034690
0.390000 -17.031633
0.391000 -17.027562
0.392000 -17.022541
0.393000 -17.016618
0.394000 -17.009887
0.395000 -17.002409
0.396000 -16.994295
0.397000 -16.985647
0.398000 -16.976570
0.399000 -16.967159
0.400000 -16.957549
0.405000 -16.910459
0.410000 -16.874825
0.415000 -16.860670
0.420000 -16.871568
0.425000 -16.903850
0.430000 -16.947766
0.435000 -16.990220
0.440000 -17.018854
0.445000 -17.025758
0.450000 -17.009480
0.455000 -16.975267
0.460000 -16.933446
0.465000 -16.896318
0.470000 -16.874542
0.475000 -16.874074
0.480000 -16.894637
0.485000 -16.929929
0.490000 -16.969400
0.495000 -17.001403
0.500000 -17.016790
0.505000 -17.011517
0.510000 -16.987551
0.515000 -16.952210
0.520000 -16.916001
0.525000 -16.889438
0.530000 -16.880036
0.535000 -16.890188
0.540000 -16.916644
0.545000 -16.951491
0.550000 -16.984356
0.555000 -17.005674
0.560000 -17.009511
0.565000 -16.995122
0.570000 -16.967014
0.575000 -16.933603
0.580000 -16.904706
0.585000 -16.888612
0.590000 -16.889767
0.595000 -16.907560
0.600000 -16.936620
0.605000 -16.968294
0.610000 -16.993231
0.615000 -17.004303
0.620000 -16.998586
0.625000 -16.978023
0.630000 -16.948849
0.635000 -16.919695
0.640000 -16.899021
0.645000 -16.892695
0.650000 -16.902320
0.655000 -16.924909
0.660000 -16.953723
0.665000 -16.980217
0.670000 -16.996670
0.675000 -16.998498
0.680000 -16.985435
0.685000 -16.961494
0.690000 -16.933824
0.695000 -16.910522
0.700000 -16.898306
0.705000 -16.900535
0.710000 -16.916372
0.715000 -16.941082
0.720000 -16.967324
0.725000 -16.987353
0.730000 -16.995446
0.735000 -16.989471
0.740000 -16.971369
0.745000 -16.946583
0.750000 -16.922434
0.755000 -16.905941
0.760000 -16.901765
0.765000 -16.910962
0.770000 -16.930716
0.775000 -16.955161
0.780000 -16.977053
0.785000 -16.990018
0.790000 -16.990439
0.795000 -16.978393
0.800000 -16.957550
0.805000 -16.934116
0.810000 -16.914940
0.815000 -16.905533
0.820000 -16.908501
0.825000 -16.922835
0.830000 -16.944266
0.835000 -16.966432
0.840000 -16.982815
0.845000 -16.988726
0.850000 -16.982609
0.855000 -16.966417
0.860000 -16.945003
0.865000 -16.924663
0.870000 -16.911308
0.875000 -16.908724
0.880000 -16.917525
0.885000 -16.935056
0.890000 -16.956111
0.895000 -16.974458
0.900000 -16.984773
0.905000 -16.984170
0.910000 -16.972991
0.915000 -16.954616
0.920000 -16.934502
0.925000 -16.918525
0.930000 -16.911276
0.935000 -16.914749
0.940000 -16.927834
0.945000 -16.946629
0.950000 -16.965571
0.955000 -16.979087
0.960000 -16.983324
0.965000 -16.977187
0.970000 -16.962595
0.975000 -16.943895
0.980000 -16.926607
0.985000 -16.915729
0.990000 -16.914344
0.995000 -16.922760
1.000000 -16.938427
1.005000 -16.956707
1.010000 -16.972204
1.015000 -16.980419
1.020000 -16.979068
1.025000 -16.968668
1.030000 -16.952366
1.035000 -16.934989
1.040000 -16.921605
1.045000 -16.916067
1.050000 -16.919875
1.055000 -16.931844
1.060000 -16.948417
1.065000 -16.964680
1.070000 -16.975868
1.075000 -16.978799
1.080000 -16.972727
1.085000 -16.959531
1.090000 -16.943155
1.095000 -16.928406
1.100000 -16.919550
1.105000 -16.919095
1.110000 -16.927084
1.115000 -16.941117
1.120000 -16.957031
1.125000 -16.970140
1.130000 -16.976645
1.135000 -16.974743
1.140000 -16.965103
1.145000 -16.950627
1.150000 -16.935600
1.155000 -16.924397
1.160000 -16.920228
1.165000 -16.924230
1.170000 -16.935160
1.175000 -16.949760
1.180000 -16.963724
1.185000 -16.972968
1.190000 -16.974852
1.195000 -16.968928
1.200000 -16.957035
1.205000 -16.942705
1.210000 -16.930144
1.215000 -16.922983
1.220000 -16.923240
1.225000 -16.930764
1.230000 -16.943289
1.235000 -16.957109
1.240000 -16.968159
1.245000 -16.973249
1.250000 -16.970971
1.255000 -16.962091
1.260000 -16.949288
1.265000 -16.936337
1.270000 -16.927009
1.275000 -16.923968
1.280000 -16.928036
1.285000 -16.937946
1.290000 -16.950752
1.295000 -16.962676
1.300000 -16.970244
1.305000 -16.971304
1.310000 -16.965639
1.315000 -16.954984
1.320000 -16.942520
1.325000 -16.931887
1.330000 -16.926172
1.335000 -16.926958
1.340000 -16.933955
1.345000 -16.945050
1.350000 -16.956963
1.355000 -16.966200
1.360000 -16.970099
1.365000 -16.967599
1.370000 -16.959515
1.375000 -16.948283
1.380000 -16.937218
1.385000 -16.929527
1.390000 -16.927413
1.395000 -16.931421
1.400000 -16.940313
1.405000 -16.951434
1.410000 -16.961515
1.415000 -16.967627
1.420000 -16.968043
1.425000 -16.962713
1.430000 -16.953290
1.435000 -16.942557
1.440000 -16.933677
1.445000 -16.929189
1.450000 -16.930345
1.455000 -16.936749
1.460000 -16.946460
1.465000 -16.956603
1.470000 -16.964218
1.475000 -16.967120
1.480000 -16.964525
1.485000 -16.957275
1.490000 -16.947558
1.495000 -16.938230
1.500000 -16.931997
1.505000 -16.930635
1.510000 -16.934471
1.515000 -16.942315
1.520000 -16.951836
1.525000 -16.960231
1.530000 -16.965066
1.535000 -16.964987
1.540000 -16.960096
1.545000 -16.951897
1.550000 -16.942815
1.555000 -16.935516
1.560000 -16.932085
1.565000 -16.933474
1.570000 -16.939213
1.575000 -16.947551
1.580000 -16.956036
1.585000 -16.962188
1.590000 -16.964255
1.595000 -16.961694
1.600000 -16.955338
1.605000 -16.947092
1.610000 -16.939386
1.615000 -16.934446
1.620000 -16.933679
1.625000 -16.937231
1.630000 -16.944006
1.635000 -16.951979
1.640000 -16.958814
1.645000 -16.962537
1.650000 -16.962122
1.655000 -16.957749
1.660000 -16.950776
1.665000 -16.943262
1.670000 -16.937410
1.675000 -16.934887
1.680000 -16.936377
1.685000 -16.941375
1.690000 -16.948364
1.695000 -16.955278
1.700000 -16.960112
1.705000 -16.961497
1.710000 -16.959093
1.715000 -16.953664
1.720000 -16.946852
1.725000 -16.940659
1.730000 -16.936870
1.735000 -16.936553
1.740000 -16.939727
1.745000 -16.945406
1.750000 -16.951891
1.755000 -16.957285
1.760000 -16.960044
1.765000 -16.959415
1.770000 -16.955648
1.775000 -16.949904
1.780000 -16.943890
1.785000 -16.939354
1.790000 -16.937590
1.795000 -16.939056
1.800000 -16.943261
1.805000 -16.948915
1.810000 -16.954355
1.815000 -16.958008
1.820000 -16.958854
1.825000 -16.956706
1.830000 -16.952245
1.835000 -16.946830
1.840000 -16.942041
1.845000 -16.939263
1.850000 -16.939261
1.855000 -16.941968
1.860000 -16.946536
1.865000 -16.951589
1.870000 -16.955673
1.875000 -16.957608
1.880000 -16.956892
1.885000 -16.953794
1.890000 -16.949268
1.895000 -16.944662
1.900000 -16.941319
1.905000 -16.940176
1.910000 -16.941511
1.915000 -16.944871
1.920000 -16.949228
1.925000 -16.953299
1.930000 -16.955911
1.935000 -16.956354
1.940000 -16.954544
1.945000 -16.951075
1.950000 -16.946990
1.955000 -16.943496
1.960000 -16.941590
1.965000 -16.941781
1.970000 -16.943953
1.975000 -16.947416
1.980000 -16.951133
1.985000 -16.954023
1.990000 -16.955275
1.995000 -16.954578
2.000000 -16.952188
2.005000 -16.948851
2.010000 -16.945563
2.015000 -16.943272
2.020000 -16.942615
2.025000 -16.943728
2.030000 -16.946229
2.035000 -16.949347
2.040000 -16.952165
2.045000 -16.953877
2.050000 -16.954035
2.055000 -16.952638
2.060000 -16.950149
2.065000 -16.947322
2.070000 -16.944991
2.075000 -16.943814
2.080000 -16.944088
2.085000 -16.945676
2.090000 -16.948068
2.095000 -16.950548
2.100000 -16.952392
2.105000 -16.953101
2.110000 -16.952513
2.115000 -16.950854
2.120000 -16.948643
2.125000 -16.946547
2.130000 -16.945166
2.135000 -16.944868
2.140000 -16.945690
2.145000 -16.947342
2.150000 -16.949310
2.155000 -16.951013
2.160000 -16.951974
2.165000 -16.951957
2.170000 -16.951016
2.175000 -16.949468
2.180000 -16.947788
2.185000 -16.946474
2.190000 -16.945884
2.195000 -16.946148
2.200000 -16.947139
2.205000 -16.948529
2.210000 -16.949900
2.215000 -16.950854
2.220000 -16.951147
2.225000 -16.950742
2.230000 -16.949799
2.235000 -16.948623
2.240000 -16.947573
2.245000 -16.946947
2.250000 -16.946890
2.255000 -16.947377
2.260000 -16.948225
2.265000 -16.949158
2.270000 -16.949905
2.275000 -16.950267
2.280000 -16.950176
2.285000 -16.949707
2.290000 -16.949023
2.295000 -16.948355
2.300000 -16.947891
2.305000 -16.947746
2.310000 -16.947924
2.315000 -16.948338
2.320000 -16.948828
2.325000 -16.949251
2.330000 -16.949485
2.335000 -16.949493
2.340000 -16.949311
2.345000 -16.949030
2.350000 -16.948761
2.355000 -16.948587
2.360000 -16.948551
2.365000 -16.948632
2.370000 -16.948769
2.375000 -16.948892
2.380000 -16.948949
2.385000 -16.948921
2.390000 -16.948838
2.395000 -16.948753
2.400000 -16.948728
2.405000 -16.948803
2.410000 -16.948969
2.415000 -16.949172
2.420000 -16.949337
2.425000 -16.949385
2.430000 -16.949275
2.435000 -16.949007
2.440000 -16.948663
2.445000 -16.948350
2.450000 -16.948185
2.455000 -16.948245
2.460000 -16.948544
2.465000 -16.949014
2.470000 -16.949527
2.475000 -16.949914
2.480000 -16.950043
2.485000 -16.949853
2.490000 -16.949373
2.495000 -16.948733
2.500000 -16.948125
2.505000 -16.947741
2.510000 -16.947716
2.515000 -16.948088
2.520000 -16.948769
2.525000 -16.949570
2.530000 -16.950256
2.535000 -16.950608
2.540000 -16.950502
2.545000 -16.949947
2.550000 -16.949097
2.555000 -16.948196
2.560000 -16.947516
2.565000 -16.947272
2.570000 -16.947560
2.575000 -16.948317
2.580000 -16.949334
2.585000 -16.950321
2.590000 -16.950974
2.595000 -16.951090
2.600000 -16.950618
2.605000 -16.949683
2.610000 -16.948555
2.615000 -16.947568
2.620000 -16.947018
2.625000 -16.947085
2.630000 -16.947762
2.635000 -16.948880
2.640000 -16.950107
2.645000 -16.951080
2.650000 -16.951508
2.655000 -16.951251
2.660000 -16.950382
2.665000 -16.949138
2.670000 -16.947894
2.675000 -16.947016
2.680000 -16.946774
2.685000 -16.947243
2.690000 -16.948307
2.695000 -16.949662
2.700000 -16.950912
2.705000 -16.951683
2.710000 -16.951745
2.715000 -16.951071
2.720000 -16.949856
2.725000 -16.948453
2.730000 -16.947282
2.735000 -16.946685
2.740000 -16.946847
2.745000 -16.947731
2.750000 -16.949081
2.755000 -16.950508
2.760000 -16.951591
2.765000 -16.952010
2.770000 -16.951642
2.775000 -16.950587
2.780000 -16.949165
2.785000 -16.947785
2.790000 -16.946861
2.795000 -16.946663
2.800000 -16.947254
2.805000 -16.948461
2.810000 -16.949944
2.815000 -16.951255
2.820000 -16.952018
2.825000 -16.952009
2.830000 -16.951231
2.835000 -16.949919
2.840000 -16.948459
2.845000 -16.947280
2.850000 -16.946728
2.855000 -16.946966
2.860000 -16.947921
2.865000 -16.949311
2.870000 -16.950732
2.875000 -16.951774
2.880000 -16.952123
2.885000 -16.951693
2.890000 -16.950609
2.895000 -16.949201
2.900000 -16.947882
2.905000 -16.947039
2.910000 -16.946914
2.915000 -16.947537
2.920000 -16.948728
2.925000 -16.950129
2.930000 -16.951329
2.935000 -16.951985
2.940000 -16.951919
2.945000 -16.951145
2.950000 -16.949908
2.955000 -16.948581
2.960000 -16.947544
2.965000 -16.947104
2.970000 -16.947378
2.975000 -16.948278
2.980000 -16.949534
2.985000 -16.950772
2.990000 -16.951641
2.995000 -16.951889
3.000000 -16.951460
3.005000 -16.950488
3.010000 -16.949274
3.015000 -16.948172
3.020000 -16.947505
3.025000 -16.947456
3.030000 -16.948032
3.035000 -16.949050
3.040000 -16.950203
3.045000 -16.951162
3.050000 -16.951647
3.055000 -16.951535
3.060000 -16.950873
3.065000 -16.949867
3.070000 -16.948821
3.075000 -16.948041
3.080000 -16.947745
3.085000 -16.948011
3.090000 -16.948742
3.095000 -16.949719
3.100000 -16.950639
3.105000 -16.951253
3.110000 -16.951392
3.115000 -16.951031
3.120000 -16.950292
3.125000 -16.949403
3.130000 -16.948628
3.135000 -16.948193
3.140000 -16.948206
3.145000 -16.948650
3.150000 -16.949380
3.155000 -16.950176
3.160000 -16.950803
3.165000 -16.951089
3.170000 -16.950975
3.175000 -16.950505
3.180000 -16.949839
3.185000 -16.949175
3.190000 -16.948709
3.195000 -16.948567
3.200000 -16.948770
3.205000 -16.949250
3.210000 -16.949843
3.215000 -16.950379
3.220000 -16.950712
3.225000 -16.950751
3.230000 -16.950513
3.235000 -16.950084
3.240000 -16.949603
3.245000 -16.949211
3.250000 -16.949018
3.255000 -16.949068
3.260000 -16.949326
3.265000 -16.949699
3.270000 -16.950075
3.275000 -16.950343
3.280000 -16.950442
3.285000 -16.950356
3.290000 -16.950134
3.295000 -16.949862
3.300000 -16.949614
3.305000 -16.949474
3.310000 -16.949466
3.315000 -16.949575
3.320000 -16.949755
3.325000 -16.949939
3.330000 -16.950076
3.335000 -16.950130
3.340000 -16.950107
3.345000 -16.950026
3.350000 -16.949934
3.355000 -16.949869
3.360000 -16.949853
3.365000 -16.949878
3.370000 -16.949934
3.375000 -16.949977
3.380000 -16.949990
3.385000 -16.949958
3.390000 -16.949895
3.395000 -16.949837
3.400000 -16.949813
3.405000 -16.949851
3.410000 -16.949953
3.415000 -16.950096
3.420000 -16.950242
3.425000 -16.950324
3.430000 -16.950319
3.435000 -16.950206
3.440000 -16.950018
3.445000 -16.949800
3.450000 -16.949632
3.455000 -16.949574
3.460000 -16.949660
3.465000 -16.949879
3.470000 -16.950180
3.475000 -16.950472
3.480000 -16.950670
3.485000 -16.950699
3.490000 -16.950542
3.495000 -16.950241
3.500000 -16.949872
3.505000 -16.949556
3.510000 -16.949386
3.515000 -16.949438
3.520000 -16.949701
3.525000 -16.950113
3.530000 -16.950553
3.535000 -16.950896
3.540000 -16.951041
3.545000 -16.950923
3.550000 -16.950577
3.555000 -16.950098
3.560000 -16.949636
3.565000 -16.949319
3.570000 -16.949260
3.575000 -16.949482
3.580000 -16.949933
3.585000 -16.950488
3.590000 -16.950982
3.595000 -16.951275
3.600000 -16.951265
3.605000 -16.950960
3.610000 -16.950440
3.615000 -16.949861
3.620000 -16.949392
3.625000 -16.949181
3.630000 -16.949294
3.635000 -16.949711
3.640000 -16.950307
3.645000 -16.950923
3.650000 -16.951367
3.655000 -16.951512
3.660000 -16.951315
3.665000 -16.950830
3.670000 -16.950200
3.675000 -16.949611
3.680000 -16.949243
3.685000 -16.949202
3.690000 -16.949510
3.695000 -16.950079
3.700000 -16.950744
3.705000 -16.951314
3.710000 -16.951620
3.715000 -16.951573
3.720000 -16.951190
3.725000 -16.950591
3.730000 -16.949944
3.735000 -16.949444
3.740000 -16.949243
3.745000 -16.949398
3.750000 -16.949868
3.755000 -16.950506
3.760000 -16.951141
3.765000 -16.951583
3.770000 -16.951698
3.775000 -16.951466
3.780000 -16.950958
3.785000 -16.950326
3.790000 -16.949756
3.795000 -16.949418
3.800000 -16.949410
3.805000 -16.949733
3.810000 -16.950282
3.815000 -16.950911
3.820000 -16.951427
3.825000 -16.951676
3.830000 -16.951609
3.835000 -16.951246
3.840000 -16.950691
3.845000 -16.950126
3.850000 -16.949707
3.855000 -16.949558
3.860000 -16.949719
3.865000 -16.950138
3.870000 -16.950688
3.875000 -16.951204
3.880000 -16.951540
3.885000 -16.951611
3.890000 -16.951404
3.895000 -16.950984
3.900000 -16.950486
3.905000 -16.950056
3.910000 -16.949818
3.915000 -16.949840
3.920000 -16.950104
3.925000 -16.950525
3.930000 -16.950983
3.935000 -16.951337
3.940000 -16.951498
3.945000 -16.951428
3.950000 -16.951158
3.955000 -16.950778
3.960000 -16.950410
3.965000 -16.950145
3.970000 -16.950077
3.975000 -16.950205
3.980000 -16.950481
3.985000 -16.950827
3.990000 -16.951132
3.995000 -16.951319
4.000000 -16.951339
4.005000 -16.951203
4.010000 -16.950962
4.015000 -16.950694
4.020000 -16.950478
4.025000 -16.950383
4.030000 -16.950420
4.035000 -16.950569
4.040000 -16.950784
4.045000 -16.950991
4.050000 -16.951137
4.055000 -16.951186
4.060000 -16.951138
4.065000 -16.951022
4.070000 -16.950880
4.075000 -16.950761
4.080000 -16.950702
4.085000 -16.950711
4.090000 -16.950778
4.095000 -16.950870
4.100000 -16.950954
4.105000 -16.951011
4.110000 -16.951026
4.115000 -16.951006
4.120000 -16.950974
4.125000 -16.950950
4.130000 -16.950948
4.135000 -16.950975
4.140000 -16.951016
4.145000 -16.951051
4.150000 -16.951065
4.155000 -16.951041
4.160000 -16.950991
4.165000 -16.950924
4.170000 -16.950875
4.175000 -16.950865
4.180000 -16.950917
4.185000 -16.951020
4.190000 -16.951156
4.195000 -16.951282
4.200000 -16.951353
4.205000 -16.951338
4.210000 -16.951243
4.215000 -16.951088
4.220000 -16.950917
4.225000 -16.950789
4.230000 -16.950750
4.235000 -16.950824
4.240000 -16.950996
4.245000 -16.951230
4.250000 -16.951456
4.255000 -16.951601
4.260000 -16.951627
4.265000 -16.951513
4.270000 -16.951292
4.275000 -16.951027
4.280000 -16.950798
4.285000 -16.950684
4.290000 -16.950721
4.295000 -16.950912
4.300000 -16.951206
4.305000 -16.951527
4.310000 -16.951771
4.315000 -16.951876
4.320000 -16.951796
4.325000 -16.951561
4.330000 -16.951232
4.335000 -16.950916
4.340000 -16.950706
4.345000 -16.950663
4.350000 -16.950817
4.355000 -16.951122
4.360000 -16.951497
4.365000 -16.951833
4.370000 -16.952035
4.375000 -16.952036
4.380000 -16.951840
4.385000 -16.951502
4.390000 -16.951126
4.395000 -16.950827
4.400000 -16.950683
4.405000 -16.950765
4.410000 -16.951029
4.415000 -16.951409
4.420000 -16.951802
4.425000 -16.952088
4.430000 -16.952185
4.435000 -16.952070
4.440000 -16.951781
4.445000 -16.951395
4.450000 -16.951041
4.455000 -16.950815
4.460000 -16.950791
4.465000 -16.950974
4.470000 -16.951313
4.475000 -16.951707
4.480000 -16.952049
4.485000 -16.952234
4.490000 -16.952215
4.495000 -16.952005
4.500000 -16.951669
4.505000 -16.951308
4.510000 -16.951026
4.515000 -16.950915
4.520000 -16.951002
4.525000 -16.951255
4.530000 -16.951605
4.535000 -16.951951
4.540000 -16.952188
4.545000 -16.952262
4.550000 -16.952150
4.555000 -16.951890
4.560000 -16.951575
4.565000 -16.951290
4.570000 -16.951122
4.575000 -16.951121
4.580000 -16.951280
4.585000 -16.951550
4.590000 -16.951848
4.595000 -16.952089
4.600000 -16.952214
4.605000 -16.952190
4.610000 -16.952032
4.615000 -16.951793
4.620000 -16.951553
4.625000 -16.951385
4.630000 -16.951323
4.635000 -16.951402
4.640000 -16.951574
4.645000 -16.951789
4.650000 -16.951991
4.655000 -16.952118
4.660000 -16.952148
4.665000 -16.952073
4.670000 -16.951932
4.675000 -16.951775
4.680000 -16.951648
4.685000 -16.951584
4.690000 -16.951602
4.695000 -16.951694
4.700000 -16.951819
4.705000 -16.951940
4.710000 -16.952026
4.715000 -16.952071
4.720000 -16.952040
4.725000 -16.951983
4.730000 -16.951916
4.735000 -16.951863
4.740000 -16.951842
4.745000 -16.951856
4.750000 -16.951894
4.755000 -16.951939
4.760000 -16.951974
4.765000 -16.951990
4.770000 -16.951981
4.775000 -16.951970
4.780000 -16.951958
4.785000 -16.951971
4.790000 -16.952005
4.795000 -16.952056
4.800000 -16.952112
4.805000 -16.952144
4.810000 -16.952146
4.815000 -16.952108
4.820000 -16.952038
4.825000 -16.951961
4.830000 -16.951912
4.835000 -16.951905
4.840000 -16.951957
4.845000 -16.952066
4.850000 -16.952198
4.855000 -16.952319
4.860000 -16.952395
4.865000 -16.952389
4.870000 -16.952311
4.875000 -16.952178
4.880000 -16.952023
4.885000 -16.951900
4.890000 -16.951863
4.895000 -16.951916
4.900000 -16.952053
4.905000 -16.952251
4.910000 -16.952455
4.915000 -16.952591
4.920000 -16.952628
4.925000 -16.952551
4.930000 -16.952381
4.935000 -16.952171
4.940000 -16.951980
4.945000 -16.951875
4.950000 -16.951889
4.955000 -16.952024
4.960000 -16.952253
4.965000 -16.952505
4.970000 -16.952711
4.975000 -16.952815
4.980000 -16.952779
4.985000 -16.952616
4.990000 -16.952380
4.995000 -16.952139
5.000000 -16.951962
5.005000 -16.951918
5.010000 -16.952008
5.015000 -16.952224
5.020000 -16.952494
5.025000 -16.952752
5.030000 -16.952919
5.035000 -16.952947
5.040000 -16.952830
5.045000 -16.952608
5.050000 -16.952349
5.055000 -16.952127
5.060000 -16.952017
5.065000 -16.952044
5.070000 -16.952208
5.075000 -16.952464
5.080000 -16.952729
5.085000 -16.952941
5.090000 -16.953033
5.095000 -16.952985
5.100000 -16.952822
5.105000 -16.952576
5.110000 -16.952342
5.115000 -16.952187
5.120000 -16.952151
5.125000 -16.952244
5.130000 -16.952452
5.135000 -16.952692
5.140000 -16.952911
5.145000 -16.953041
5.150000 -16.953060
5.155000 -16.952953
5.160000 -16.952775
5.165000 -16.952568
5.170000 -16.952407
5.175000 -16.952334
5.180000 -16.952368
5.185000 -16.952496
5.190000 -16.952684
5.195000 -16.952863
5.200000 -16.953003
5.205000 -16.953058
5.210000 -16.953020
5.215000 -16.952907
5.220000 -16.952766
5.225000 -16.952634
5.230000 -16.952559
5.235000 -16.952550
5.240000 -16.952621
5.245000 -16.952733
5.250000 -16.952859
5.255000 -16.952963
5.260000 -16.953017
5.265000 -16.953015
5.270000 -16.952964
5.275000 -16.952897
5.280000 -16.952828
5.285000 -16.952786
5.290000 -16.952782
5.295000 -16.952813
5.300000 -16.952868
5.305000 -16.952922
5.310000 -16.952964
5.315000 -16.952983
5.320000 -16.952977
5.325000 -16.952967
5.330000 -16.952957
5.335000 -16.952961
5.340000 -16.952981
5.345000 -16.953013
5.350000 -16.953045
5.355000 -16.953063
5.360000 -16.953061
5.365000 -16.953039
5.370000 -16.952995
5.375000 -16.952957
5.380000 -16.952947
5.385000 -16.952970
5.390000 -16.953029
5.395000 -16.953113
5.400000 -16.953205
5.405000 -16.953272
5.410000 -16.953287
5.415000 -16.953257
5.420000 -16.953177
5.425000 -16.953073
5.430000 -16.952985
5.435000 -16.952941
5.440000 -16.952960
5.445000 -16.953045
5.450000 -16.953183
5.455000 -16.953334
5.460000 -16.953450
5.465000 -16.953507
5.470000 -16.953480
5.475000 -16.953376
5.480000 -16.953232
5.485000 -16.953084
5.490000 -16.952991
5.495000 -16.952975
5.500000 -16.953053
5.505000 -16.953206
5.510000 -16.953395
5.515000 -16.953569
5.520000 -16.953671
5.525000 -16.953679
5.530000 -16.953591
5.535000 -16.953427
5.540000 -16.953248
5.545000 -16.953103
5.550000 -16.953037
5.555000 -16.953074
5.560000 -16.953217
5.565000 -16.953411
5.570000 -16.953616
5.575000 -16.953766
5.580000 -16.953826
5.585000 -16.953773
5.590000 -16.953635
5.595000 -16.953445
5.600000 -16.953273
5.605000 -16.953165
5.610000 -16.953154
5.615000 -16.953252
5.620000 -16.953426
5.625000 -16.953630
5.630000 -16.953801
5.635000 -16.953900
5.640000 -16.953901
5.645000 -16.953804
5.650000 -16.953642
5.655000 -16.953476
5.660000 -16.953343
5.665000 -16.953297
5.670000 -16.953336
5.675000 -16.953469
5.680000 -16.953638
5.685000 -16.953800
5.690000 -16.953915
5.695000 -16.953953
5.700000 -16.953910
5.705000 -16.953800
5.710000 -16.953668
5.715000 -16.953554
5.720000 -16.953492
5.725000 -16.953497
5.730000 -16.953570
5.735000 -16.953687
5.740000 -16.953810
5.745000 -16.953911
5.750000 -16.953955
5.755000 -16.953952
5.760000 -16.953898
5.765000 -16.953822
5.770000 -16.953751
5.775000 -16.953704
5.780000 -16.953699
5.785000 -16.953728
5.790000 -16.953796
5.795000 -16.953857
5.800000 -16.953917
5.805000 -16.953948
5.810000 -16.953954
5.815000 -16.953939
5.820000 -16.953918
5.825000 -16.953906
5.830000 -16.953902
5.835000 -16.953919
5.840000 -16.953941
5.845000 -16.953965
5.850000 -16.953982
5.855000 -16.953978
5.860000 -16.953970
5.865000 -16.953954
5.870000 -16.953949
5.875000 -16.953965
5.880000 -16.953998
5.885000 -16.954054
5.890000 -16.954114
5.895000 -16.954158
5.900000 -16.954177
5.905000 -16.954158
5.910000 -16.954109
5.915000 -16.954043
5.920000 -16.953989
5.925000 -16.953963
5.930000 -16.953985
5.935000 -16.954050
5.940000 -16.954156
5.945000 -16.954262
5.950000 -16.954352
5.955000 -16.954389
5.960000 -16.954366
5.965000 -16.954289
5.970000 -16.954184
5.975000 -16.954080
5.980000 -16.954014
5.985000 -16.954020
5.990000 -16.954082
5.995000 -16.954207
6.000000 -16.954357
6.005000 -16.954488
6.010000 -16.954553
6.015000 -16.954562
6.020000 -16.954489
6.025000 -16.954364
6.030000 -16.954227
6.035000 -16.954127
6.040000 -16.954086
6.045000 -16.954131
6.050000 -16.954247
6.055000 -16.954402
6.060000 -16.954562
6.065000 -16.954673
6.070000 -16.954716
6.075000 -16.954673
6.080000 -16.954556
6.085000 -16.954417
6.090000 -16.954281
6.095000 -16.954209
6.100000 -16.954217
6.105000 -16.954301
6.110000 -16.954449
6.115000 -16.954602
6.120000 -16.954738
6.125000 -16.954807
6.130000 -16.954801
6.135000 -16.954716
6.140000 -16.954601
6.145000 -16.954477
6.150000 -16.954387
6.155000 -16.954358
6.160000 -16.954401
6.165000 -16.954505
6.170000 -16.954639
6.175000 -16.954762
6.180000 -16.954841
6.185000 -16.954868
6.190000 -16.954832
6.195000 -16.954752
6.200000 -16.954661
6.205000 -16.954580
6.210000 -16.954544
6.215000 -16.954558
6.220000 -16.954618
6.225000 -16.954705
6.230000 -16.954800
6.235000 -16.954862
6.240000 -16.954890
6.245000 -16.954884
6.250000 -16.954854
6.255000 -16.954807
6.260000 -16.954765
6.265000 -16.954751
6.270000 -16.954757
6.275000 -16.954785
6.280000 -16.954832
6.285000 -16.954877
6.290000 -16.954900
6.295000 -16.954915
6.300000 -16.954914
6.305000 -16.954905
6.310000 -16.954910
6.315000 -16.954918
6.320000 -16.954941
6.325000 -16.954965
6.330000 -16.954994
6.335000 -16.955009
6.340000 -16.955001
6.345000 -16.954980
6.350000 -16.954958
6.355000 -16.954941
6.360000 -16.954941
6.365000 -16.954968
6.370000 -16.955022
6.375000 -16.955087
6.380000 -16.955154
6.385000 -16.955193
6.390000 -16.955213
6.395000 -16.955183
6.400000 -16.955124
6.405000 -16.955062
6.410000 -16.955007
6.415000 -16.954981
6.420000 -16.955011
6.425000 -16.955089
6.430000 -16.955186
6.435000 -16.955293
6.440000 -16.955374
6.445000 -16.955405
6.450000 -16.955377
6.455000 -16.955308
6.460000 -16.955208
6.465000 -16.955117
6.470000 -16.955068
6.475000 -16.955072
6.480000 -16.955141
6.485000 -16.955257
6.490000 -16.955388
6.495000 -16.955500
6.500000 -16.955562
6.505000 -16.955562
6.510000 -16.955495
6.515000 -16.955392
6.520000 -16.955280
6.525000 -16.955195
6.530000 -16.955171
6.535000 -16.955220
6.540000 -16.955315
6.545000 -16.955450
6.550000 -16.955578
6.555000 -16.955667
6.560000 -16.955689
6.565000 -16.955655
6.570000 -16.955566
6.575000 -16.955462
6.580000 -16.955370
6.585000 -16.955321
6.590000 -16.955333
6.595000 -16.955405
6.600000 -16.955513
6.605000 -16.955626
6.610000 -16.955719
6.615000 -16.955769
6.620000 -16.955761
6.625000 -16.955713
6.630000 -16.955630
6.635000 -16.955554
6.640000 -16.955510
6.645000 -16.955499
6.650000 -16.955536
6.655000 -16.955609
6.660000 -16.955687
6.665000 -16.955766
6.670000 -16.955813
6.675000 -16.955824
6.680000 -16.955809
6.685000 -16.955767
6.690000 -16.955729
6.695000 -16.955700
6.700000 -16.955693
6.705000 -16.955715
6.710000 -16.955752
6.715000 -16.955796
6.720000 -16.955830
6.725000 -16.955854
6.730000 -16.955864
6.735000 -16.955859
6.740000 -16.955853
6.745000 -16.955861
6.750000 -16.955868
6.755000 -16.955894
6.760000 -16.955917
6.765000 -16.955939
6.770000 -16.955949
6.775000 -16.955944
6.780000 -16.955929
6.785000 -16.955914
6.790000 -16.955904
6.795000 -16.955910
6.800000 -16.955953
6.805000 -16.956007
6.810000 -16.956064
6.815000 -16.956114
6.820000 -16.956146
6.825000 -16.956142
6.830000 -16.956107
6.835000 -16.956055
6.840000 -16.955999
6.845000 -16.955973
6.850000 -16.955976
6.855000 -16.956018
6.860000 -16.956099
6.865000 -16.956191
6.870000 -16.956276
6.875000 -16.956330
6.880000 -16.956333
6.885000 -16.956294
6.890000 -16.956223
6.895000 -16.956138
6.900000 -16.956078
6.905000 -16.956052
6.910000 -16.956091
6.915000 -16.956171
6.920000 -16.956282
6.925000 -16.956394
6.930000 -16.956472
6.935000 -16.956498
6.940000 -16.956476
6.945000 -16.956400
6.950000 -16.956312
6.955000 -16.956231
6.960000 -16.956184
6.965000 -16.956190
6.970000 -16.956252
6.975000 -16.956356
6.980000 -16.956470
6.985000 -16.956564
6.990000 -16.956614
6.995000 -16.956614
7.000000 -16.956566
7.005000 -16.956482
7.010000 -16.956405
7.015000 -16.956347
7.020000 -16.956344
7.025000 -16.956372
7.030000 -16.956451
7.035000 -16.956538
7.040000 -16.956626
7.045000 -16.956680
7.050000 -16.956704
7.055000 -16.956687
7.060000 -16.956636
7.065000 -16.956585
7.070000 -16.956536
7.075000 -16.956519
7.080000 -16.956536
7.085000 -16.956578
7.090000 -16.956639
7.095000 -16.956697
7.100000 -16.956741
7.105000 -16.956771
7.110000 -16.956764
7.115000 -16.956749
7.120000 -16.956729
7.125000 -16.956714
7.130000 -16.956714
7.135000 -16.956733
7.140000 -16.956757
7.145000 -16.956774
7.150000 -16.956804
7.155000 -16.956813
7.160000 -16.956822
7.165000 -16.956826
7.170000 -16.956825
7.175000 -16.956835
7.180000 -16.956873
7.185000 -16.956897
7.190000 -16.956925
7.195000 -16.956956
7.200000 -16.956964
7.205000 -16.956952
7.210000 -16.956931
7.215000 -16.956906
7.220000 -16.956891
7.225000 -16.956889
7.230000 -16.956923
7.235000 -16.956974
7.240000 -16.957037
7.245000 -16.957104
7.250000 -16.957151
7.255000 -16.957161
7.260000 -16.957137
7.265000 -16.957093
7.270000 -16.957035
7.275000 -16.956987
7.280000 -16.956972
7.285000 -16.957000
7.290000 -16.957067
7.295000 -16.957151
7.300000 -16.957243
7.305000 -16.957309
7.310000 -16.957338
7.315000 -16.957325
7.320000 -16.957276
7.325000 -16.957203
7.330000 -16.957130
7.335000 -16.957094
7.340000 -16.957091
7.345000 -16.957152
7.350000 -16.957237
7.355000 -16.957339
7.360000 -16.957420
7.365000 -16.957470
7.370000 -16.957485
7.375000 -16.957443
7.380000 -16.957374
7.385000 -16.957305
7.390000 -16.957251
7.395000 -16.957237
7.400000 -16.957267
7.405000 -16.957331
7.410000 -16.957423
7.415000 -16.957508
7.420000 -16.957563
7.425000 -16.957589
7.430000 -16.957574
7.435000 -16.957530
7.440000 -16.957475
7.445000 -16.957432
7.450000 -16.957411
7.455000 -16.957423
7.460000 -16.957473
7.465000 -16.957527
7.470000 -16.957588
7.480000 -16.957666
7.485000 -16.957666
7.490000 -16.957656
7.495000 -16.957628
7.500000 -16.957604
7.505000 -16.957601
7.510000 -16.957616
7.515000 -16.957639
7.520000 -16.957667
7.525000 -16.957700
7.530000 -16.957719
7.535000 -16.957733
7.540000 -16.957739
7.545000 -16.957742
7.550000 -16.957747
7.555000 -16.957763
7.560000 -16.957784
7.565000 -16.957815
7.570000 -16.957830
7.575000 -16.957851
7.580000 -16.957850
7.585000 -16.957839
7.590000 -16.957825
7.595000 -16.957809
7.600000 -16.957812
7.605000 -16.957834
7.610000 -16.957881
7.615000 -16.957929
7.620000 -16.957992
7.625000 -16.958030
7.630000 -16.958043
7.635000 -16.958028
7.640000 -16.957997
7.645000 -16.957954
7.650000 -16.957921
7.655000 -16.957905
7.660000 -16.957923
7.665000 -16.957972
7.670000 -16.958050
7.675000 -16.958128
7.680000 -16.958195
7.685000 -16.958225
7.690000 -16.958219
7.695000 -16.958182
7.700000 -16.958126
7.705000 -16.958062
7.710000 -16.958028
7.715000 -16.958029
7.720000 -16.958077
7.725000 -16.958148
7.730000 -16.958239
7.735000 -16.958319
7.740000 -16.958369
7.745000 -16.958379
7.750000 -16.958350
7.755000 -16.958296
7.760000 -16.958242
7.765000 -16.958194
7.770000 -16.958178
7.775000 -16.958194
7.780000 -16.958260
7.785000 -16.958334
7.790000 -16.958415
7.795000 -16.958467
7.800000 -16.958490
7.805000 -16.958487
7.810000 -16.958450
7.815000 -16.958411
7.820000 -16.958376
7.825000 -16.958353
7.830000 -16.958363
7.835000 -16.958396
7.840000 -16.958457
7.845000 -16.958503
7.850000 -16.958544
7.855000 -16.958573
7.860000 -16.958581
7.865000 -16.958570
7.870000 -16.958563
7.875000 -16.958547
7.880000 -16.958545
7.885000 -16.958557
7.890000 -16.958580
7.895000 -16.958604
7.900000 -16.958626
7.905000 -16.958651
7.910000 -16.958658
7.915000 -16.958663
7.920000 -16.958662
7.925000 -16.958674
7.930000 -16.958696
7.935000 -16.958715
7.940000 -16.958749
7.945000 -16.958772
7.950000 -16.958794
7.955000 -16.958792
7.960000 -16.958782
7.965000 -16.958764
7.970000 -16.958752
7.975000 -16.958750
7.980000 -16.958770
7.985000 -16.958815
7.990000 -16.958867
7.995000 -16.958925
8.000000 -16.958964
8.005000 -16.958981
8.010000 -16.958977
8.015000 -16.958946
8.020000 -16.958909
8.025000 -16.958868
8.030000 -16.958860
8.035000 -16.958868
8.040000 -16.958913
8.045000 -16.958988
8.050000 -16.959060
8.055000 -16.959119
8.060000 -16.959157
8.065000 -16.959158
8.070000 -16.959130
8.075000 -16.959077
8.080000 -16.959025
8.085000 -16.958989
8.090000 -16.958994
8.095000 -16.959028
8.100000 -16.959092
8.105000 -16.959167
8.110000 -16.959238
8.115000 -16.959292
8.120000 -16.959309
8.125000 -16.959299
8.130000 -16.959248
8.135000 -16.959207
8.140000 -16.959167
8.145000 -16.959154
8.150000 -16.959169
8.155000 -16.959220
8.160000 -16.959278
8.165000 -16.959339
8.170000 -16.959391
8.175000 -16.959418
8.180000 -16.959421
8.185000 -16.959400
8.190000 -16.959373
8.195000 -16.959349
8.200000 -16.959336
8.205000 -16.959341
8.210000 -16.959371
8.215000 -16.959410
8.220000 -16.959453
8.225000 -16.959486
8.230000 -16.959502
8.235000 -16.959509
8.240000 -16.959515
8.245000 -16.959512
8.250000 -16.959513
8.255000 -16.959518
8.260000 -16.959540
8.265000 -16.959559
8.270000 -16.959584
8.275000 -16.959596
8.280000 -16.959603
8.285000 -16.959604
8.290000 -16.959602
8.295000 -16.959611
8.300000 -16.959625
8.305000 -16.959655
8.310000 -16.959688
8.315000 -16.959727
8.320000 -16.959758
8.325000 -16.959769
8.330000 -16.959773
8.335000 -16.959755
8.340000 -16.959730
8.345000 -16.959707
8.350000 -16.959710
8.355000 -16.959728
8.360000 -16.959771
8.365000 -16.959827
8.370000 -16.959890
8.375000 -16.959940
8.380000 -16.959963
8.385000 -16.959950
8.390000 -16.959931
8.395000 -16.959895
8.400000 -16.959858
8.405000 -16.959831
8.410000 -16.959844
8.415000 -16.959888
8.420000 -16.959941
8.425000 -16.960017
8.430000 -16.960075
8.435000 -16.960120
8.440000 -16.960127
8.445000 -16.960104
8.450000 -16.960068
8.455000 -16.960027
8.460000 -16.959992
8.465000 -16.959990
8.470000 -16.960016
8.475000 -16.960061
8.480000 -16.960132
8.485000 -16.960194
8.490000 -16.960236
8.495000 -16.960259
8.500000 -16.960255
8.505000 -16.960231
8.510000 -16.960198
8.515000 -16.960173
8.520000 -16.960160
8.525000 -16.960176
8.530000 -16.960209
8.535000 -16.960254
8.540000 -16.960304
8.545000 -16.960339
8.550000 -16.960364
8.555000 -16.960372
8.560000 -16.960364
8.565000 -16.960348
8.570000 -16.960345
8.575000 -16.960352
8.580000 -16.960371
8.585000 -16.960389
8.590000 -16.960411
8.595000 -16.960440
8.600000 -16.960446
8.605000 -16.960463
8.610000 -16.960464
8.615000 -16.960472
8.620000 -16.960485
8.625000 -16.960501
8.630000 -16.960529
8.635000 -16.960556
8.640000 -16.960579
8.645000 -16.960597
8.650000 -16.960594
8.655000 -16.960586
8.660000 -16.960575
8.665000 -16.960570
8.670000 -16.960575
8.675000 -16.960599
8.680000 -16.960629
8.685000 -16.960685
8.690000 -16.960734
8.695000 -16.960773
8.700000 -16.960793
8.705000 -16.960787
8.710000 -16.960765
8.715000 -16.960726
8.720000 -16.960713
8.725000 -16.960698
8.730000 -16.960715
8.735000 -16.960755
8.740000 -16.960819
8.745000 -16.960874
8.750000 -16.960928
8.755000 -16.960959
8.760000 -16.960962
8.765000 -16.960938
8.770000 -16.960909
8.775000 -16.960872
8.780000 -16.960847
8.785000 -16.960855
8.790000 -16.960880
8.795000 -16.960933
8.800000 -16.961000
8.805000 -16.961056
8.810000 -16.961095
8.815000 -16.961112
8.820000 -16.961105
8.825000 -16.961074
8.830000 -16.961051
8.835000 -16.961026
8.840000 -16.961026
8.845000 -16.961049
8.850000 -16.961079
8.855000 -16.961127
8.860000 -16.961166
8.865000 -16.961206
8.870000 -16.961223
8.875000 -16.961220
8.880000 -16.961219
8.885000 -16.961212
8.890000 -16.961208
8.895000 -16.961214
8.900000 -16.961223
8.905000 -16.961248
8.910000 -16.961276
8.915000 -16.961301
8.920000 -16.961318
8.925000 -16.961331
8.930000 -16.961340
8.935000 -16.961340
8.940000 -16.961348
8.945000 -16.961375
8.950000 -16.961392
8.955000 -16.961419
8.960000 -16.961440
8.965000 -16.961459
8.970000 -16.961459
8.975000 -16.961455
8.980000 -16.961446
8.985000 -16.961450
8.990000 -16.961458
8.995000 -16.961475
9.000000 -16.961508
9.005000 -16.961559
9.010000 -16.961598
9.015000 -16.961636
9.020000 -16.961652
9.025000 -16.961643
9.030000 -16.961622
9.035000 -16.961596
9.040000 -16.961581
9.045000 -16.961574
9.050000 -16.961593
9.055000 -16.961643
9.060000 -16.961697
9.065000 -16.961756
9.070000 -16.961803
9.075000 -16.961826
9.080000 -16.961828
9.085000 -16.961796
9.090000 -16.961771
9.095000 -16.961741
9.100000 -16.961733
9.105000 -16.961735
9.110000 -16.961772
9.115000 -16.961827
9.120000 -16.961880
9.125000 -16.961931
9.130000 -16.961969
9.135000 -16.961981
9.140000 -16.961967
9.145000 -16.961942
9.150000 -16.961924
9.155000 -16.961903
9.160000 -16.961908
9.165000 -16.961934
9.170000 -16.961969
9.175000 -16.962015
9.180000 -16.962062
9.185000 -16.962079
9.190000 -16.962098
9.195000 -16.962102
9.200000 -16.962098
9.205000 -16.962093
9.210000 -16.962090
9.215000 -16.962094
9.220000 -16.962118
9.225000 -16.962143
9.230000 -16.962156
9.235000 -16.962181
9.240000 -16.962197
9.245000 -16.962207
9.250000 -16.962210
9.255000 -16.962223
9.260000 -16.962241
9.265000 -16.962257
9.270000 -16.962284
9.275000 -16.962311
9.280000 -16.962328
9.285000 -16.962342
9.290000 -16.962345
9.295000 -16.962335
9.300000 -16.962331
9.305000 -16.962328
9.310000 -16.962345
9.315000 -16.962365
9.320000 -16.962410
9.325000 -16.962455
9.330000 -16.962499
9.335000 -16.962529
9.340000 -16.962543
9.345000 -16.962531
9.350000 -16.962512
9.355000 -16.962481
9.360000 -16.962472
9.365000 -16.962476
9.370000 -16.962500
9.375000 -16.962544
9.380000 -16.962600
9.385000 -16.962652
9.390000 -16.962690
9.395000 -16.962715
9.400000 -16.962707
9.405000 -16.962678
9.410000 -16.962661
9.415000 -16.962638
9.420000 -16.962629
9.425000 -16.962643
9.430000 -16.962710
9.435000 -16.962735
9.440000 -16.962778
9.445000 -16.962825
9.450000 -16.962848
9.455000 -16.962857
9.460000 -16.962846
9.465000 -16.962829
9.470000 -16.962819
9.475000 -16.962816
9.480000 -16.962816
9.485000 -16.962839
9.490000 -16.962877
9.495000 -16.962921
9.500000 -16.962951
9.505000 -16.962966
9.510000 -16.962979
9.515000 -16.962980
9.520000 -16.962985
9.525000 -16.962984
9.530000 -16.962993
9.535000 -16.963012
9.540000 -16.963039
9.545000 -16.963052
9.550000 -16.963069
9.555000 -16.963083
9.560000 -16.963086
9.565000 -16.963097
9.570000 -16.963103
9.575000 -16.963121
9.580000 -16.963144
9.585000 -16.963164
9.590000 -16.963200
9.595000 -16.963219
9.600000 -16.963247
9.605000 -16.963254
9.610000 -16.963252
9.615000 -16.963233
9.620000 -16.963225
9.625000 -16.963230
9.630000 -16.963252
9.635000 -16.963281
9.640000 -16.963317
9.645000 -16.963368
9.650000 -16.963411
9.655000 -16.963434
9.660000 -16.963443
9.665000 -16.963429
9.670000 -16.963408
9.675000 -16.963391
9.680000 -16.963383
9.685000 -16.963389
9.690000 -16.963417
9.695000 -16.963459
9.700000 -16.963513
9.705000 -16.963558
9.710000 -16.963593
9.715000 -16.963615
9.720000 -16.963605
9.725000 -16.963590
9.730000 -16.963567
9.735000 -16.963552
9.740000 -16.963548
9.745000 -16.963569
9.750000 -16.963602
9.755000 -16.963644
9.760000 -16.963690
9.765000 -16.963728
9.770000 -16.963752
9.775000 -16.963752
9.780000 -16.963744
9.785000 -16.963733
9.790000 -16.963728
9.795000 -16.963736
9.800000 -16.963755
9.805000 -16.963773
9.810000 -16.963807
9.815000 -16.963831
9.820000 -16.963851
9.825000 -16.963866
9.830000 -16.963875
9.835000 -16.963886
9.840000 -16.963892
9.845000 -16.963905
9.850000 -16.963920
9.855000 -16.963943
9.860000 -16.963968
9.865000 -16.963985
9.870000 -16.963994
9.875000 -16.963991
9.880000 -16.964000
9.885000 -16.963999
9.890000 -16.964005
9.895000 -16.964026
9.900000 -16.964065
9.905000 -16.964092
9.910000 -16.964133
9.915000 -16.964165
9.920000 -16.964176
9.925000 -16.964182
9.930000 -16.964173
9.935000 -16.964154
9.940000 -16.964142
9.945000 -16.964145
9.950000 -16.964172
9.955000 -16.964197
9.960000 -16.964243
9.965000 -16.964291
9.970000 -16.964335
9.975000 -16.964357
9.980000 -16.964362
9.985000 -16.964347
9.990000 -16.964328
9.995000 -16.964314
10.000000 -16.964302
