0.000000 -11.149522
0.010000 -11.381782
0.020000 -12.047671
0.030000 -13.045417
0.040000 -14.218690
0.050000 -15.392258
0.060000 -16.404090
0.070000 -17.133220
0.080000 -17.524329
0.090000 -17.594515
0.100000 -17.417928
0.110000 -17.103758
0.120000 -16.769181
0.130000 -16.512336
0.140000 -16.393624
0.150000 -16.427863
0.160000 -16.587720
0.170000 -16.816059
0.180000 -17.043245
0.190000 -17.207158
0.200000 -17.270170
0.210000 -17.226279
0.220000 -17.098900
0.230000 -16.932180
0.240000 -16.777057
0.250000 -16.676586
0.260000 -16.655041
0.270000 -16.712856
0.280000 -16.828599
0.290000 -16.965910
0.300000 -17.084326
0.310000 -17.151616
0.320000 -17.152416
0.330000 -17.091004
0.340000 -16.988829
0.350000 -16.877614
0.360000 -16.789735
0.370000 -16.749020
0.380000 -16.764629
0.390000 -16.829431
0.400000 -16.922758
0.410000 -17.016485
0.420000 -17.083582
0.430000 -17.106268
0.440000 -17.080355
0.450000 -17.015556
0.460000 -16.932298
0.470000 -16.855343
0.480000 -16.806569
0.490000 -16.798785
0.500000 -16.832634
0.510000 -16.896993
0.520000 -16.972266
0.530000 -17.036205
0.540000 -17.070768
0.550000 -17.067322
0.560000 -17.028306
0.570000 -16.966266
0.580000 -16.899965
0.590000 -16.848673
0.600000 -16.826649
0.610000 -16.839288
0.620000 -16.881907
0.630000 -16.941428
0.640000 -17.000041
0.650000 -17.040718
0.660000 -17.052354
0.670000 -17.032584
0.680000 -16.988098
0.690000 -16.932506
0.700000 -16.882219
0.710000 -16.851624
0.720000 -16.848995
0.730000 -16.874321
0.740000 -16.919664
0.750000 -16.971412
0.760000 -17.014254
0.770000 -17.036015
0.780000 -17.031066
0.790000 -17.001569
0.800000 -16.956698
0.810000 -16.909898
0.820000 -16.874749
0.830000 -16.861113
0.840000 -16.872422
0.850000 -16.904870
0.860000 -16.948657
0.870000 -16.990743
0.880000 -17.018870
0.890000 -17.025276
0.900000 -17.008674
0.910000 -16.974402
0.920000 -16.932831
0.930000 -16.896200
0.940000 -16.874988
0.950000 -16.874995
0.960000 -16.895783
0.970000 -16.930972
0.980000 -16.970080
0.990000 -17.001547
1.000000 -17.016371
1.010000 -17.010708
1.020000 -16.986634
1.030000 -16.951514
1.040000 -16.915816
1.050000 -16.889903
1.060000 -16.881055
1.070000 -16.891523
1.080000 -16.917928
1.090000 -16.952386
1.100000 -16.984647
1.110000 -17.005325
1.120000 -17.008667
1.130000 -16.994088
1.140000 -16.966185
1.150000 -16.933330
1.160000 -16.905155
1.170000 -16.889749
1.180000 -16.891327
1.190000 -16.909155
1.200000 -16.937821
1.210000 -16.968798
1.220000 -16.992960
1.230000 -17.003402
1.240000 -16.997390
1.250000 -16.976993
1.260000 -16.948393
1.270000 -16.920063
1.280000 -16.900252
1.290000 -16.894525
1.300000 -16.904287
1.310000 -16.926512
1.320000 -16.954564
1.330000 -16.980101
1.340000 -16.995737
1.350000 -16.997114
1.360000 -16.984094
1.370000 -16.960745
1.380000 -16.934039
1.390000 -16.911791
1.400000 -16.900380
1.410000 -16.902947
1.420000 -16.918507
1.430000 -16.942389
1.440000 -16.967496
1.450000 -16.986457
1.460000 -16.993848
1.470000 -16.987750
1.480000 -16.970187
1.490000 -16.946458
1.500000 -16.923558
1.510000 -16.908203
1.520000 -16.904635
1.530000 -16.913728
1.540000 -16.932672
1.550000 -16.955810
1.560000 -16.976332
1.570000 -16.988258
1.580000 -16.988292
1.590000 -16.976636
1.600000 -16.956908
1.610000 -16.934979
1.620000 -16.917264
1.630000 -16.908825
1.640000 -16.911961
1.650000 -16.925592
1.660000 -16.945614
1.670000 -16.966083
1.680000 -16.981020
1.690000 -16.986156
1.700000 -16.980175
1.710000 -16.965046
1.720000 -16.945322
1.730000 -16.926810
1.740000 -16.914882
1.750000 -16.912876
1.760000 -16.921216
1.770000 -16.937334
1.780000 -16.956415
1.790000 -16.972849
1.800000 -16.981879
1.810000 -16.981030
1.820000 -16.970713
1.830000 -16.954125
1.840000 -16.936198
1.850000 -16.922164
1.860000 -16.916024
1.870000 -16.919433
1.880000 -16.931246
1.890000 -16.947895
1.900000 -16.964458
1.910000 -16.976099
1.920000 -16.979544
1.930000 -16.973883
1.940000 -16.961022
1.950000 -16.944780
1.960000 -16.929978
1.970000 -16.920866
1.980000 -16.919989
1.990000 -16.927454
2.000000 -16.940969
2.010000 -16.956473
2.020000 -16.969444
2.030000 -16.976127
2.040000 -16.974723
2.050000 -16.965796
2.060000 -16.952102
2.070000 -16.937699
2.080000 -16.926803
2.090000 -16.922493
2.100000 -16.925900
2.110000 -16.935893
2.120000 -16.949440
2.130000 -16.962549
2.140000 -16.971399
2.150000 -16.973527
2.160000 -16.968430
2.170000 -16.957766
2.180000 -16.944738
2.190000 -16.933199
2.200000 -16.926451
2.210000 -16.926354
2.220000 -16.932806
2.230000 -16.943796
2.240000 -16.956025
2.250000 -16.965945
2.260000 -16.970713
2.270000 -16.969038
2.280000 -16.961582
2.290000 -16.950649
2.300000 -16.939479
2.310000 -16.931313
2.320000 -16.928464
2.330000 -16.931627
2.340000 -16.939755
2.350000 -16.950370
2.360000 -16.960339
2.370000 -16.966789
2.380000 -16.967930
2.390000 -16.963566
2.400000 -16.955109
2.410000 -16.945111
2.420000 -16.936512
2.430000 -16.931764
2.440000 -16.932150
2.450000 -16.937433
2.460000 -16.945943
2.470000 -16.955134
2.480000 -16.962328
2.490000 -16.965508
2.500000 -16.963846
2.510000 -16.957967
2.520000 -16.949693
2.530000 -16.941493
2.540000 -16.935741
2.550000 -16.934022
2.560000 -16.936735
2.570000 -16.942942
2.580000 -16.950756
2.590000 -16.957872
2.600000 -16.962251
2.610000 -16.962710
2.620000 -16.959248
2.630000 -16.953009
2.640000 -16.945825
2.650000 -16.939875
2.660000 -16.936810
2.670000 -16.937427
2.680000 -16.941414
2.690000 -16.947522
2.700000 -16.953887
2.710000 -16.958680
2.720000 -16.960569
2.730000 -16.959129
2.740000 -16.954888
2.750000 -16.949180
2.760000 -16.943696
2.770000 -16.940028
2.780000 -16.939165
2.790000 -16.941244
2.800000 -16.945541
2.810000 -16.950729
2.820000 -16.955273
2.830000 -16.957900
2.840000 -16.957936
2.850000 -16.955492
2.860000 -16.951371
2.870000 -16.946831
2.880000 -16.943229
2.890000 -16.941528
2.900000 -16.942152
2.910000 -16.944805
2.920000 -16.948616
2.930000 -16.952422
2.940000 -16.955156
2.950000 -16.956068
2.960000 -16.955009
2.970000 -16.952399
2.980000 -16.949052
2.990000 -16.945989
3.000000 -16.944078
3.100000 -16.948051
3.110000 -16.946415
3.120000 -16.945784
3.130000 -16.946253
3.140000 -16.947599
3.150000 -16.949350
3.160000 -16.950977
3.170000 -16.952019
3.180000 -16.952238
3.190000 -16.951659
3.200000 -16.950545
3.210000 -16.949273
3.220000 -16.948243
3.230000 -16.947722
3.240000 -16.947799
3.250000 -16.948371
3.260000 -16.949206
3.270000 -16.950001
3.280000 -16.950540
3.290000 -16.950697
3.300000 -16.950510
3.310000 -16.950110
3.320000 -16.949677
3.330000 -16.949377
3.340000 -16.949296
3.350000 -16.949391
3.360000 -16.949618
3.370000 -16.949801
3.380000 -16.949847
3.390000 -16.949735
3.400000 -16.949518
3.410000 -16.949314
3.420000 -16.949237
3.430000 -16.949401
3.440000 -16.949799
3.450000 -16.950292
3.460000 -16.950760
3.470000 -16.950991
3.480000 -16.950879
3.490000 -16.950389
3.500000 -16.949655
3.510000 -16.948890
3.520000 -16.948366
3.530000 -16.948263
3.540000 -16.948696
3.550000 -16.949565
3.560000 -16.950662
3.570000 -16.951640
3.580000 -16.952194
3.590000 -16.952117
3.600000 -16.951395
3.610000 -16.950216
3.620000 -16.948903
3.630000 -16.947886
3.640000 -16.947477
3.650000 -16.947846
3.660000 -16.948934
3.670000 -16.950435
3.680000 -16.951937
3.690000 -16.952975
3.700000 -16.953221
3.710000 -16.952580
3.720000 -16.951203
3.730000 -16.949510
3.740000 -16.947990
3.750000 -16.947101
3.760000 -16.947148
3.770000 -16.948140
3.780000 -16.949815
3.790000 -16.951703
3.800000 -16.953241
3.810000 -16.953947
3.820000 -16.953657
3.830000 -16.952372
3.840000 -16.950518
3.850000 -16.948608
3.860000 -16.947231
3.870000 -16.946808
3.880000 -16.947458
3.890000 -16.949028
3.900000 -16.951071
3.910000 -16.952975
3.920000 -16.954188
3.930000 -16.954370
3.940000 -16.953428
3.950000 -16.951675
3.960000 -16.949603
3.970000 -16.947857
3.980000 -16.946926
3.990000 -16.947099
4.000000 -16.948329
4.010000 -16.950272
4.020000 -16.952333
4.030000 -16.953944
4.040000 -16.954622
4.050000 -16.954171
4.060000 -16.952743
4.070000 -16.950771
4.080000 -16.948832
4.090000 -16.947517
4.100000 -16.947181
4.110000 -16.947925
4.120000 -16.949548
4.130000 -16.951521
4.140000 -16.953314
4.150000 -16.954382
4.160000 -16.954445
4.170000 -16.953496
4.180000 -16.951835
4.190000 -16.949966
4.200000 -16.948442
4.210000 -16.947697
4.220000 -16.947945
4.230000 -16.949079
4.240000 -16.950764
4.250000 -16.952495
4.260000 -16.953779
4.270000 -16.954255
4.280000 -16.953800
4.290000 -16.952604
4.300000 -16.951017
4.310000 -16.949519
4.320000 -16.948560
4.330000 -16.948378
4.340000 -16.949029
4.350000 -16.950277
4.360000 -16.951732
4.370000 -16.953005
4.380000 -16.953702
4.390000 -16.953664
4.400000 -16.952947
4.410000 -16.951783
4.420000 -16.950549
4.430000 -16.949577
4.440000 -16.949166
4.450000 -16.949394
4.460000 -16.950171
4.470000 -16.951231
4.480000 -16.952272
4.490000 -16.952982
4.500000 -16.953195
4.510000 -16.952887
4.520000 -16.952185
4.530000 -16.951316
4.540000 -16.950549
4.550000 -16.950123
4.560000 -16.950102
4.570000 -16.950479
4.580000 -16.951122
4.590000 -16.951801
4.600000 -16.952329
4.610000 -16.952579
4.620000 -16.952498
4.630000 -16.952166
4.640000 -16.951728
4.650000 -16.951305
4.660000 -16.951040
4.670000 -16.950987
4.680000 -16.951145
4.690000 -16.951412
4.700000 -16.951708
4.710000 -16.951913
4.720000 -16.952010
4.730000 -16.951976
4.740000 -16.951881
4.750000 -16.951772
4.760000 -16.951723
4.770000 -16.951757
4.780000 -16.951850
4.790000 -16.951967
4.800000 -16.952023
4.810000 -16.951995
4.820000 -16.951883
4.830000 -16.951699
4.840000 -16.951523
4.850000 -16.951464
4.860000 -16.951558
4.870000 -16.951804
4.880000 -16.952162
4.890000 -16.952529
4.900000 -16.952763
4.910000 -16.952811
4.920000 -16.952600
4.930000 -16.952187
4.940000 -16.951718
4.950000 -16.951313
4.960000 -16.951115
4.970000 -16.951229
4.980000 -16.951640
4.990000 -16.952243
5.000000 -16.952886
5.010000 -16.953373
5.020000 -16.953537
5.030000 -16.953342
5.040000 -16.952794
5.050000 -16.952090
5.060000 -16.951423
5.070000 -16.951000
5.080000 -16.950972
5.090000 -16.951370
5.100000 -16.952098
5.110000 -16.952945
5.120000 -16.953678
5.130000 -16.954069
5.140000 -16.954006
5.150000 -16.953504
5.160000 -16.952702
5.170000 -16.951833
5.180000 -16.951182
5.190000 -16.950939
5.200000 -16.951178
5.210000 -16.951867
5.220000 -16.952785
5.230000 -16.953680
5.240000 -16.954291
5.250000 -16.954449
5.260000 -16.954108
5.270000 -16.953360
5.280000 -16.952451
5.290000 -16.951643
5.300000 -16.951176
5.310000 -16.951200
5.320000 -16.951690
5.330000 -16.952532
5.340000 -16.953467
5.350000 -16.954212
5.360000 -16.954596
5.370000 -16.954477
5.380000 -16.953926
5.390000 -16.953103
5.400000 -16.952286
5.410000 -16.951675
5.420000 -16.951481
5.430000 -16.951748
5.440000 -16.952381
5.450000 -16.953207
5.460000 -16.953959
5.470000 -16.954461
5.480000 -16.954553
5.490000 -16.954230
5.500000 -16.953630
5.510000 -16.952921
5.520000 -16.952325
5.530000 -16.952010
5.540000 -16.952069
5.550000 -16.952459
5.560000 -16.953060
5.570000 -16.953682
5.580000 -16.954163
5.590000 -16.954378
5.600000 -16.954274
5.610000 -16.953911
5.620000 -16.953427
5.630000 -16.952970
5.640000 -16.952674
5.650000 -16.952607
5.660000 -16.952786
5.670000 -16.953152
5.680000 -16.953544
5.690000 -16.953894
5.700000 -16.954086
5.710000 -16.954096
5.720000 -16.953945
5.730000 -16.953706
5.740000 -16.953470
5.750000 -16.953314
5.760000 -16.953267
5.770000 -16.953355
5.780000 -16.953503
5.790000 -16.953665
5.800000 -16.953785
5.810000 -16.953840
5.820000 -16.953834
5.830000 -16.953799
5.840000 -16.953757
5.850000 -16.953759
5.860000 -16.953821
5.870000 -16.953912
5.880000 -16.954000
5.890000 -16.954066
5.900000 -16.954043
5.910000 -16.953944
5.920000 -16.953810
5.930000 -16.953668
5.940000 -16.953610
5.950000 -16.953661
5.960000 -16.953836
5.970000 -16.954111
5.980000 -16.954393
5.990000 -16.954621
6.000000 -16.954704
6.010000 -16.954595
6.020000 -16.954348
6.030000 -16.954001
6.040000 -16.953698
6.050000 -16.953520
6.060000 -16.953547
6.070000 -16.953787
6.080000 -16.954187
6.090000 -16.954644
6.100000 -16.955044
6.110000 -16.955254
6.120000 -16.955193
6.130000 -16.954894
6.140000 -16.954440
6.150000 -16.953979
6.160000 -16.953639
6.170000 -16.953541
6.180000 -16.953730
6.190000 -16.954168
6.200000 -16.954724
6.210000 -16.955239
6.220000 -16.955582
6.230000 -16.955653
6.240000 -16.955414
6.250000 -16.954964
6.260000 -16.954439
6.270000 -16.953974
6.280000 -16.953750
6.290000 -16.953803
6.300000 -16.954158
6.310000 -16.954689
6.320000 -16.955261
6.330000 -16.955692
6.340000 -16.955879
6.350000 -16.955780
6.360000 -16.955434
6.370000 -16.954940
6.380000 -16.954464
6.390000 -16.954152
6.400000 -16.954069
6.410000 -16.954278
6.420000 -16.954682
6.430000 -16.955185
6.440000 -16.955625
6.450000 -16.955913
6.460000 -16.955927
6.470000 -16.955737
6.480000 -16.955369
6.490000 -16.954974
6.500000 -16.954659
6.510000 -16.954520
6.520000 -16.954601
6.530000 -16.954835
6.540000 -16.955193
6.550000 -16.955545
6.560000 -16.955786
6.570000 -16.955876
6.580000 -16.955816
6.590000 -16.955625
6.600000 -16.955398
6.610000 -16.955191
6.620000 -16.955082
6.630000 -16.955083
6.640000 -16.955212
6.650000 -16.955390
6.660000 -16.955566
6.670000 -16.955705
6.680000 -16.955779
6.690000 -16.955762
6.700000 -16.955698
6.710000 -16.955640
6.720000 -16.955606
6.730000 -16.955626
6.740000 -16.955660
6.750000 -16.955726
6.760000 -16.955775
6.770000 -16.955791
6.780000 -16.955775
6.790000 -16.955711
6.800000 -16.955672
6.810000 -16.955666
6.820000 -16.955736
6.830000 -16.955864
6.840000 -16.956031
6.850000 -16.956192
6.860000 -16.956303
6.870000 -16.956310
6.880000 -16.956216
6.890000 -16.956050
6.900000 -16.955849
6.910000 -16.955697
6.920000 -16.955653
6.930000 -16.955751
6.940000 -16.955983
6.950000 -16.956284
6.960000 -16.956573
6.970000 -16.956776
6.980000 -16.956848
6.990000 -16.956728
7.000000 -16.956480
7.010000 -16.956165
7.020000 -16.955911
7.030000 -16.955761
7.040000 -16.955787
7.050000 -16.956041
7.060000 -16.956385
7.070000 -16.956772
7.080000 -16.957092
7.090000 -16.957244
7.100000 -16.957195
7.110000 -16.956951
7.120000 -16.956610
7.130000 -16.956266
7.140000 -16.956042
7.150000 -16.955988
7.160000 -16.956146
7.170000 -16.956461
7.180000 -16.956862
7.190000 -16.957210
7.200000 -16.957445
7.210000 -16.957481
7.220000 -16.957343
7.230000 -16.957055
7.240000 -16.956717
7.250000 -16.956460
7.260000 -16.956330
7.270000 -16.956395
7.280000 -16.956607
7.290000 -16.956937
7.300000 -16.957254
7.310000 -16.957485
7.320000 -16.957598
7.330000 -16.957535
7.340000 -16.957357
7.350000 -16.957137
7.360000 -16.956922
7.370000 -16.956813
7.380000 -16.956794
7.390000 -16.956915
7.400000 -16.957100
7.410000 -16.957314
7.420000 -16.957484
7.430000 -16.957580
7.440000 -16.957585
7.450000 -16.957526
7.460000 -16.957442
7.470000 -16.957346
7.480000 -16.957306
7.490000 -16.957321
7.500000 -16.957385
7.510000 -16.957454
7.520000 -16.957523
7.530000 -16.957572
7.540000 -16.957590
7.550000 -16.957587
7.560000 -16.957575
7.570000 -16.957579
7.580000 -16.957642
7.590000 -16.957729
7.600000 -16.957820
7.610000 -16.957902
7.620000 -16.957947
7.630000 -16.957906
7.640000 -16.957828
7.650000 -16.957729
7.660000 -16.957638
7.670000 -16.957615
7.680000 -16.957667
7.690000 -16.957813
7.700000 -16.958013
7.710000 -16.958217
7.720000 -16.958382
7.730000 -16.958456
7.740000 -16.958407
7.750000 -16.958255
7.760000 -16.958041
7.770000 -16.957855
7.780000 -16.957753
7.790000 -16.957785
7.800000 -16.957928
7.810000 -16.958187
7.820000 -16.958496
7.830000 -16.958719
7.840000 -16.958876
7.850000 -16.958834
7.860000 -16.958707
7.870000 -16.958454
7.880000 -16.958211
7.890000 -16.958039
7.900000 -16.957984
7.910000 -16.958089
7.920000 -16.958319
7.930000 -16.958633
7.940000 -16.958911
7.950000 -16.959110
7.960000 -16.959161
7.970000 -16.959065
7.980000 -16.958856
7.990000 -16.958639
8.000000 -16.958439
8.010000 -16.958338
8.020000 -16.958376
8.030000 -16.958534
8.040000 -16.958757
8.050000 -16.959016
8.060000 -16.959207
8.070000 -16.959298
8.080000 -16.959269
8.090000 -16.959170
8.100000 -16.959020
8.110000 -16.958868
8.120000 -16.958797
8.130000 -16.958780
8.140000 -16.958877
8.150000 -16.959000
8.160000 -16.959154
8.170000 -16.959279
8.180000 -16.959356
8.190000 -16.959371
8.200000 -16.959345
8.210000 -16.959292
8.220000 -16.959263
8.230000 -16.959244
8.240000 -16.959286
8.250000 -16.959330
8.260000 -16.959391
8.270000 -16.959438
8.280000 -16.959453
8.290000 -16.959439
8.300000 -16.959427
8.310000 -16.959430
8.320000 -16.959463
8.330000 -16.959542
8.340000 -16.959643
8.350000 -16.959755
8.360000 -16.959836
8.370000 -16.959873
8.380000 -16.959850
8.390000 -16.959771
8.400000 -16.959668
8.410000 -16.959579
8.420000 -16.959537
8.430000 -16.959580
8.440000 -16.959721
8.450000 -16.959914
8.460000 -16.960108
8.470000 -16.960269
8.480000 -16.960347
8.490000 -16.960313
8.500000 -16.960193
8.510000 -16.960024
8.520000 -16.959853
8.530000 -16.959767
8.540000 -16.959773
8.550000 -16.959900
8.560000 -16.960103
8.570000 -16.960345
8.580000 -16.960579
8.590000 -16.960693
8.600000 -16.960691
8.610000 -16.960600
8.620000 -16.960439
8.630000 -16.960250
8.640000 -16.960103
8.650000 -16.960073
8.660000 -16.960126
8.670000 -16.960309
8.680000 -16.960508
8.690000 -16.960728
8.700000 -16.960894
8.710000 -16.960950
8.720000 -16.960924
8.730000 -16.960792
8.740000 -16.960667
8.750000 -16.960524
8.760000 -16.960471
8.770000 -16.960500
8.780000 -16.960594
8.790000 -16.960737
8.800000 -16.960897
8.810000 -16.961007
8.820000 -16.961080
8.830000 -16.961088
8.840000 -16.961044
8.850000 -16.960989
8.860000 -16.960937
8.870000 -16.960931
8.880000 -16.960942
8.890000 -16.961004
8.900000 -16.961059
8.910000 -16.961128
8.920000 -16.961179
8.930000 -16.961192
8.940000 -16.961181
8.950000 -16.961182
8.960000 -16.961222
8.970000 -16.961271
8.980000 -16.961344
8.990000 -16.961424
9.000000 -16.961483
9.010000 -16.961508
9.020000 -16.961509
9.030000 -16.961451
9.040000 -16.961388
9.050000 -16.961356
9.060000 -16.961354
9.070000 -16.961401
9.080000 -16.961517
9.090000 -16.961671
9.100000 -16.961842
9.110000 -16.961945
9.120000 -16.961980
9.130000 -16.961961
9.140000 -16.961859
9.150000 -16.961734
9.160000 -16.961607
9.170000 -16.961565
9.180000 -16.961612
9.190000 -16.961715
9.200000 -16.961911
9.210000 -16.962098
9.220000 -16.962280
9.230000 -16.962358
9.240000 -16.962357
9.250000 -16.962256
9.260000 -16.962136
9.270000 -16.961987
9.280000 -16.961890
9.290000 -16.961890
9.300000 -16.961976
9.310000 -16.962138
9.320000 -16.962315
9.330000 -16.962487
9.340000 -16.962609
9.350000 -16.962637
9.360000 -16.962597
9.370000 -16.962497
9.380000 -16.962398
9.390000 -16.962314
9.400000 -16.962293
9.410000 -16.962344
9.420000 -16.962418
9.430000 -16.962574
9.440000 -16.962658
9.450000 -16.962739
9.460000 -16.962785
9.470000 -16.962800
9.480000 -16.962762
9.490000 -16.962742
9.500000 -16.962739
9.510000 -16.962746
9.520000 -16.962773
9.530000 -16.962825
9.540000 -16.962877
9.550000 -16.962908
9.560000 -16.962943
9.570000 -16.962937
9.580000 -16.962946
9.590000 -16.962963
9.600000 -16.963003
9.610000 -16.963079
9.620000 -16.963152
9.630000 -16.963264
9.640000 -16.963302
9.650000 -16.963333
9.660000 -16.963295
9.670000 -16.963234
9.680000 -16.963184
9.690000 -16.963142
9.700000 -16.963158
9.710000 -16.963216
9.720000 -16.963327
9.730000 -16.963502
9.740000 -16.963644
9.750000 -16.963738
9.760000 -16.963768
9.770000 -16.963740
9.780000 -16.963635
9.790000 -16.963509
9.800000 -16.963443
9.810000 -16.963426
9.820000 -16.963458
9.830000 -16.963586
9.840000 -16.963754
9.850000 -16.963911
9.860000 -16.964048
9.870000 -16.964120
9.880000 -16.964116
9.890000 -16.964018
9.900000 -16.963929
9.910000 -16.963824
9.920000 -16.963773
9.930000 -16.963792
9.940000 -16.963863
9.950000 -16.964007
9.960000 -16.964127
9.970000 -16.964260
9.980000 -16.964333
9.990000 -16.964349
10.000000 -16.964323
