0.000000 -11.151840
0.010000 -11.161434
0.020000 -11.189817
0.030000 -11.237108
0.040000 -11.303159
0.050000 -11.387464
0.060000 -11.489466
0.070000 -11.608618
0.080000 -11.744251
0.090000 -11.895527
0.100000 -12.061344
0.110000 -12.240893
0.120000 -12.432843
0.130000 -12.635532
0.140000 -12.848169
0.150000 -13.069290
0.160000 -13.297373
0.170000 -13.531062
0.180000 -13.768870
0.190000 -14.009194
0.200000 -14.251029
0.210000 -14.492501
0.220000 -14.732332
0.230000 -14.969157
0.240000 -15.201625
0.250000 -15.428421
0.260000 -15.648328
0.270000 -15.860190
0.280000 -16.063078
0.290000 -16.255691
0.300000 -16.437256
0.310000 -16.607291
0.320000 -16.764502
0.330000 -16.908938
0.340000 -17.039738
0.350000 -17.156877
0.360000 -17.259958
0.370000 -17.349063
0.380000 -17.424194
0.390000 -17.485632
0.400000 -17.533470
0.410000 -17.568472
0.420000 -17.590698
0.430000 -17.600948
0.440000 -17.599794
0.450000 -17.588078
0.460000 -17.566418
0.470000 -17.535754
0.480000 -17.496903
0.490000 -17.450864
0.500000 -17.398587
0.510000 -17.341031
0.520000 -17.279108
0.530000 -17.213918
0.540000 -17.146454
0.550000 -17.077579
0.560000 -17.008247
0.570000 -16.939428
0.580000 -16.871867
0.590000 -16.806579
0.600000 -16.744013
0.610000 -16.684928
0.620000 -16.630072
0.630000 -16.579835
0.640000 -16.534889
0.650000 -16.495438
0.660000 -16.461979
0.670000 -16.434456
0.680000 -16.413222
0.690000 -16.398386
0.700000 -16.389842
0.710000 -16.387634
0.720000 -16.391665
0.730000 -16.401527
0.740000 -16.417045
0.750000 -16.437980
0.760000 -16.464008
0.770000 -16.494491
0.780000 -16.529078
0.790000 -16.567264
0.800000 -16.608572
0.810000 -16.652361
0.820000 -16.698130
0.830000 -16.745258
0.840000 -16.793153
0.850000 -16.841240
0.860000 -16.888885
0.870000 -16.935762
0.880000 -16.981071
0.890000 -17.024363
0.900000 -17.065230
0.910000 -17.103183
0.920000 -17.137894
0.930000 -17.168986
0.940000 -17.196193
0.950000 -17.219327
0.960000 -17.238055
0.970000 -17.252405
0.980000 -17.262289
0.990000 -17.267838
1.000000 -17.268786
1.010000 -17.265313
1.020000 -17.257670
1.030000 -17.246101
1.040000 -17.230614
1.050000 -17.211530
1.060000 -17.189286
1.070000 -17.164123
1.080000 -17.136456
1.090000 -17.106587
1.100000 -17.075028
1.110000 -17.042149
1.120000 -17.008368
1.130000 -16.974140
1.140000 -16.939921
1.150000 -16.906080
1.160000 -16.873017
1.170000 -16.841185
1.180000 -16.810936
1.190000 -16.782452
1.200000 -16.756273
1.210000 -16.732588
1.220000 -16.711690
1.230000 -16.693699
1.240000 -16.678839
1.250000 -16.667161
1.260000 -16.658849
1.270000 -16.653840
1.280000 -16.652460
1.290000 -16.654314
1.300000 -16.659448
1.310000 -16.667739
1.320000 -16.679104
1.330000 -16.693348
1.340000 -16.710239
1.350000 -16.729548
1.360000 -16.750963
1.370000 -16.774312
1.380000 -16.799177
1.390000 -16.825328
1.400000 -16.852414
1.410000 -16.880043
1.420000 -16.907855
1.430000 -16.935719
1.440000 -16.963054
1.450000 -16.989661
1.460000 -17.015198
1.470000 -17.039312
1.480000 -17.061836
1.490000 -17.082331
1.500000 -17.100846
1.510000 -17.117014
1.520000 -17.130700
1.530000 -17.141757
1.540000 -17.150165
1.550000 -17.155749
1.560000 -17.158778
1.570000 -17.158872
1.580000 -17.156250
1.590000 -17.150972
1.600000 -17.143048
1.610000 -17.132752
1.620000 -17.120176
1.630000 -17.105464
1.640000 -17.088890
1.650000 -17.070699
1.660000 -17.051076
1.670000 -17.030217
1.680000 -17.008459
1.690000 -16.986144
1.700000 -16.963442
1.710000 -16.940694
1.720000 -16.918284
1.730000 -16.896389
1.740000 -16.875040
1.750000 -16.854840
1.760000 -16.835848
1.770000 -16.818355
1.780000 -16.802416
1.790000 -16.788408
1.800000 -16.776329
1.810000 -16.766241
1.820000 -16.758472
1.830000 -16.752950
1.840000 -16.749690
1.850000 -16.748754
1.860000 -16.750157
1.870000 -16.753803
1.880000 -16.759709
1.890000 -16.767650
1.900000 -16.777543
1.910000 -16.789360
1.920000 -16.802807
1.930000 -16.817858
1.940000 -16.834171
1.950000 -16.851663
1.960000 -16.869972
1.970000 -16.888988
1.980000 -16.908423
1.990000 -16.927987
2.000000 -16.947569
2.010000 -16.966785
2.020000 -16.985600
2.030000 -17.003592
2.040000 -17.020600
2.050000 -17.036555
2.060000 -17.051020
2.070000 -17.064124
2.080000 -17.075489
2.090000 -17.085109
2.100000 -17.092928
2.110000 -17.098750
2.120000 -17.102604
2.130000 -17.104502
2.140000 -17.104259
2.150000 -17.102238
2.160000 -17.098132
2.170000 -17.092164
2.180000 -17.084514
2.190000 -17.075092
2.200000 -17.064214
2.210000 -17.051882
2.220000 -17.038352
2.230000 -17.023756
2.240000 -17.008322
2.250000 -16.992262
2.260000 -16.975599
2.270000 -16.958859
2.280000 -16.941991
2.290000 -16.925328
2.300000 -16.908996
2.310000 -16.893238
2.320000 -16.878208
2.330000 -16.864096
2.340000 -16.851047
2.350000 -16.839287
2.360000 -16.828867
2.370000 -16.819913
2.380000 -16.812553
2.390000 -16.806769
2.400000 -16.802697
2.410000 -16.800408
2.420000 -16.799908
2.430000 -16.800993
2.440000 -16.803900
2.450000 -16.808429
2.460000 -16.814571
2.470000 -16.822228
2.480000 -16.831215
2.490000 -16.841544
2.500000 -16.853032
2.510000 -16.865536
2.520000 -16.878851
2.530000 -16.892854
2.540000 -16.907374
2.550000 -16.922196
2.560000 -16.937211
2.570000 -16.952121
2.580000 -16.966834
2.590000 -16.981213
2.600000 -16.994969
2.610000 -17.007942
2.620000 -17.020110
2.630000 -17.031243
2.640000 -17.041184
2.650000 -17.049809
2.660000 -17.057158
2.670000 -17.062939
2.680000 -17.067412
2.690000 -17.070266
2.700000 -17.071591
2.710000 -17.071325
2.720000 -17.069545
2.730000 -17.066220
2.740000 -17.061439
2.750000 -17.055422
2.760000 -17.047960
2.770000 -17.039422
2.780000 -17.029735
2.790000 -17.019085
2.800000 -17.007650
2.810000 -16.995633
2.820000 -16.982976
2.830000 -16.970017
2.840000 -16.956749
2.850000 -16.943558
2.860000 -16.930516
2.870000 -16.917763
2.880000 -16.905395
2.890000 -16.893672
2.900000 -16.882584
2.910000 -16.872500
2.920000 -16.863252
2.930000 -16.854934
2.940000 -16.848102
2.950000 -16.842436
2.960000 -16.838058
2.970000 -16.834962
2.980000 -16.833168
2.990000 -16.832793
3.000000 -16.833899
3.010000 -16.836217
3.020000 -16.839940
3.030000 -16.844825
3.040000 -16.850935
3.050000 -16.858166
3.060000 -16.866433
3.070000 -16.875555
3.080000 -16.885473
3.090000 -16.896152
3.100000 -16.907265
3.110000 -16.918779
3.120000 -16.930586
3.130000 -16.942546
3.140000 -16.954360
3.150000 -16.966029
3.160000 -16.977457
3.170000 -16.988367
3.180000 -16.998694
3.190000 -17.008160
3.200000 -17.016911
3.210000 -17.024830
3.220000 -17.031733
3.230000 -17.037466
3.240000 -17.042163
3.250000 -17.045523
3.260000 -17.047720
3.270000 -17.048706
3.280000 -17.048469
3.290000 -17.046929
3.300000 -17.044197
3.310000 -17.040370
3.320000 -17.035395
3.330000 -17.029342
3.340000 -17.022470
3.350000 -17.014693
3.360000 -17.006074
3.370000 -16.996860
3.380000 -16.987117
3.390000 -16.976920
3.400000 -16.966613
3.410000 -16.956078
3.420000 -16.945472
3.430000 -16.934887
3.440000 -16.924783
3.450000 -16.914896
3.460000 -16.905476
3.470000 -16.896494
3.480000 -16.888531
3.490000 -16.881133
3.500000 -16.874751
3.510000 -16.869170
3.520000 -16.864601
3.530000 -16.861133
3.540000 -16.858674
3.550000 -16.857366
3.560000 -16.857185
3.570000 -16.858018
3.580000 -16.860018
3.590000 -16.863017
3.600000 -16.867047
3.610000 -16.872004
3.620000 -16.877883
3.630000 -16.884541
3.640000 -16.891957
3.650000 -16.899992
3.660000 -16.908593
3.670000 -16.917540
3.680000 -16.926849
3.690000 -16.936364
3.700000 -16.945997
3.710000 -16.955480
3.720000 -16.964903
3.730000 -16.974048
3.740000 -16.982822
3.750000 -16.991054
3.760000 -16.998741
3.770000 -17.005815
3.780000 -17.012057
3.790000 -17.017580
3.800000 -17.022208
3.810000 -17.025760
3.820000 -17.028642
3.830000 -17.030232
3.840000 -17.031052
3.850000 -17.030734
3.860000 -17.029489
3.870000 -17.027261
3.880000 -17.024037
3.890000 -17.020080
3.900000 -17.015145
3.910000 -17.009530
3.920000 -17.003061
3.930000 -16.996330
3.940000 -16.988844
3.950000 -16.981066
3.960000 -16.972911
3.970000 -16.964518
3.980000 -16.955946
3.990000 -16.947469
4.000000 -16.938962
4.010000 -16.930738
4.020000 -16.922842
4.030000 -16.915334
4.040000 -16.908279
4.050000 -16.901773
4.060000 -16.895888
4.070000 -16.890679
4.080000 -16.886350
4.090000 -16.882721
4.100000 -16.879957
4.110000 -16.878054
4.120000 -16.877024
4.130000 -16.876850
4.140000 -16.877554
4.150000 -16.879207
4.160000 -16.881693
4.170000 -16.884964
4.180000 -16.888991
4.190000 -16.893730
4.200000 -16.899155
4.210000 -16.905022
4.220000 -16.911524
4.230000 -16.918438
4.240000 -16.925629
4.250000 -16.933087
4.260000 -16.940688
4.270000 -16.948347
4.280000 -16.956008
4.290000 -16.963522
4.300000 -16.970743
4.310000 -16.977745
4.320000 -16.984360
4.330000 -16.990531
4.340000 -16.996072
4.350000 -17.001125
4.360000 -17.005350
4.370000 -17.009067
4.380000 -17.011927
4.390000 -17.013996
4.400000 -17.015533
4.410000 -17.016118
4.420000 -17.015794
4.430000 -17.014679
4.440000 -17.012917
4.450000 -17.010394
4.460000 -17.007146
4.470000 -17.003229
4.480000 -16.998770
4.490000 -16.993658
4.500000 -16.988175
4.510000 -16.982305
4.520000 -16.975993
4.530000 -16.969483
4.540000 -16.962879
4.550000 -16.956212
4.560000 -16.949432
4.570000 -16.942737
4.580000 -16.936294
4.590000 -16.930014
4.600000 -16.924057
4.610000 -16.918460
4.620000 -16.913429
4.630000 -16.908697
4.640000 -16.904612
4.650000 -16.901261
4.660000 -16.898344
4.670000 -16.896192
4.680000 -16.894661
4.690000 -16.893890
4.700000 -16.893958
4.710000 -16.894474
4.720000 -16.895780
4.730000 -16.897757
4.740000 -16.900325
4.750000 -16.903495
4.760000 -16.907234
4.770000 -16.911550
4.780000 -16.916161
4.790000 -16.921294
4.800000 -16.926696
4.810000 -16.932256
4.820000 -16.938174
4.830000 -16.944041
4.840000 -16.949981
4.850000 -16.956016
4.860000 -16.961808
4.870000 -16.967454
4.880000 -16.972895
4.890000 -16.978012
4.900000 -16.982645
4.910000 -16.987070
4.920000 -16.990884
4.930000 -16.994175
4.940000 -16.996996
4.950000 -16.999309
4.960000 -17.000855
4.970000 -17.001930
4.980000 -17.002341
4.990000 -17.002097
5.000000 -17.001286
5.010000 -16.999956
5.020000 -16.997909
5.030000 -16.995424
5.040000 -16.992383
5.050000 -16.988873
5.060000 -16.985105
5.070000 -16.980827
5.080000 -16.976254
5.090000 -16.971559
5.100000 -16.966383
5.110000 -16.961430
5.120000 -16.956232
5.130000 -16.951192
5.140000 -16.946029
5.150000 -16.941192
5.160000 -16.936359
5.170000 -16.931863
5.180000 -16.927614
5.190000 -16.923740
5.200000 -16.920268
5.210000 -16.917141
5.220000 -16.914495
5.230000 -16.912439
5.240000 -16.910785
5.250000 -16.909697
5.260000 -16.909177
5.270000 -16.909019
5.280000 -16.909583
5.290000 -16.910581
5.300000 -16.912204
5.310000 -16.914018
5.320000 -16.916396
5.330000 -16.919268
5.340000 -16.922443
5.350000 -16.925898
5.360000 -16.929753
5.370000 -16.933780
5.380000 -16.937971
5.390000 -16.942383
5.400000 -16.946731
5.410000 -16.951098
5.420000 -16.955540
5.430000 -16.959784
5.440000 -16.963955
5.450000 -16.968010
5.460000 -16.971772
5.470000 -16.975268
5.480000 -16.978445
5.490000 -16.981282
5.500000 -16.983682
5.510000 -16.985668
5.520000 -16.987339
5.530000 -16.988469
5.540000 -16.989185
5.550000 -16.989453
5.560000 -16.989330
5.570000 -16.988649
5.580000 -16.987630
5.590000 -16.986333
5.600000 -16.984376
5.610000 -16.982207
5.620000 -16.979675
5.630000 -16.976840
5.640000 -16.973826
5.650000 -16.970475
5.660000 -16.967031
5.670000 -16.963567
5.680000 -16.959888
5.690000 -16.956209
5.700000 -16.952496
5.710000 -16.948876
5.720000 -16.945396
5.730000 -16.941977
5.740000 -16.938842
5.750000 -16.935762
5.760000 -16.933077
5.770000 -16.930574
5.780000 -16.928450
5.790000 -16.926653
5.800000 -16.925154
5.810000 -16.923960
5.820000 -16.923258
5.830000 -16.922869
5.840000 -16.922890
5.850000 -16.923241
5.860000 -16.923916
5.870000 -16.925043
5.880000 -16.926393
5.890000 -16.928090
5.900000 -16.930097
5.910000 -16.932289
5.920000 -16.934725
5.930000 -16.937411
5.940000 -16.940122
5.950000 -16.942988
5.960000 -16.945933
5.970000 -16.948991
5.980000 -16.951976
5.990000 -16.955081
6.000000 -16.957852
6.010000 -16.960673
6.020000 -16.963401
6.030000 -16.965860
6.040000 -16.968200
6.050000 -16.970364
6.060000 -16.972116
6.070000 -16.973746
6.080000 -16.975042
6.090000 -16.976041
6.100000 -16.976850
6.110000 -16.977348
6.120000 -16.977438
6.130000 -16.977308
6.140000 -16.976847
6.150000 -16.976186
6.160000 -16.975163
6.170000 -16.973936
6.180000 -16.972476
6.190000 -16.970823
6.200000 -16.969058
6.210000 -16.967012
6.220000 -16.964893
6.230000 -16.962887
6.240000 -16.960316
6.250000 -16.958106
6.260000 -16.955769
6.270000 -16.953443
6.280000 -16.951116
6.290000 -16.948875
6.300000 -16.946857
6.310000 -16.944835
6.320000 -16.943069
6.330000 -16.941294
6.340000 -16.939769
6.350000 -16.938467
6.360000 -16.937429
6.370000 -16.936492
6.380000 -16.935922
6.390000 -16.935481
6.400000 -16.935297
6.410000 -16.935304
6.420000 -16.935605
6.430000 -16.936034
6.440000 -16.936778
6.450000 -16.937742
6.460000 -16.938753
6.470000 -16.939970
6.480000 -16.941295
6.490000 -16.942734
6.500000 -16.944347
6.510000 -16.945992
6.520000 -16.947733
6.530000 -16.949429
6.540000 -16.951268
6.550000 -16.952940
6.560000 -16.954602
6.570000 -16.956281
6.580000 -16.957874
6.590000 -16.959285
6.600000 -16.960796
6.610000 -16.961939
6.620000 -16.963103
6.630000 -16.964113
6.640000 -16.965072
6.650000 -16.965613
6.660000 -16.966146
6.670000 -16.966541
6.680000 -16.966780
6.690000 -16.966793
6.700000 -16.966636
6.710000 -16.966356
6.720000 -16.965971
6.730000 -16.965355
6.740000 -16.964552
6.750000 -16.963794
6.760000 -16.962948
6.770000 -16.961963
6.780000 -16.960961
6.790000 -16.959804
6.800000 -16.958722
6.810000 -16.957502
6.820000 -16.956395
6.830000 -16.955182
6.840000 -16.954029
6.850000 -16.953001
6.860000 -16.951881
6.870000 -16.950907
6.880000 -16.949980
6.890000 -16.949210
6.900000 -16.948454
6.910000 -16.947789
6.920000 -16.947324
6.930000 -16.946841
6.940000 -16.946598
6.950000 -16.946293
6.960000 -16.946229
6.970000 -16.946198
6.980000 -16.946417
6.990000 -16.946605
7.000000 -16.947074
7.010000 -16.947226
7.020000 -16.947813
7.030000 -16.948318
7.040000 -16.948881
7.050000 -16.949511
7.060000 -16.950232
7.070000 -16.950893
7.080000 -16.951604
7.090000 -16.952330
7.100000 -16.953065
7.110000 -16.953675
7.120000 -16.954413
7.130000 -16.955033
7.140000 -16.955584
7.150000 -16.956150
7.160000 -16.956722
7.170000 -16.957105
7.180000 -16.957489
7.190000 -16.957842
7.200000 -16.958068
7.210000 -16.958217
7.220000 -16.958481
7.230000 -16.958511
7.240000 -16.958501
7.250000 -16.958420
7.260000 -16.958325
7.270000 -16.958213
7.280000 -16.958068
7.290000 -16.957911
7.300000 -16.957607
7.310000 -16.957285
7.320000 -16.957070
7.330000 -16.956695
7.340000 -16.956377
7.350000 -16.956131
7.360000 -16.955786
7.370000 -16.955650
7.380000 -16.955401
7.390000 -16.955135
7.400000 -16.954874
7.410000 -16.954749
7.420000 -16.954566
7.430000 -16.954527
7.440000 -16.954434
7.450000 -16.954394
7.460000 -16.954596
7.470000 -16.954461
7.480000 -16.954642
7.490000 -16.954650
7.500000 -16.954888
7.510000 -16.954991
7.520000 -16.955106
7.530000 -16.955373
7.540000 -16.955570
7.550000 -16.955810
7.560000 -16.956014
7.570000 -16.956140
7.580000 -16.956342
7.590000 -16.956503
7.600000 -16.956645
7.610000 -16.956822
7.620000 -16.956870
7.630000 -16.956952
7.640000 -16.956922
7.650000 -16.956964
7.660000 -16.956995
7.670000 -16.956837
7.680000 -16.956808
7.690000 -16.956561
7.700000 -16.956387
7.710000 -16.956166
7.720000 -16.955940
7.730000 -16.955741
7.740000 -16.955397
7.750000 -16.955169
7.760000 -16.954832
7.770000 -16.954512
7.780000 -16.954240
7.790000 -16.954046
7.800000 -16.953681
7.810000 -16.953453
7.820000 -16.953266
7.830000 -16.952954
7.840000 -16.952917
7.850000 -16.952647
7.860000 -16.952417
7.870000 -16.952586
7.880000 -16.952624
7.890000 -16.952777
7.900000 -16.952808
7.910000 -16.952958
7.920000 -16.953254
7.930000 -16.953521
7.940000 -16.953929
7.950000 -16.954347
7.960000 -16.954796
7.970000 -16.955229
7.980000 -16.955780
7.990000 -16.956383
8.000000 -16.956925
8.010000 -16.957552
8.020000 -16.958093
8.030000 -16.958644
8.040000 -16.959264
8.050000 -16.959882
8.060000 -16.960377
8.070000 -16.960986
8.080000 -16.961442
8.090000 -16.961911
8.100000 -16.962354
8.110000 -16.962638
8.120000 -16.962981
8.130000 -16.963186
8.140000 -16.963365
8.150000 -16.963458
8.160000 -16.963372
8.170000 -16.963331
8.180000 -16.963211
8.190000 -16.962935
8.200000 -16.962587
8.210000 -16.962179
8.220000 -16.961714
8.230000 -16.961251
8.240000 -16.960716
8.250000 -16.960046
8.260000 -16.959371
8.270000 -16.958731
8.280000 -16.958038
8.290000 -16.957241
8.300000 -16.956559
8.310000 -16.955695
8.320000 -16.955077
8.330000 -16.954423
8.340000 -16.953796
8.350000 -16.953100
8.360000 -16.952558
8.370000 -16.952025
8.380000 -16.951647
8.390000 -16.951306
8.400000 -16.951017
8.410000 -16.950768
8.420000 -16.950635
8.430000 -16.950650
8.440000 -16.950830
8.450000 -16.950976
8.460000 -16.951192
8.470000 -16.951595
8.480000 -16.952031
8.490000 -16.952508
8.500000 -16.953117
8.510000 -16.953852
8.520000 -16.954499
8.530000 -16.955359
8.540000 -16.956188
8.550000 -16.957078
8.560000 -16.958002
8.570000 -16.958877
8.580000 -16.959852
8.590000 -16.960649
8.600000 -16.961561
8.610000 -16.962528
8.620000 -16.963313
8.630000 -16.964109
8.640000 -16.964769
8.650000 -16.965474
8.660000 -16.966082
8.670000 -16.966689
8.680000 -16.966968
8.690000 -16.967405
8.700000 -16.967642
8.710000 -16.967698
8.720000 -16.967858
8.730000 -16.967557
8.740000 -16.967513
8.750000 -16.966965
8.760000 -16.966756
8.770000 -16.966383
8.780000 -16.965755
8.790000 -16.964988
8.800000 -16.964505
8.810000 -16.963691
8.820000 -16.962931
8.830000 -16.962013
8.840000 -16.961210
8.850000 -16.960214
8.860000 -16.959311
8.870000 -16.958422
8.880000 -16.957477
8.890000 -16.956635
8.900000 -16.955881
8.910000 -16.955103
8.920000 -16.954409
8.930000 -16.953789
8.940000 -16.953165
8.950000 -16.952668
8.960000 -16.952260
8.970000 -16.952051
8.980000 -16.951812
8.990000 -16.951778
9.000000 -16.951700
9.010000 -16.951738
9.020000 -16.952002
9.030000 -16.952288
9.040000 -16.952718
9.050000 -16.953165
9.060000 -16.953716
9.070000 -16.954400
9.080000 -16.955201
9.090000 -16.955871
9.100000 -16.956793
9.110000 -16.957557
9.120000 -16.958400
9.130000 -16.959526
9.140000 -16.960378
9.150000 -16.961421
9.160000 -16.962214
9.170000 -16.963134
9.180000 -16.964062
9.190000 -16.964802
9.200000 -16.965640
9.210000 -16.966248
9.220000 -16.966942
9.230000 -16.967334
9.240000 -16.967915
9.250000 -16.968307
9.260000 -16.968631
9.270000 -16.968823
9.280000 -16.968860
9.290000 -16.968857
9.300000 -16.968813
9.310000 -16.968649
9.320000 -16.968401
9.330000 -16.967989
9.340000 -16.967688
9.350000 -16.967122
9.360000 -16.966553
9.370000 -16.965847
9.380000 -16.965212
9.390000 -16.964496
9.400000 -16.963775
9.410000 -16.962972
9.420000 -16.962186
9.430000 -16.961531
9.440000 -16.960583
9.450000 -16.959805
9.460000 -16.959128
9.470000 -16.958459
9.480000 -16.957724
9.490000 -16.957138
9.500000 -16.956709
9.510000 -16.956030
9.520000 -16.955728
9.530000 -16.955349
9.540000 -16.955225
9.550000 -16.954975
9.560000 -16.954858
9.570000 -16.954866
9.580000 -16.954950
9.590000 -16.955096
9.600000 -16.955403
9.610000 -16.955724
9.620000 -16.955989
9.630000 -16.956575
9.640000 -16.957005
9.650000 -16.957671
9.660000 -16.958202
9.670000 -16.958766
9.680000 -16.959487
9.690000 -16.960201
9.700000 -16.960878
9.710000 -16.961523
9.720000 -16.962170
9.730000 -16.962723
9.740000 -16.963503
9.750000 -16.964015
9.760000 -16.964717
9.770000 -16.965281
9.780000 -16.965765
9.790000 -16.966123
9.800000 -16.966597
9.810000 -16.966923
9.820000 -16.967034
9.830000 -16.967245
9.840000 -16.967376
9.850000 -16.967448
9.860000 -16.967541
9.870000 -16.967391
9.880000 -16.967202
9.890000 -16.966978
9.900000 -16.966854
9.910000 -16.966670
9.920000 -16.966186
9.930000 -16.966017
9.940000 -16.965384
9.950000 -16.965111
9.960000 -16.964559
9.970000 -16.964149
9.980000 -16.963657
9.990000 -16.963130
10.000000 -16.962708
