0.000          135.191                55                  48                  48                  500.000   
0.010          135.185                55                  48                  48                  500.000   
0.020          135.167                55                  48                  48                  500.000   
0.030          135.136                55                  48                  48                  500.000   
0.040          135.094                55                  48                  48                  500.000   
0.050          135.039                55                  48                  48                  500.000   
0.060          134.972                55                  48                  48                  500.000   
0.070          134.893                55                  48                  48                  500.000   
0.080          134.802                55                  48                  48                  500.000   
0.090          134.699                55                  48                  48                  500.000   
0.100          134.585                55                  48                  48                  500.000   
0.110          134.459                55                  48                  48                  500.000   
0.120          134.321                55                  48                  48                  500.000   
0.130          134.171                55                  48                  48                  500.000   
0.140          134.010                55                  48                  48                  500.000   
0.150          133.838                55                  48                  48                  500.000   
0.160          133.655                55                  48                  48                  500.000   
0.170          133.461                55                  48                  48                  500.000   
0.180          133.256                55                  48                  48                  500.000   
0.190          133.040                55                  48                  48                  500.000   
0.200          132.814                55                  48                  48                  500.000   
0.210          132.577                55                  48                  48                  500.000   
0.220          132.330                55                  48                  48                  500.000   
0.230          132.073                55                  48                  48                  500.000   
0.240          131.806                55                  54                  54                  500.000   
0.250          131.530                55                  54                  54                  500.000   
0.260          131.244                55                  54                  54                  500.000   
0.270          130.949                55                  54                  54                  500.000   
0.280          130.645                55                  54                  54                  500.000   
0.290          130.332                55                  54                  54                  500.000   
0.300          130.011                55                  54                  54                  500.000   
0.310          129.681                55                  54                  54                  500.000   
0.320          129.343                55                  54                  54                  500.000   
0.330          128.997                55                  54                  54                  500.000   
0.340          128.643                55                  54                  54                  500.000   
0.350          128.281                55                  54                  54                  500.000   
0.360          127.913                55                  54                  54                  500.000   
0.370          127.537                55                  54                  54                  500.000   
0.380          127.154                55                  54                  54                  500.000   
0.390          126.765                55                  54                  54                  500.000   
0.400          126.369                55                  54                  54                  500.000   
0.410          125.967                55                  54                  54                  500.000   
0.420          125.559                55                  54                  54                  500.000   
0.430          125.146                55                  54                  54                  500.000   
0.440          124.727                61                  54                  54                  500.000   
0.450          124.302                61                  54                  54                  500.000   
0.460          123.873                61                  54                  54                  500.000   
0.470          123.438                61                  63                  63                  500.000   
0.480          122.999                61                  63                  63                  500.000   
0.490          122.555                61                  63                  63                  500.000   
0.500          122.108                61                  63                  63                  500.000   
0.510          121.656                61                  63                  63                  500.000   
0.520          121.200                61                  63                  63                  500.000   
0.530          120.741                61                  63                  63                  500.000   
0.540          120.278                61                  63                  63                  500.000   
0.550          119.813                61                  69                  69                  500.000   
0.560          119.344                61                  69                  69                  500.000   
0.570          118.872                61                  69                  69                  500.000   
0.580          118.398                61                  69                  69                  500.000   
0.590          117.921                61                  69                  69                  500.000   
0.600          117.442                61                  69                  69                  500.000   
0.610          116.960                61                  69                  69                  500.000   
0.620          116.477                61                  69                  69                  500.000   
0.630          115.992                61                  69                  69                  500.000   
0.640          115.506                61                  69                  69                  500.000   
0.650          115.018                61                  69                  69                  500.000   
0.660          114.528                73                  69                  69                  500.000   
0.670          114.038                73                  69                  69                  500.000   
0.680          113.546                73                  69                  69                  500.000   
0.690          113.054                73                  69                  69                  500.000   
0.700          112.561                73                  69                  69                  500.000   
0.710          112.068                73                  69                  69                  500.000   
0.720          111.574                73                  69                  69                  500.000   
0.730          111.079                73                  69                  69                  500.000   
0.740          110.585                73                  75                  75                  500.000   
0.750          110.090                73                  75                  75                  500.000   
0.760          109.596                73                  75                  75                  500.000   
0.770          109.102                85                  75                  75                  500.000   
0.780          108.608                85                  75                  75                  500.000   
0.790          108.114                85                  78                  78                  500.000   
0.800          107.621                85                  78                  78                  500.000   
0.810          107.129                85                  78                  78                  500.000   
0.820          106.637                85                  78                  78                  500.000   
0.830          106.146                85                  78                  78                  500.000   
0.840          105.656                85                  84                  84                  500.000   
0.850          105.167                85                  84                  84                  500.000   
0.860          104.679                85                  84                  84                  500.000   
0.870          104.192                85                  84                  84                  500.000   
0.880          103.707                85                  84                  84                  500.000   
0.890          103.222                85                  84                  84                  500.000   
0.900          102.739                85                  84                  84                  500.000   
0.910          102.258                85                  84                  84                  500.000   
0.920          101.778                85                  84                  84                  500.000   
0.930          101.299                85                  90                  90                  500.000   
0.940          100.823                85                  90                  90                  500.000   
0.950          100.347                85                  90                  90                  500.000   
0.960          99.874                 91                  90                  90                  500.000   
0.970          99.402                 91                  90                  90                  500.000   
0.980          98.932                 91                  96                  96                  500.000   
0.990          98.465                 91                  96                  96                  500.000   
1.000          97.999                 91                  96                  96                  500.000   
1.010          97.535                 91                  96                  96                  500.000   
1.020          97.072                 91                  102                 102                 500.000   
1.030          96.613                 91                  102                 102                 500.000   
1.040          96.155                 97                  102                 102                 500.000   
1.050          95.699                 97                  102                 102                 500.000   
1.060          95.245                 97                  102                 102                 500.000   
1.070          94.794                 97                  102                 102                 500.000   
1.080          94.345                 109                 102                 102                 500.000   
1.090          93.898                 109                 102                 102                 500.000   
1.100          93.453                 109                 102                 102                 500.000   
1.110          93.010                 109                 102                 102                 500.000   
1.120          92.570                 109                 102                 102                 500.000   
1.130          92.132                 109                 102                 102                 500.000   
1.140          91.697                 109                 102                 102                 500.000   
1.150          91.264                 109                 102                 102                 500.000   
1.160          90.833                 109                 102                 102                 500.000   
1.170          90.405                 109                 114                 114                 500.000   
1.180          89.979                 109                 114                 114                 500.000   
1.190          89.555                 121                 114                 114                 500.000   
1.200          89.134                 121                 114                 114                 500.000   
1.210          88.716                 121                 114                 114                 500.000   
1.220          88.299                 121                 114                 114                 500.000   
1.230          87.886                 121                 120                 120                 500.000   
1.240          87.474                 121                 120                 120                 500.000   
1.250          87.065                 121                 120                 120                 500.000   
1.260          86.659                 121                 120                 120                 500.000   
1.270          86.255                 121                 123                 123                 500.000   
1.280          85.854                 121                 123                 123                 500.000   
1.290          85.455                 121                 123                 123                 500.000   
1.300          85.058                 121                 129                 129                 500.000   
1.310          84.664                 121                 129                 129                 500.000   
1.320          84.273                 121                 129                 129                 500.000   
1.330          83.883                 121                 129                 129                 500.000   
1.340          83.497                 121                 129                 129                 500.000   
1.350          83.113                 127                 129                 129                 500.000   
1.360          82.731                 127                 135                 135                 500.000   
1.370          82.352                 127                 135                 135                 500.000   
1.380          81.975                 139                 135                 135                 500.000   
1.390          81.600                 139                 141                 141                 500.000   
1.400          81.229                 139                 141                 141                 500.000   
1.410          80.859                 139                 141                 141                 500.000   
1.420          80.492                 139                 141                 141                 500.000   
1.430          80.127                 139                 141                 141                 500.000   
1.440          79.765                 151                 141                 141                 500.000   
1.450          79.405                 151                 141                 141                 500.000   
1.460          79.048                 151                 141                 141                 500.000   
1.470          78.693                 151                 144                 144                 500.000   
1.480          78.340                 151                 144                 144                 500.000   
1.490          77.989                 151                 144                 144                 500.000   
1.500          77.641                 151                 150                 150                 500.000   
1.510          77.296                 151                 150                 150                 500.000   
1.520          76.952                 151                 150                 150                 500.000   
1.530          76.611                 151                 156                 156                 500.000   
1.540          76.272                 151                 156                 156                 500.000   
1.550          75.936                 163                 156                 156                 500.000   
1.560          75.602                 163                 156                 156                 500.000   
1.570          75.270                 163                 156                 156                 500.000   
1.580          74.940                 163                 168                 168                 500.000   
1.590          74.613                 163                 168                 168                 500.000   
1.600          74.288                 163                 168                 168                 500.000   
1.610          73.965                 163                 168                 168                 500.000   
1.620          73.644                 163                 168                 168                 500.000   
1.630          73.325                 163                 174                 174                 500.000   
1.640          73.009                 163                 174                 174                 500.000   
1.650          72.695                 163                 174                 174                 500.000   
1.660          72.383                 163                 174                 174                 500.000   
1.670          72.073                 169                 174                 174                 500.000   
1.680          71.765                 169                 174                 174                 500.000   
1.690          71.459                 169                 174                 174                 500.000   
1.700          71.155                 187                 180                 180                 500.000   
1.710          70.854                 187                 180                 180                 500.000   
1.720          70.554                 187                 180                 180                 500.000   
1.730          70.257                 187                 186                 186                 500.000   
1.740          69.962                 187                 186                 186                 500.000   
1.750          69.668                 187                 186                 186                 500.000   
1.760          69.377                 187                 186                 186                 500.000   
1.770          69.087                 199                 192                 192                 500.000   
1.780          68.800                 199                 192                 192                 500.000   
1.790          68.515                 199                 192                 192                 500.000   
1.800          68.231                 199                 192                 192                 500.000   
1.810          67.950                 199                 192                 192                 500.000   
1.820          67.670                 199                 198                 198                 500.000   
1.830          67.392                 199                 198                 198                 500.000   
1.840          67.117                 199                 198                 198                 500.000   
1.850          66.843                 199                 198                 198                 500.000   
1.860          66.571                 199                 207                 207                 500.000   
1.870          66.301                 199                 207                 207                 500.000   
1.880          66.032                 211                 213                 213                 500.000   
1.890          65.766                 211                 213                 213                 500.000   
1.900          65.501                 211                 213                 213                 500.000   
1.910          65.238                 211                 219                 219                 500.000   
1.920          64.977                 211                 219                 219                 500.000   
1.930          64.718                 211                 219                 219                 500.000   
1.940          64.460                 211                 219                 219                 500.000   
1.950          64.204                 211                 225                 225                 500.000   
1.960          63.950                 223                 225                 225                 500.000   
1.970          63.698                 223                 225                 225                 500.000   
1.980          63.447                 223                 225                 225                 500.000   
1.990          63.198                 223                 225                 225                 500.000   
2.000          62.951                 235                 225                 225                 500.000   
2.010          62.705                 235                 225                 225                 500.000   
2.020          62.461                 241                 225                 225                 500.000   
2.030          62.219                 241                 231                 231                 500.000   
2.040          61.978                 241                 231                 231                 500.000   
2.050          61.739                 241                 240                 240                 500.000   
2.060          61.501                 241                 240                 240                 500.000   
2.070          61.265                 241                 246                 246                 500.000   
2.080          61.031                 253                 246                 246                 500.000   
2.090          60.798                 253                 246                 246                 500.000   
2.100          60.567                 253                 246                 246                 500.000   
2.110          60.337                 253                 246                 246                 500.000   
2.120          60.109                 253                 246                 246                 500.000   
2.130          59.882                 253                 252                 252                 500.000   
2.140          59.657                 253                 252                 252                 500.000   
2.150          59.433                 253                 258                 258                 500.000   
2.160          59.211                 253                 258                 258                 500.000   
2.170          58.990                 253                 258                 258                 500.000   
2.180          58.771                 253                 270                 270                 500.000   
2.190          58.553                 253                 270                 270                 500.000   
2.200          58.337                 265                 270                 270                 500.000   
2.210          58.122                 265                 270                 270                 500.000   
2.220          57.908                 265                 276                 276                 500.000   
2.230          57.696                 271                 276                 276                 500.000   
2.240          57.485                 271                 276                 276                 500.000   
2.250          57.275                 283                 276                 276                 500.000   
2.260          57.067                 283                 282                 282                 500.000   
2.270          56.860                 283                 282                 282                 500.000   
2.280          56.655                 283                 282                 282                 500.000   
2.290          56.451                 283                 282                 282                 500.000   
2.300          56.248                 295                 282                 282                 500.000   
2.310          56.046                 295                 282                 282                 500.000   
2.320          55.846                 295                 282                 282                 500.000   
2.330          55.647                 295                 288                 288                 500.000   
2.340          55.449                 301                 288                 288                 500.000   
2.350          55.253                 301                 294                 294                 500.000   
2.360          55.058                 301                 306                 306                 500.000   
2.370          54.864                 301                 306                 306                 500.000   
2.380          54.671                 301                 306                 306                 500.000   
2.390          54.479                 313                 306                 306                 500.000   
2.400          54.289                 313                 306                 306                 500.000   
2.410          54.100                 313                 309                 309                 500.000   
2.420          53.912                 313                 309                 309                 500.000   
2.430          53.725                 313                 321                 321                 500.000   
2.440          53.540                 313                 321                 321                 500.000   
2.450          53.355                 313                 321                 321                 500.000   
2.460          53.172                 313                 321                 321                 500.000   
2.470          52.990                 313                 321                 321                 500.000   
2.480          52.809                 313                 327                 327                 500.000   
2.490          52.629                 313                 327                 327                 500.000   
2.500          52.450                 313                 333                 333                 500.000   
2.510          52.273                 337                 333                 333                 500.000   
2.520          52.096                 337                 333                 333                 500.000   
2.530          51.921                 337                 339                 339                 500.000   
2.540          51.746                 349                 339                 339                 500.000   
2.550          51.573                 349                 339                 339                 500.000   
2.560          51.401                 349                 345                 345                 500.000   
2.570          51.230                 349                 345                 345                 500.000   
2.580          51.060                 349                 345                 345                 500.000   
2.590          50.890                 349                 348                 348                 500.000   
2.600          50.722                 361                 348                 348                 500.000   
2.610          50.555                 361                 354                 354                 500.000   
2.620          50.389                 361                 354                 354                 500.000   
2.630          50.224                 361                 354                 354                 500.000   
2.640          50.060                 361                 354                 354                 500.000   
2.650          49.897                 367                 366                 366                 500.000   
2.660          49.735                 367                 366                 366                 500.000   
2.670          49.574                 367                 372                 372                 500.000   
2.680          49.413                 367                 378                 378                 500.000   
2.690          49.254                 379                 378                 378                 500.000   
2.700          49.096                 379                 378                 378                 500.000   
2.710          48.938                 379                 384                 384                 500.000   
2.720          48.782                 379                 384                 384                 500.000   
2.730          48.627                 379                 390                 390                 500.000   
2.740          48.472                 379                 390                 390                 500.000   
2.750          48.318                 379                 390                 390                 500.000   
2.760          48.165                 379                 390                 390                 500.000   
2.770          48.014                 385                 396                 396                 500.000   
2.780          47.863                 397                 396                 396                 500.000   
2.790          47.712                 397                 396                 396                 500.000   
2.800          47.563                 397                 402                 402                 500.000   
2.810          47.415                 409                 402                 402                 500.000   
2.820          47.267                 409                 402                 402                 500.000   
2.830          47.121                 421                 408                 408                 500.000   
2.840          46.975                 421                 408                 408                 500.000   
2.850          46.830                 421                 408                 408                 500.000   
2.860          46.686                 421                 420                 420                 500.000   
2.870          46.542                 421                 420                 420                 500.000   
2.880          46.400                 421                 420                 420                 500.000   
2.890          46.258                 421                 426                 426                 500.000   
2.900          46.117                 433                 426                 426                 500.000   
2.910          45.977                 433                 426                 426                 500.000   
2.920          45.838                 433                 426                 426                 500.000   
2.930          45.699                 433                 426                 426                 500.000   
2.940          45.562                 433                 435                 435                 500.000   
2.950          45.425                 439                 435                 435                 500.000   
2.960          45.289                 439                 447                 447                 500.000   
2.970          45.153                 439                 453                 453                 500.000   
2.980          45.018                 439                 453                 453                 500.000   
2.990          44.885                 451                 453                 453                 500.000   
3.000          44.751                 451                 459                 459                 500.000   
3.010          44.619                 451                 459                 459                 500.000   
3.020          44.487                 451                 459                 459                 500.000   
3.030          44.356                 463                 465                 465                 500.000   
3.040          44.226                 463                 465                 465                 500.000   
3.050          44.096                 463                 465                 465                 500.000   
3.060          43.968                 475                 465                 465                 500.000   
3.070          43.840                 475                 471                 471                 500.000   
3.080          43.712                 475                 471                 471                 500.000   
3.090          43.585                 475                 471                 471                 500.000   
3.100          43.459                 475                 477                 477                 500.000   
3.110          43.334                 499                 477                 477                 500.000   
3.120          43.209                 499                 480                 480                 500.000   
3.130          43.085                 499                 492                 492                 500.000   
3.140          42.962                 499                 492                 492                 500.000   
3.150          42.840                 499                 492                 492                 500.000   
3.160          42.718                 499                 498                 498                 500.000   
3.170          42.596                 499                 504                 504                 500.000   
3.180          42.476                 499                 504                 504                 500.000   
3.190          42.356                 511                 504                 504                 500.000   
3.200          42.236                 511                 504                 504                 500.000   
3.210          42.117                 511                 510                 510                 500.000   
3.220          41.999                 511                 510                 510                 500.000   
3.230          41.882                 511                 522                 522                 500.000   
3.240          41.765                 511                 522                 522                 500.000   
3.250          41.649                 517                 522                 522                 500.000   
3.260          41.533                 517                 528                 528                 500.000   
3.270          41.418                 517                 534                 534                 500.000   
3.280          41.303                 517                 540                 540                 500.000   
3.290          41.190                 535                 540                 540                 500.000   
3.300          41.076                 547                 540                 540                 500.000   
3.310          40.964                 547                 540                 540                 500.000   
3.320          40.852                 547                 546                 546                 500.000   
3.330          40.740                 547                 546                 546                 500.000   
3.340          40.629                 559                 546                 546                 500.000   
3.350          40.519                 559                 546                 546                 500.000   
3.360          40.409                 559                 552                 552                 500.000   
3.370          40.300                 559                 552                 552                 500.000   
3.380          40.191                 559                 558                 558                 500.000   
3.390          40.083                 559                 558                 558                 500.000   
3.400          39.976                 571                 570                 570                 500.000   
3.410          39.869                 583                 570                 570                 500.000   
3.420          39.762                 583                 570                 570                 500.000   
3.430          39.656                 583                 576                 576                 500.000   
3.440          39.551                 583                 576                 576                 500.000   
3.450          39.446                 583                 588                 588                 500.000   
3.460          39.342                 583                 591                 591                 500.000   
3.470          39.238                 583                 597                 597                 500.000   
3.480          39.135                 595                 597                 597                 500.000   
3.490          39.032                 595                 597                 597                 500.000   
3.500          38.930                 595                 597                 597                 500.000   
3.510          38.828                 595                 603                 603                 500.000   
3.520          38.727                 595                 609                 609                 500.000   
3.530          38.626                 595                 609                 609                 500.000   
3.540          38.526                 595                 609                 609                 500.000   
3.550          38.426                 613                 609                 609                 500.000   
3.560          38.327                 613                 615                 615                 500.000   
3.570          38.228                 625                 627                 627                 500.000   
3.580          38.130                 625                 627                 627                 500.000   
3.590          38.032                 637                 627                 627                 500.000   
3.600          37.935                 637                 627                 627                 500.000   
3.610          37.838                 637                 633                 633                 500.000   
3.620          37.742                 649                 633                 633                 500.000   
3.630          37.646                 649                 636                 636                 500.000   
3.640          37.551                 649                 636                 636                 500.000   
3.650          37.456                 649                 648                 648                 500.000   
3.660          37.361                 649                 648                 648                 500.000   
3.670          37.267                 649                 648                 648                 500.000   
3.680          37.174                 649                 654                 654                 500.000   
3.690          37.080                 661                 654                 654                 500.000   
3.700          36.988                 661                 660                 660                 500.000   
3.710          36.896                 673                 660                 660                 500.000   
3.720          36.804                 673                 672                 672                 500.000   
3.730          36.712                 673                 678                 678                 500.000   
3.740          36.621                 673                 690                 690                 500.000   
3.750          36.531                 673                 690                 690                 500.000   
3.760          36.441                 673                 690                 690                 500.000   
3.770          36.351                 685                 690                 690                 500.000   
3.780          36.262                 685                 690                 690                 500.000   
3.790          36.173                 685                 696                 696                 500.000   
3.800          36.085                 685                 696                 696                 500.000   
3.810          35.997                 691                 702                 702                 500.000   
3.820          35.909                 703                 702                 702                 500.000   
3.830          35.822                 703                 702                 702                 500.000   
3.840          35.736                 703                 702                 702                 500.000   
3.850          35.649                 721                 714                 714                 500.000   
3.860          35.563                 721                 720                 720                 500.000   
3.870          35.478                 721                 720                 720                 500.000   
3.880          35.393                 733                 720                 720                 500.000   
3.890          35.308                 733                 726                 726                 500.000   
3.900          35.224                 745                 732                 732                 500.000   
3.910          35.140                 745                 738                 738                 500.000   
3.920          35.056                 745                 738                 738                 500.000   
3.930          34.973                 745                 744                 744                 500.000   
3.940          34.890                 745                 744                 744                 500.000   
3.950          34.808                 745                 750                 750                 500.000   
3.960          34.726                 745                 750                 750                 500.000   
3.970          34.644                 757                 750                 750                 500.000   
3.980          34.563                 757                 753                 753                 500.000   
3.990          34.482                 757                 759                 759                 500.000   
4.000          34.401                 769                 765                 765                 500.000   
4.010          34.321                 769                 765                 765                 500.000   
4.020          34.241                 769                 783                 783                 500.000   
4.030          34.161                 769                 783                 783                 500.000   
4.040          34.082                 769                 789                 789                 500.000   
4.050          34.003                 769                 789                 789                 500.000   
4.060          33.925                 793                 789                 789                 500.000   
4.070          33.847                 793                 795                 795                 500.000   
4.080          33.769                 805                 795                 795                 500.000   
4.090          33.692                 805                 795                 795                 500.000   
4.100          33.615                 805                 801                 801                 500.000   
4.110          33.538                 805                 801                 801                 500.000   
4.120          33.462                 817                 801                 801                 500.000   
4.130          33.386                 817                 801                 801                 500.000   
4.140          33.310                 823                 807                 807                 500.000   
4.150          33.235                 823                 828                 828                 500.000   
4.160          33.159                 823                 828                 828                 500.000   
4.170          33.085                 835                 828                 828                 500.000   
4.180          33.010                 847                 834                 834                 500.000   
4.190          32.936                 847                 840                 840                 500.000   
4.200          32.863                 847                 840                 840                 500.000   
4.210          32.789                 847                 840                 840                 500.000   
4.220          32.716                 847                 846                 846                 500.000   
4.230          32.643                 847                 858                 858                 500.000   
4.240          32.571                 847                 858                 858                 500.000   
4.250          32.499                 847                 864                 864                 500.000   
4.260          32.427                 859                 864                 864                 500.000   
4.270          32.355                 859                 864                 864                 500.000   
4.280          32.284                 859                 864                 864                 500.000   
4.290          32.213                 859                 876                 876                 500.000   
4.300          32.142                 871                 882                 882                 500.000   
4.310          32.072                 877                 888                 888                 500.000   
4.320          32.002                 889                 888                 888                 500.000   
4.330          31.932                 889                 894                 894                 500.000   
4.340          31.863                 889                 894                 894                 500.000   
4.350          31.794                 913                 900                 900                 500.000   
4.360          31.725                 913                 900                 900                 500.000   
4.370          31.656                 913                 900                 900                 500.000   
4.380          31.588                 913                 906                 906                 500.000   
4.390          31.520                 913                 906                 906                 500.000   
4.400          31.452                 925                 912                 912                 500.000   
4.410          31.385                 925                 912                 912                 500.000   
4.420          31.318                 925                 924                 924                 500.000   
4.430          31.251                 925                 924                 924                 500.000   
4.440          31.184                 931                 930                 930                 500.000   
4.450          31.118                 931                 936                 936                 500.000   
4.460          31.052                 955                 942                 942                 500.000   
4.470          30.986                 955                 942                 942                 500.000   
4.480          30.920                 955                 951                 951                 500.000   
4.490          30.855                 955                 957                 957                 500.000   
4.500          30.790                 955                 957                 957                 500.000   
4.510          30.725                 955                 969                 969                 500.000   
4.520          30.661                 955                 975                 975                 500.000   
4.530          30.597                 955                 975                 975                 500.000   
4.540          30.533                 967                 975                 975                 500.000   
4.550          30.469                 967                 975                 975                 500.000   
4.560          30.406                 967                 981                 981                 500.000   
4.570          30.343                 979                 981                 981                 500.000   
4.580          30.280                 979                 993                 993                 500.000   
4.590          30.217                 1003                993                 993                 500.000   
4.600          30.155                 1003                999                 999                 500.000   
4.610          30.093                 1003                999                 999                 500.000   
4.620          30.031                 1015                1005                1005                500.000   
4.630          29.969                 1015                1011                1011                500.000   
4.640          29.908                 1027                1011                1011                500.000   
4.650          29.847                 1027                1014                1014                500.000   
4.660          29.786                 1027                1020                1020                500.000   
4.670          29.725                 1027                1026                1026                500.000   
4.680          29.665                 1039                1026                1026                500.000   
4.690          29.604                 1039                1032                1032                500.000   
4.700          29.544                 1039                1038                1038                500.000   
4.710          29.485                 1039                1038                1038                500.000   
4.720          29.425                 1039                1038                1038                500.000   
4.730          29.366                 1045                1050                1050                500.000   
4.740          29.307                 1057                1062                1062                500.000   
4.750          29.248                 1069                1062                1062                500.000   
4.760          29.190                 1069                1068                1068                500.000   
4.770          29.131                 1069                1074                1074                500.000   
4.780          29.073                 1069                1074                1074                500.000   
4.790          29.015                 1069                1086                1086                500.000   
4.800          28.958                 1069                1092                1092                500.000   
4.810          28.900                 1069                1092                1092                500.000   
4.820          28.843                 1075                1092                1092                500.000   
4.830          28.786                 1099                1092                1092                500.000   
4.840          28.730                 1099                1098                1098                500.000   
4.850          28.673                 1111                1098                1098                500.000   
4.860          28.617                 1111                1098                1098                500.000   
4.870          28.561                 1111                1110                1110                500.000   
4.880          28.505                 1123                1110                1110                500.000   
4.890          28.449                 1123                1116                1116                500.000   
4.900          28.394                 1135                1116                1116                500.000   
4.910          28.338                 1135                1134                1134                500.000   
4.920          28.283                 1135                1140                1140                500.000   
4.930          28.228                 1147                1140                1140                500.000   
4.940          28.174                 1147                1140                1140                500.000   
4.950          28.119                 1159                1140                1140                500.000   
4.960          28.065                 1159                1152                1152                500.000   
4.970          28.011                 1159                1152                1152                500.000   
4.980          27.957                 1159                1152                1152                500.000   
4.990          27.904                 1159                1161                1161                500.000   
5.000          27.850                 1159                1167                1167                500.000   
